,MSFT,AAPL,AMZN,FB,GOOGL,GOOG,JNJ,V,PG,JPM,HD,UNH,MA,NVDA,VZ,NFLX,ADBE,INTC,PYPL,T,PFE,CSCO,MRK,CMCSA,PEP,BAC,KO,XOM,WMT,ABT,CRM,ABBV,CVX,TMO,MCD,AMGN,COST,ACN,NEE,LLY,BMY,LIN,MDT,DHR,PM,TXN,NKE
MSFT,0.0,0.40807038728363687,0.37322360856054637,0.4691725584226728,0.35725449813253346,0.3702122160994571,0.5553817797871802,0.43511843432984465,0.5526715361367969,0.70143037043198,0.5155700320864519,0.6126131736778596,0.42130862421568105,0.34366395137191214,0.6702717661877732,0.49269458741922034,0.3487581761516151,0.5643667879647071,0.4001942218916179,0.6896349783250572,0.63897374468803,0.5663399161966097,0.5445815370042999,0.558963426442224,0.5358445164719633,0.6659738270602845,0.636834790292356,0.6877048041036072,0.5828255474191669,0.513330060390209,0.4717322458388785,0.5825385041786026,0.6725703446445793,0.44822816142551,0.636039096548595,0.4427502679808504,0.45649667501384084,0.48944488328387986,0.5903356569989017,0.6075500463892206,0.6377230182330164,0.5740809912996921,0.6032465206961841,0.48656222017222905,0.6944961613202383,0.39657616304469284,0.6859536474981728
AAPL,0.40807038728363687,0.0,0.40704797947087085,0.4325183687654123,0.5149206508362559,0.5198533122500337,0.6299494221863141,0.5662564208383866,0.5849577051004374,0.7042001972047472,0.5264063372653088,0.6371477106420218,0.5516386014666502,0.39100510804743066,0.6636328881334047,0.5163771890535457,0.4325713425775415,0.6051601473982318,0.456244424147059,0.6961654071547537,0.6577735622444816,0.5841787981495169,0.6095185703471254,0.6065982938997766,0.5627365691618377,0.6820218338371548,0.6888883640744927,0.6862186216802417,0.5961305458552731,0.6338315191567778,0.5488273908772086,0.6357642972239678,0.679435773707265,0.4921718844363178,0.6616193284817669,0.5740268654154781,0.4973131354788131,0.5516418024156202,0.6375826878752829,0.6972791831255888,0.6501885098572779,0.5696270687027195,0.6573450668717852,0.5077131595324624,0.7027274681698753,0.4623211743420617,0.6710112359695357
AMZN,0.37322360856054637,0.40704797947087085,0.0,0.41830664908879617,0.35491735025992655,0.3515428364390105,0.640743027645744,0.5172198668498718,0.5801459111596785,0.6749852927396762,0.556351835331493,0.6799154045878405,0.5068485727914628,0.426342205906738,0.6499265827696953,0.45897031840201985,0.33232756692121235,0.610611667192514,0.4158099197878152,0.6993910542665107,0.7027656689819746,0.5784072221871921,0.6763099624604484,0.5890669626395636,0.5584271200003399,0.705803250322631,0.6720394674226362,0.6640613348674181,0.6285364938983061,0.6408009207247594,0.49330213260197847,0.6853912199744857,0.6891391712122436,0.5094806658256611,0.6613547614624801,0.5390896455596073,0.48899497559783683,0.5317951195849102,0.5860089358167246,0.688463182380873,0.6939396222044992,0.6153071321154581,0.7017001835762268,0.5370652758489298,0.6542259947002976,0.41949479010700164,0.6890322290370691
FB,0.4691725584226728,0.4325183687654123,0.41830664908879617,0.0,0.4525574526751983,0.4488312999063644,0.6425450340936619,0.5612590036724244,0.6335151511066356,0.6763296503658591,0.5542156446197867,0.6686646164531057,0.562494196854099,0.5363649487694357,0.6220956120687788,0.4486718024159587,0.3498751569422425,0.6255678864738674,0.4900075864264097,0.6674885176386398,0.7026024419443602,0.5928319970230082,0.6309777316500161,0.5985353951164746,0.5646050028061718,0.6936927922108026,0.6451469838399031,0.6522690503740695,0.6751185725846629,0.6625789530385278,0.41755552787768674,0.6566935608111936,0.6606376767719048,0.5540313401218909,0.6417226335980033,0.544420659430507,0.5731148100362197,0.5394931494523972,0.6038978141455695,0.696875862305497,0.6453184775250035,0.5850091345659513,0.6408966516776201,0.5567786248611978,0.6933639539572087,0.5365452427238445,0.6777527090653659
GOOGL,0.35725449813253346,0.5149206508362559,0.35491735025992655,0.4525574526751983,0.0,0.05532201067098231,0.5604588188585471,0.4002127639745619,0.5157430929248619,0.6953216808360226,0.47195662129068233,0.6166440425156816,0.44482803682016453,0.4037351108266761,0.6027097881973472,0.466102380578647,0.3453010750126739,0.5635949245840122,0.45150677999361755,0.6503612687438092,0.6442506126904997,0.588283057897253,0.6147057042897012,0.5103084577351835,0.4863821325565769,0.6776664546618043,0.5523911764121612,0.6842018701295864,0.5918513380295426,0.5713176608476324,0.4977802290604373,0.6233112720243327,0.6608251635211657,0.45882838877553805,0.5616188341912496,0.4880858602911117,0.4842039989606607,0.4828934166052132,0.5267952511919335,0.6799070977549658,0.6515115105200298,0.5344161812931926,0.6271590378734595,0.5042654230100412,0.6738827597506224,0.3597756683321804,0.6668608487912739
GOOG,0.3702122160994571,0.5198533122500337,0.3515428364390105,0.4488312999063644,0.05532201067098231,0.0,0.5603946413385764,0.3987842268885709,0.5233336407637083,0.6818068494932421,0.4741476180052661,0.6090464559697994,0.4456688080804661,0.4154369944209231,0.5898081983228328,0.46117852546729565,0.34787856591315885,0.571277541444027,0.4661577858246975,0.639848622851039,0.6454605240236209,0.5938634573057455,0.6132721008101901,0.5008277904390562,0.48728314817288365,0.668756926799847,0.5438603044175807,0.6934470789179642,0.5938401906831334,0.5797785736902511,0.49543144716635074,0.6306452945966987,0.6528391326205586,0.46916768154809774,0.555223211093871,0.4957650357095374,0.48989062873304073,0.48152562517156516,0.5297246972271643,0.6767842098442927,0.6571801321842924,0.527977527642577,0.6260035220657106,0.5190990970513576,0.6670663465855065,0.3635283230368691,0.6601307609528749
JNJ,0.5553817797871802,0.6299494221863141,0.640743027645744,0.6425450340936619,0.5604588188585471,0.5603946413385764,0.0,0.5461286051916742,0.49455892626809994,0.6152473600405015,0.4909759984937545,0.4206535142002335,0.530407469856874,0.5473260556842272,0.5949405978975616,0.7008770662227871,0.6655535112475239,0.561170357336989,0.654733937111721,0.6065702231937393,0.4968389343584441,0.56805605224216,0.4443268350003109,0.6033837164635846,0.5230968353290111,0.6319533355637341,0.5500355227373092,0.6312531409811053,0.6802856669120706,0.4927130560194167,0.6720692460747366,0.4158176166846324,0.5919796524012638,0.4974702770319184,0.5790197529739383,0.4839483672597545,0.5731204293010632,0.5440823665771123,0.5695224609631837,0.5350295381548092,0.5360184121141656,0.5104961240639758,0.4924790065431119,0.52201150550942,0.6146758524628153,0.5422250860680058,0.6453611531670361
V,0.43511843432984465,0.5662564208383866,0.5172198668498718,0.5612590036724244,0.4002127639745619,0.3987842268885709,0.5461286051916742,0.0,0.5714901537031926,0.59134585311319,0.4713323136221897,0.5506219083393171,0.22497540360284346,0.4602705308476152,0.6177417453867038,0.607603924555096,0.464089708788889,0.5453913259958042,0.5171622811154509,0.6254841553654518,0.5740876915047176,0.5514345772852118,0.5515296587035894,0.5349284373445768,0.5313677053482119,0.5944877808230702,0.5182217244346324,0.6065802710211288,0.6292908348945195,0.5081100161635939,0.5548163256717242,0.561516802892419,0.5494703088545999,0.4723081000826881,0.4919716290333535,0.5022244471338793,0.5427413906734251,0.4522726992593913,0.5906587170111428,0.5950152365946039,0.5274235964236312,0.4671651660797656,0.5173979466046721,0.5187191038270205,0.6552236277657859,0.3726727117796308,0.6393069673774929
PG,0.5526715361367969,0.5849577051004374,0.5801459111596785,0.6335151511066356,0.5157430929248619,0.5233336407637083,0.49455892626809994,0.5714901537031926,0.0,0.6552997521606064,0.4879186621194202,0.5661142027752428,0.5713000478671163,0.4974484592923748,0.4893729782817948,0.6351407762334657,0.5983487280471063,0.575740070210017,0.5700622806132378,0.5707726889887944,0.5250578999606644,0.5965866471860417,0.5527646100089455,0.5691333231948142,0.4104040021445326,0.6397604996564428,0.5053986239815872,0.6738170323977262,0.5876081541033578,0.5736009783113759,0.6897171772203057,0.5642965524593515,0.6299087625499095,0.5469153788227724,0.6292309134917337,0.5440768302619892,0.5165282524177935,0.5562812698456551,0.47576280547290867,0.6592679297288246,0.5816469251740664,0.5493764760406036,0.6136824496963242,0.5282689231019653,0.5900323911881745,0.5410142431251108,0.7070200251835947
JPM,0.70143037043198,0.7042001972047472,0.6749852927396762,0.6763296503658591,0.6953216808360226,0.6818068494932421,0.6152473600405015,0.59134585311319,0.6552997521606064,0.0,0.6671019003891866,0.5317369911333616,0.5987062824471558,0.6734261020427068,0.6089457940124426,0.6643952926358428,0.650684919058487,0.6652156956882302,0.629932443473519,0.5241655551416557,0.6275700314842867,0.6651704215262783,0.6223451014736925,0.5863856483392904,0.581969431351712,0.23006421831920223,0.5077245421919416,0.4549561898106461,0.6968039889715745,0.6287699177839638,0.6551915586754198,0.6685901730946703,0.44518110069579886,0.6801924361651293,0.6639273128045519,0.6876017323822602,0.683792254695997,0.6436689527545776,0.6922450395701851,0.6773292426411569,0.5983713988866677,0.5640784330656379,0.5147492154787067,0.6726720855092824,0.5474465668400879,0.6526814354912603,0.626709323444351
HD,0.5155700320864519,0.5264063372653088,0.556351835331493,0.5542156446197867,0.47195662129068233,0.4741476180052661,0.4909759984937545,0.4713323136221897,0.4879186621194202,0.6671019003891866,0.0,0.5518963408667761,0.49466240207469797,0.42017732356453474,0.5368655049994947,0.5807535318970175,0.5394882729847633,0.6127760814983247,0.5621092518479303,0.5654056534190834,0.5747551437638362,0.5638847470189605,0.5539899024372207,0.5095721370423123,0.48976533851708576,0.6676333469924434,0.5390110802248728,0.6316049050124528,0.6126802647465618,0.5615120918147637,0.5740232458007559,0.4952144890744768,0.5466058232035399,0.42741651978169326,0.4677249731178945,0.5178281146023996,0.5317657154914308,0.47294291507950936,0.49474126899425,0.6224966861416411,0.5819479279527575,0.43018527628232894,0.5111709729840581,0.4581530676830307,0.5705391036500913,0.4451422940012068,0.6569792318483852
UNH,0.6126131736778596,0.6371477106420218,0.6799154045878405,0.6686646164531057,0.6166440425156816,0.6090464559697994,0.4206535142002335,0.5506219083393171,0.5661142027752428,0.5317369911333616,0.5518963408667761,0.0,0.563134982466213,0.575036454598434,0.5558950027496388,0.6870797362941693,0.6991396485214301,0.6167774630041347,0.6416629859579894,0.6156234814872446,0.5360495974017876,0.6399593413833876,0.5470269004534162,0.6412861515392222,0.54276891575842,0.5664761397563931,0.5635923621735653,0.5911596551262567,0.6786935303766571,0.5164225806270893,0.7008588482963224,0.5375362962297484,0.5456387079263819,0.5894530341126507,0.5804206769770098,0.5428634552376684,0.6527788533559991,0.6046742203977735,0.5858623297714513,0.5813092882575444,0.5566191006073293,0.5778221696586621,0.4695084181902628,0.5878620261068952,0.6571220229249396,0.5683180116136304,0.6642039779921268
MA,0.42130862421568105,0.5516386014666502,0.5068485727914628,0.562494196854099,0.44482803682016453,0.4456688080804661,0.530407469856874,0.22497540360284346,0.5713000478671163,0.5987062824471558,0.49466240207469797,0.563134982466213,0.0,0.47817523590065747,0.6563698665957638,0.6289398612871756,0.4955382202826035,0.5709403811557843,0.4758179812946054,0.6297856893719647,0.5901407001551702,0.5716658392495182,0.5455875782543359,0.5591969140832452,0.5549872041934824,0.599323922478869,0.5326305017080386,0.6200188821678397,0.655667655989447,0.49496405115294556,0.5644180891119784,0.5718994253595039,0.5890349618753178,0.4734523287817263,0.5043449536506426,0.526478752205799,0.5643215091137442,0.47356510309488115,0.615254331311921,0.6484116617421462,0.5562102818349918,0.4676308621285522,0.5182056952004211,0.5315329226654334,0.6693951857109277,0.42779211975754666,0.6472404595773185
NVDA,0.34366395137191214,0.39100510804743066,0.426342205906738,0.5363649487694357,0.4037351108266761,0.4154369944209231,0.5473260556842272,0.4602705308476152,0.4974484592923748,0.6734261020427068,0.42017732356453474,0.575036454598434,0.47817523590065747,0.0,0.6204122062290346,0.5424370256382479,0.417817088961523,0.5793395736344925,0.3896598742881569,0.6779395304008147,0.6431407563289372,0.5635168718663691,0.5907284790110382,0.5965364512352918,0.5034117000983481,0.7018950708640022,0.6397534608695878,0.7004000086515868,0.5251914351614994,0.5571781373820262,0.5690371057541108,0.5488802940709938,0.6595124254039065,0.3982121383423633,0.5975589088766956,0.4851769364256976,0.3911176380814777,0.49184047398411757,0.5285617215003245,0.6320331687756552,0.6434189580686407,0.5407522207291132,0.622005544419234,0.42526828890997637,0.6920769781006679,0.3460829052833861,0.6790854875036698
VZ,0.6702717661877732,0.6636328881334047,0.6499265827696953,0.6220956120687788,0.6027097881973472,0.5898081983228328,0.5949405978975616,0.6177417453867038,0.4893729782817948,0.6089457940124426,0.5368655049994947,0.5558950027496388,0.6563698665957638,0.6204122062290346,0.0,0.675086729120653,0.6759095592245254,0.6962787313501263,0.6993801725029043,0.4919543888100287,0.6264096460244285,0.6274327525545114,0.5962042115088989,0.5384117251140911,0.533209738422441,0.6344121948126494,0.4992635349938395,0.5862438907679515,0.6557838001527452,0.6550559429749848,0.698775235983098,0.5962411132455522,0.5835544681698484,0.6863966586355573,0.5872727632802354,0.6102450591550121,0.6206034825603258,0.6120268752757814,0.4667210117040729,0.5940323212974162,0.6490698443878242,0.5876850837769406,0.5835975344983853,0.6943203378344475,0.5943358666282265,0.5627877603532079,0.6717715677239934
NFLX,0.49269458741922034,0.5163771890535457,0.45897031840201985,0.4486718024159587,0.466102380578647,0.46117852546729565,0.7008770662227871,0.607603924555096,0.6351407762334657,0.6643952926358428,0.5807535318970175,0.6870797362941693,0.6289398612871756,0.5424370256382479,0.675086729120653,0.0,0.3843743750526396,0.6339821269763172,0.5671159883484276,0.6397068721788166,0.6625869518086236,0.6543671399458013,0.6954295310432983,0.5452308743432766,0.5805345511960462,0.6947710065619115,0.6884914964808666,0.6771907536382655,0.5918666634774321,0.7014699402648377,0.4125819378655427,0.7008510627317032,0.686666667819484,0.6078920499515761,0.6768537755590139,0.6173750736426066,0.5564576084417466,0.606078087545322,0.6104459030257203,0.6900683821978884,0.6410116532941784,0.6573476986859467,0.6667978976679889,0.6129540201718856,0.6971053227904259,0.5477803114875471,0.6970340718774111
ADBE,0.3487581761516151,0.4325713425775415,0.33232756692121235,0.3498751569422425,0.3453010750126739,0.34787856591315885,0.6655535112475239,0.464089708788889,0.5983487280471063,0.650684919058487,0.5394882729847633,0.6991396485214301,0.4955382202826035,0.417817088961523,0.6759095592245254,0.3843743750526396,0.0,0.5933431715692685,0.4014285674997349,0.6983162378077667,0.6905976594322063,0.5910210250104013,0.6646409405307875,0.5802690007580772,0.5601015355757738,0.6795575984048055,0.658931051726467,0.6328239933816571,0.6315553279840697,0.629076311134592,0.3392278752842017,0.6630569609875953,0.6702103565866695,0.49979253582945143,0.6606120955823408,0.5325881392656067,0.5373856826985612,0.4975793440538279,0.6014264598427626,0.6894540286529428,0.6757732189097915,0.591955955032759,0.6755841744852106,0.5046747395708919,0.6818781161526045,0.44096103471497966,0.6870231698287789
INTC,0.5643667879647071,0.6051601473982318,0.610611667192514,0.6255678864738674,0.5635949245840122,0.571277541444027,0.561170357336989,0.5453913259958042,0.575740070210017,0.6652156956882302,0.6127760814983247,0.6167774630041347,0.5709403811557843,0.5793395736344925,0.6962787313501263,0.6339821269763172,0.5933431715692685,0.0,0.6310361788396375,0.5702267389907917,0.5862385878995064,0.5632572093946138,0.5947746732674051,0.6738282491029324,0.5534855839761037,0.6508146009892765,0.6234405142002294,0.6627486583177803,0.642827345791074,0.5953353679837936,0.6518394776080548,0.6098962868424156,0.6312777057742099,0.5630331636218803,0.6518980560354586,0.5367403550677894,0.5817202755918768,0.5975231734401291,0.60532119063323,0.6294649010887007,0.5396358838220567,0.6124627520277076,0.6536832914561114,0.5539653148010416,0.7014514771799708,0.5740776101539427,0.6846692486713861
PYPL,0.4001942218916179,0.456244424147059,0.4158099197878152,0.4900075864264097,0.45150677999361755,0.4661577858246975,0.654733937111721,0.5171622811154509,0.5700622806132378,0.629932443473519,0.5621092518479303,0.6416629859579894,0.4758179812946054,0.3896598742881569,0.6993801725029043,0.5671159883484276,0.4014285674997349,0.6310361788396375,0.0,0.6763744106671132,0.6810854606316368,0.6187004191462435,0.6656824841030093,0.658053427270649,0.5750940281733815,0.6468045973069309,0.7022828229384198,0.6311278244947376,0.6186290250134311,0.5490681309328939,0.5239292125148667,0.6513392828660722,0.6775178982990105,0.48501032116112075,0.6723228039992757,0.5840273677386548,0.5173314191943374,0.5072054632113504,0.6117696592500503,0.6928244850509929,0.6877392589614216,0.609319733173519,0.6660077905525451,0.48943757046659614,0.6625296541030468,0.5105521048164827,0.6960729974726529
T,0.6896349783250572,0.6961654071547537,0.6993910542665107,0.6674885176386398,0.6503612687438092,0.639848622851039,0.6065702231937393,0.6254841553654518,0.5707726889887944,0.5241655551416557,0.5654056534190834,0.6156234814872446,0.6297856893719647,0.6779395304008147,0.4919543888100287,0.6397068721788166,0.6983162378077667,0.5702267389907917,0.6763744106671132,0.0,0.6249716882320518,0.6078834329894947,0.6470870116750247,0.5865616990489113,0.5716270780466601,0.532622128746124,0.532255786892065,0.4967857183740198,0.6624062075822557,0.6878826579433545,0.7033958446791493,0.6693534991946487,0.5004470063901599,0.7058825335729464,0.6100996976233195,0.678364436510185,0.6239034549869319,0.6280896351191583,0.5609589820340874,0.6590816018234127,0.6341337760892534,0.5916687131911167,0.625971817223599,0.7040406885222994,0.5524836440555645,0.6288761753344697,0.6781332371713336
PFE,0.63897374468803,0.6577735622444816,0.7027656689819746,0.7026024419443602,0.6442506126904997,0.6454605240236209,0.4968389343584441,0.5740876915047176,0.5250578999606644,0.6275700314842867,0.5747551437638362,0.5360495974017876,0.5901407001551702,0.6431407563289372,0.6264096460244285,0.6625869518086236,0.6905976594322063,0.5862385878995064,0.6810854606316368,0.6249716882320518,0.0,0.6206028662411951,0.534769229877099,0.6367240947362699,0.5467338848917097,0.61771612002745,0.5406370640834166,0.6589009242459042,0.6909342347641715,0.5504765295978478,0.6748706322059224,0.5379456551681923,0.6251644168516725,0.5909081222916869,0.6113772007027833,0.5728525421105559,0.6645668991414887,0.5967086713438529,0.6050148803331974,0.5904876764280726,0.5124509167993584,0.6072980821969597,0.535512563465973,0.5855425257530167,0.639346875108592,0.6740944350292377,0.699070724469383
CSCO,0.5663399161966097,0.5841787981495169,0.5784072221871921,0.5928319970230082,0.588283057897253,0.5938634573057455,0.56805605224216,0.5514345772852118,0.5965866471860417,0.6651704215262783,0.5638847470189605,0.6399593413833876,0.5716658392495182,0.5635168718663691,0.6274327525545114,0.6543671399458013,0.5910210250104013,0.5632572093946138,0.6187004191462435,0.6078834329894947,0.6206028662411951,0.0,0.649322926475524,0.6091866838296833,0.5785683324277132,0.6252110860800485,0.6236677729235431,0.6150917606236495,0.6734011501527913,0.5906586384436673,0.6328495751352448,0.5903409681137851,0.6278779939964295,0.5456293369997971,0.6187985465053585,0.5676959160124381,0.572090089415115,0.5737074766501055,0.6235016460985712,0.6429468937294579,0.5979523960850155,0.5816145241135556,0.5894912128929477,0.5535208064605686,0.6458552430699553,0.506708948676062,0.6980862665049392
MRK,0.5445815370042999,0.6095185703471254,0.6763099624604484,0.6309777316500161,0.6147057042897012,0.6132721008101901,0.4443268350003109,0.5515296587035894,0.5527646100089455,0.6223451014736925,0.5539899024372207,0.5470269004534162,0.5455875782543359,0.5907284790110382,0.5962042115088989,0.6954295310432983,0.6646409405307875,0.5947746732674051,0.6656824841030093,0.6470870116750247,0.534769229877099,0.649322926475524,0.0,0.6135438603491582,0.5657331707104861,0.6196882686788199,0.5703491996930546,0.5911863185515189,0.6990989192697274,0.5457484096096427,0.6681841511352785,0.4630445044139637,0.5778005896821898,0.5325737764207628,0.618561105976147,0.4469339293093607,0.6248299730485263,0.5717638544537448,0.6785714569786055,0.4990372937579395,0.48818587140603015,0.4838634890021381,0.489558531146416,0.5565766124245399,0.6217501587198422,0.5614162282034652,0.6726051272012397
CMCSA,0.558963426442224,0.6065982938997766,0.5890669626395636,0.5985353951164746,0.5103084577351835,0.5008277904390562,0.6033837164635846,0.5349284373445768,0.5691333231948142,0.5863856483392904,0.5095721370423123,0.6412861515392222,0.5591969140832452,0.5965364512352918,0.5384117251140911,0.5452308743432766,0.5802690007580772,0.6738282491029324,0.658053427270649,0.5865616990489113,0.6367240947362699,0.6091866838296833,0.6135438603491582,0.0,0.5048009977396897,0.5863037234013594,0.5032005498044452,0.5662754156215654,0.6090786759091021,0.6415460507615524,0.5995470091295512,0.5937063402789938,0.5300098735352146,0.6316167366811752,0.5596463963578934,0.5898251757285357,0.5893902840092284,0.5781355838294826,0.5773343802912686,0.6662588535010467,0.5964693847490916,0.55018622356438,0.5563284774326661,0.6335652787686257,0.5408271705392592,0.5045507841852039,0.663389943230006
PEP,0.5358445164719633,0.5627365691618377,0.5584271200003399,0.5646050028061718,0.4863821325565769,0.48728314817288365,0.5230968353290111,0.5313677053482119,0.4104040021445326,0.581969431351712,0.48976533851708576,0.54276891575842,0.5549872041934824,0.5034117000983481,0.533209738422441,0.5805345511960462,0.5601015355757738,0.5534855839761037,0.5750940281733815,0.5716270780466601,0.5467338848917097,0.5785683324277132,0.5657331707104861,0.5048009977396897,0.0,0.5978967299618493,0.4466897773296957,0.6087654424015139,0.5906848758429106,0.562955810666951,0.6302521252591164,0.5289302079947023,0.5630174089477437,0.5468072730426423,0.575891597273485,0.4994869461844236,0.5059082470857735,0.5155376137673395,0.5001129317827177,0.6720501882614089,0.569980765505683,0.5277283890661201,0.5616985351386874,0.5294934868438298,0.5275886869514377,0.5036764046406783,0.6757671013027317
BAC,0.6659738270602845,0.6820218338371548,0.705803250322631,0.6936927922108026,0.6776664546618043,0.668756926799847,0.6319533355637341,0.5944877808230702,0.6397604996564428,0.23006421831920223,0.6676333469924434,0.5664761397563931,0.599323922478869,0.7018950708640022,0.6344121948126494,0.6947710065619115,0.6795575984048055,0.6508146009892765,0.6468045973069309,0.532622128746124,0.61771612002745,0.6252110860800485,0.6196882686788199,0.5863037234013594,0.5978967299618493,0.0,0.5184127454213472,0.4321698392368945,0.6908526403000644,0.6539049809788823,0.6698916317484949,0.6850192826856436,0.43068212799672656,0.6938407260693737,0.6646875114591968,0.6838662301709406,0.7046707317183,0.6490701501630222,0.6974666165199479,0.6675876904064034,0.6259231092691461,0.5797985143102624,0.5371340844850822,0.6941860645111549,0.5591730264993403,0.6382979892368822,0.6530657059954619
KO,0.636834790292356,0.6888883640744927,0.6720394674226362,0.6451469838399031,0.5523911764121612,0.5438603044175807,0.5500355227373092,0.5182217244346324,0.5053986239815872,0.5077245421919416,0.5390110802248728,0.5635923621735653,0.5326305017080386,0.6397534608695878,0.4992635349938395,0.6884914964808666,0.658931051726467,0.6234405142002294,0.7022828229384198,0.532255786892065,0.5406370640834166,0.6236677729235431,0.5703491996930546,0.5032005498044452,0.4466897773296957,0.5184127454213472,0.0,0.5254558250841996,0.6470297348238472,0.6027608912697461,0.7052145228506976,0.5842492683934878,0.4742329599792607,0.6096467432649909,0.48598890297976094,0.598548572184557,0.6463793703944509,0.5831762620404313,0.5457518545113242,0.6379819354840318,0.5734098806608788,0.4668917498451102,0.5073674448949888,0.6567728281071763,0.4707381681160113,0.5862520317949809,0.6694687344501365
XOM,0.6877048041036072,0.6862186216802417,0.6640613348674181,0.6522690503740695,0.6842018701295864,0.6934470789179642,0.6312531409811053,0.6065802710211288,0.6738170323977262,0.4549561898106461,0.6316049050124528,0.5911596551262567,0.6200188821678397,0.7004000086515868,0.5862438907679515,0.6771907536382655,0.6328239933816571,0.6627486583177803,0.6311278244947376,0.4967857183740198,0.6589009242459042,0.6150917606236495,0.5911863185515189,0.5662754156215654,0.6087654424015139,0.4321698392368945,0.5254558250841996,0.0,0.6972792844535041,0.6984932500676414,0.6537506750949,0.6616388200695038,0.24741306387154038,0.696612071567629,0.5621917371269889,0.6829642153215552,0.7011049849555939,0.6657725957286952,0.6976733703775001,0.598654958068063,0.619275956124616,0.5445568183720129,0.5561655745833469,0.7070887699853983,0.4688523706242701,0.6098125718982533,0.6801249133944377
WMT,0.5828255474191669,0.5961305458552731,0.6285364938983061,0.6751185725846629,0.5918513380295426,0.5938401906831334,0.6802856669120706,0.6292908348945195,0.5876081541033578,0.6968039889715745,0.6126802647465618,0.6786935303766571,0.655667655989447,0.5251914351614994,0.6557838001527452,0.5918666634774321,0.6315553279840697,0.642827345791074,0.6186290250134311,0.6624062075822557,0.6909342347641715,0.6734011501527913,0.6990989192697274,0.6090786759091021,0.5906848758429106,0.6908526403000644,0.6470297348238472,0.6972792844535041,0.0,0.6218087763862454,0.6620194379731196,0.6952378440021636,0.6613166460246702,0.6570367626181626,0.6861155440000799,0.6210931818287821,0.4632783131062154,0.6441983048411605,0.6339195632896695,0.6998383793081426,0.6836778803231834,0.5857789038596161,0.6688771840661545,0.6649092150224251,0.6173544227196688,0.5498845300626033,0.6750081652216858
ABT,0.513330060390209,0.6338315191567778,0.6408009207247594,0.6625789530385278,0.5713176608476324,0.5797785736902511,0.4927130560194167,0.5081100161635939,0.5736009783113759,0.6287699177839638,0.5615120918147637,0.5164225806270893,0.49496405115294556,0.5571781373820262,0.6550559429749848,0.7014699402648377,0.629076311134592,0.5953353679837936,0.5490681309328939,0.6878826579433545,0.5504765295978478,0.5906586384436673,0.5457484096096427,0.6415460507615524,0.562955810666951,0.6539049809788823,0.6027608912697461,0.6984932500676414,0.6218087763862454,0.0,0.6174579372360849,0.4842691728115227,0.6526606193011716,0.514846227707682,0.6427818155373602,0.48468098643579083,0.6010360933380225,0.4868261183482675,0.5934868096417623,0.5944165783135693,0.5574648799104163,0.5638396534140393,0.46317012150550724,0.5256976934214473,0.6939064761554489,0.5759034795908042,0.6892652559413176
CRM,0.4717322458388785,0.5488273908772086,0.49330213260197847,0.41755552787768674,0.4977802290604373,0.49543144716635074,0.6720692460747366,0.5548163256717242,0.6897171772203057,0.6551915586754198,0.5740232458007559,0.7008588482963224,0.5644180891119784,0.5690371057541108,0.698775235983098,0.4125819378655427,0.3392278752842017,0.6518394776080548,0.5239292125148667,0.7033958446791493,0.6748706322059224,0.6328495751352448,0.6681841511352785,0.5995470091295512,0.6302521252591164,0.6698916317484949,0.7052145228506976,0.6537506750949,0.6620194379731196,0.6174579372360849,0.0,0.6646966747216417,0.6872715293672721,0.5749911966532122,0.6719049838143688,0.5900406425686103,0.6197471333407184,0.5798729831350279,0.6933693287686805,0.6741917476568645,0.703092339912115,0.622671373261507,0.6414762365519271,0.5917584885522363,0.6884031376928611,0.5702400212724372,0.6897341688558246
ABBV,0.5825385041786026,0.6357642972239678,0.6853912199744857,0.6566935608111936,0.6233112720243327,0.6306452945966987,0.4158176166846324,0.561516802892419,0.5642965524593515,0.6685901730946703,0.4952144890744768,0.5375362962297484,0.5718994253595039,0.5488802940709938,0.5962411132455522,0.7008510627317032,0.6630569609875953,0.6098962868424156,0.6513392828660722,0.6693534991946487,0.5379456551681923,0.5903409681137851,0.4630445044139637,0.5937063402789938,0.5289302079947023,0.6850192826856436,0.5842492683934878,0.6616388200695038,0.6952378440021636,0.4842691728115227,0.6646966747216417,0.0,0.6215069948252565,0.5201463457909183,0.6090019277721803,0.4697016968825297,0.6290240185262705,0.5259648506273132,0.58881589260647,0.5257218993184194,0.5069796150731021,0.5715107479304037,0.47899056555653374,0.5345739244589471,0.6372392208727345,0.5703400891200532,0.6709092399862977
CVX,0.6725703446445793,0.679435773707265,0.6891391712122436,0.6606376767719048,0.6608251635211657,0.6528391326205586,0.5919796524012638,0.5494703088545999,0.6299087625499095,0.44518110069579886,0.5466058232035399,0.5456387079263819,0.5890349618753178,0.6595124254039065,0.5835544681698484,0.686666667819484,0.6702103565866695,0.6312777057742099,0.6775178982990105,0.5004470063901599,0.6251644168516725,0.6278779939964295,0.5778005896821898,0.5300098735352146,0.5630174089477437,0.43068212799672656,0.4742329599792607,0.24741306387154038,0.6613166460246702,0.6526606193011716,0.6872715293672721,0.6215069948252565,0.0,0.66758347163633,0.5274596439149305,0.6721181909122541,0.6535136877604004,0.6195060341151989,0.6728159044963419,0.5968564652068555,0.5941167763312943,0.5070024036945872,0.5230764052594942,0.6714606578809598,0.4498630471692439,0.5728190092202485,0.6791716212467611
TMO,0.44822816142551,0.4921718844363178,0.5094806658256611,0.5540313401218909,0.45882838877553805,0.46916768154809774,0.4974702770319184,0.4723081000826881,0.5469153788227724,0.6801924361651293,0.42741651978169326,0.5894530341126507,0.4734523287817263,0.3982121383423633,0.6863966586355573,0.6078920499515761,0.49979253582945143,0.5630331636218803,0.48501032116112075,0.7058825335729464,0.5909081222916869,0.5456293369997971,0.5325737764207628,0.6316167366811752,0.5468072730426423,0.6938407260693737,0.6096467432649909,0.696612071567629,0.6570367626181626,0.514846227707682,0.5749911966532122,0.5201463457909183,0.66758347163633,0.0,0.5541048454770628,0.4677802533358928,0.5278378024075502,0.4441486125665365,0.6000371110694246,0.6306716135992738,0.6132223546681873,0.46132908712802007,0.5997612085482726,0.27882348786176836,0.7062679205306219,0.4761142427405263,0.6345436904761903
MCD,0.636039096548595,0.6616193284817669,0.6613547614624801,0.6417226335980033,0.5616188341912496,0.555223211093871,0.5790197529739383,0.4919716290333535,0.6292309134917337,0.6639273128045519,0.4677249731178945,0.5804206769770098,0.5043449536506426,0.5975589088766956,0.5872727632802354,0.6768537755590139,0.6606120955823408,0.6518980560354586,0.6723228039992757,0.6100996976233195,0.6113772007027833,0.6187985465053585,0.618561105976147,0.5596463963578934,0.575891597273485,0.6646875114591968,0.48598890297976094,0.5621917371269889,0.6861155440000799,0.6427818155373602,0.6719049838143688,0.6090019277721803,0.5274596439149305,0.5541048454770628,0.0,0.6541203722510123,0.618324611881729,0.5833195581868698,0.6013439288296597,0.6464303135645093,0.6494931629609697,0.5479231814391298,0.5815339093826359,0.5952701989804075,0.5821193410869214,0.558309222971429,0.6645595414211874
AMGN,0.4427502679808504,0.5740268654154781,0.5390896455596073,0.544420659430507,0.4880858602911117,0.4957650357095374,0.4839483672597545,0.5022244471338793,0.5440768302619892,0.6876017323822602,0.5178281146023996,0.5428634552376684,0.526478752205799,0.4851769364256976,0.6102450591550121,0.6173750736426066,0.5325881392656067,0.5367403550677894,0.5840273677386548,0.678364436510185,0.5728525421105559,0.5676959160124381,0.4469339293093607,0.5898251757285357,0.4994869461844236,0.6838662301709406,0.598548572184557,0.6829642153215552,0.6210931818287821,0.48468098643579083,0.5900406425686103,0.4697016968825297,0.6721181909122541,0.4677802533358928,0.6541203722510123,0.0,0.5285694753410487,0.5000903567002761,0.6052191121088573,0.5519655916449993,0.49756451072039876,0.5517727666402268,0.5238621048036365,0.48373388193284644,0.7050634758819728,0.4593101293871552,0.6955738754777157
COST,0.45649667501384084,0.4973131354788131,0.48899497559783683,0.5731148100362197,0.4842039989606607,0.48989062873304073,0.5731204293010632,0.5427413906734251,0.5165282524177935,0.683792254695997,0.5317657154914308,0.6527788533559991,0.5643215091137442,0.3911176380814777,0.6206034825603258,0.5564576084417466,0.5373856826985612,0.5817202755918768,0.5173314191943374,0.6239034549869319,0.6645668991414887,0.572090089415115,0.6248299730485263,0.5893902840092284,0.5059082470857735,0.7046707317183,0.6463793703944509,0.7011049849555939,0.4632783131062154,0.6010360933380225,0.6197471333407184,0.6290240185262705,0.6535136877604004,0.5278378024075502,0.618324611881729,0.5285694753410487,0.0,0.5170145298162291,0.5648675141836869,0.6460492052881956,0.6555851411749332,0.5587335815612088,0.6992519087102012,0.5475899118529045,0.6530994325313715,0.42766773702502464,0.6671214565796008
ACN,0.48944488328387986,0.5516418024156202,0.5317951195849102,0.5394931494523972,0.4828934166052132,0.48152562517156516,0.5440823665771123,0.4522726992593913,0.5562812698456551,0.6436689527545776,0.47294291507950936,0.6046742203977735,0.47356510309488115,0.49184047398411757,0.6120268752757814,0.606078087545322,0.4975793440538279,0.5975231734401291,0.5072054632113504,0.6280896351191583,0.5967086713438529,0.5737074766501055,0.5717638544537448,0.5781355838294826,0.5155376137673395,0.6490701501630222,0.5831762620404313,0.6657725957286952,0.6441983048411605,0.4868261183482675,0.5798729831350279,0.5259648506273132,0.6195060341151989,0.4441486125665365,0.5833195581868698,0.5000903567002761,0.5170145298162291,0.0,0.5902766478129448,0.6207204143954125,0.5767847006375539,0.5148139339703295,0.541715631692761,0.47435415935866365,0.6775734267941329,0.48637534562709167,0.6301984105560718
NEE,0.5903356569989017,0.6375826878752829,0.5860089358167246,0.6038978141455695,0.5267952511919335,0.5297246972271643,0.5695224609631837,0.5906587170111428,0.47576280547290867,0.6922450395701851,0.49474126899425,0.5858623297714513,0.615254331311921,0.5285617215003245,0.4667210117040729,0.6104459030257203,0.6014264598427626,0.60532119063323,0.6117696592500503,0.5609589820340874,0.6050148803331974,0.6235016460985712,0.6785714569786055,0.5773343802912686,0.5001129317827177,0.6974666165199479,0.5457518545113242,0.6976733703775001,0.6339195632896695,0.5934868096417623,0.6933693287686805,0.58881589260647,0.6728159044963419,0.6000371110694246,0.6013439288296597,0.6052191121088573,0.5648675141836869,0.5902766478129448,0.0,0.6516361370099937,0.663286401161455,0.5970926006476995,0.6247103579042754,0.5838334283000005,0.6243299636264207,0.5590238868965509,0.6995974941387568
LLY,0.6075500463892206,0.6972791831255888,0.688463182380873,0.696875862305497,0.6799070977549658,0.6767842098442927,0.5350295381548092,0.5950152365946039,0.6592679297288246,0.6773292426411569,0.6224966861416411,0.5813092882575444,0.6484116617421462,0.6320331687756552,0.5940323212974162,0.6900683821978884,0.6894540286529428,0.6294649010887007,0.6928244850509929,0.6590816018234127,0.5904876764280726,0.6429468937294579,0.4990372937579395,0.6662588535010467,0.6720501882614089,0.6675876904064034,0.6379819354840318,0.598654958068063,0.6998383793081426,0.5944165783135693,0.6741917476568645,0.5257218993184194,0.5968564652068555,0.6306716135992738,0.6464303135645093,0.5519655916449993,0.6460492052881956,0.6207204143954125,0.6516361370099937,0.0,0.5811698485768235,0.6328278427455153,0.5388214920376055,0.6313075138979188,0.6705570231749627,0.5933402656819139,0.7025761722334634
BMY,0.6377230182330164,0.6501885098572779,0.6939396222044992,0.6453184775250035,0.6515115105200298,0.6571801321842924,0.5360184121141656,0.5274235964236312,0.5816469251740664,0.5983713988866677,0.5819479279527575,0.5566191006073293,0.5562102818349918,0.6434189580686407,0.6490698443878242,0.6410116532941784,0.6757732189097915,0.5396358838220567,0.6877392589614216,0.6341337760892534,0.5124509167993584,0.5979523960850155,0.48818587140603015,0.5964693847490916,0.569980765505683,0.6259231092691461,0.5734098806608788,0.619275956124616,0.6836778803231834,0.5574648799104163,0.703092339912115,0.5069796150731021,0.5941167763312943,0.6132223546681873,0.6494931629609697,0.49756451072039876,0.6555851411749332,0.5767847006375539,0.663286401161455,0.5811698485768235,0.0,0.5849447136447133,0.5152172969876617,0.583004049687781,0.6357217284880821,0.5961615496468543,0.6354657109072369
LIN,0.5740809912996921,0.5696270687027195,0.6153071321154581,0.5850091345659513,0.5344161812931926,0.527977527642577,0.5104961240639758,0.4671651660797656,0.5493764760406036,0.5640784330656379,0.43018527628232894,0.5778221696586621,0.4676308621285522,0.5407522207291132,0.5876850837769406,0.6573476986859467,0.591955955032759,0.6124627520277076,0.609319733173519,0.5916687131911167,0.6072980821969597,0.5816145241135556,0.4838634890021381,0.55018622356438,0.5277283890661201,0.5797985143102624,0.4668917498451102,0.5445568183720129,0.5857789038596161,0.5638396534140393,0.622671373261507,0.5715107479304037,0.5070024036945872,0.46132908712802007,0.5479231814391298,0.5517727666402268,0.5587335815612088,0.5148139339703295,0.5970926006476995,0.6328278427455153,0.5849447136447133,0.0,0.4714537263934509,0.4941126256245531,0.5233282478587359,0.4797566394806295,0.6341864108215423
MDT,0.6032465206961841,0.6573450668717852,0.7017001835762268,0.6408966516776201,0.6271590378734595,0.6260035220657106,0.4924790065431119,0.5173979466046721,0.6136824496963242,0.5147492154787067,0.5111709729840581,0.4695084181902628,0.5182056952004211,0.622005544419234,0.5835975344983853,0.6667978976679889,0.6755841744852106,0.6536832914561114,0.6660077905525451,0.625971817223599,0.535512563465973,0.5894912128929477,0.489558531146416,0.5563284774326661,0.5616985351386874,0.5371340844850822,0.5073674448949888,0.5561655745833469,0.6688771840661545,0.46317012150550724,0.6414762365519271,0.47899056555653374,0.5230764052594942,0.5997612085482726,0.5815339093826359,0.5238621048036365,0.6992519087102012,0.541715631692761,0.6247103579042754,0.5388214920376055,0.5152172969876617,0.4714537263934509,0.0,0.5849600114954344,0.5637734460312811,0.5774056617912072,0.6520882227195879
DHR,0.48656222017222905,0.5077131595324624,0.5370652758489298,0.5567786248611978,0.5042654230100412,0.5190990970513576,0.52201150550942,0.5187191038270205,0.5282689231019653,0.6726720855092824,0.4581530676830307,0.5878620261068952,0.5315329226654334,0.42526828890997637,0.6943203378344475,0.6129540201718856,0.5046747395708919,0.5539653148010416,0.48943757046659614,0.7040406885222994,0.5855425257530167,0.5535208064605686,0.5565766124245399,0.6335652787686257,0.5294934868438298,0.6941860645111549,0.6567728281071763,0.7070887699853983,0.6649092150224251,0.5256976934214473,0.5917584885522363,0.5345739244589471,0.6714606578809598,0.27882348786176836,0.5952701989804075,0.48373388193284644,0.5475899118529045,0.47435415935866365,0.5838334283000005,0.6313075138979188,0.583004049687781,0.4941126256245531,0.5849600114954344,0.0,0.6851508007152534,0.4950674752796027,0.6568467380838078
PM,0.6944961613202383,0.7027274681698753,0.6542259947002976,0.6933639539572087,0.6738827597506224,0.6670663465855065,0.6146758524628153,0.6552236277657859,0.5900323911881745,0.5474465668400879,0.5705391036500913,0.6571220229249396,0.6693951857109277,0.6920769781006679,0.5943358666282265,0.6971053227904259,0.6818781161526045,0.7014514771799708,0.6625296541030468,0.5524836440555645,0.639346875108592,0.6458552430699553,0.6217501587198422,0.5408271705392592,0.5275886869514377,0.5591730264993403,0.4707381681160113,0.4688523706242701,0.6173544227196688,0.6939064761554489,0.6884031376928611,0.6372392208727345,0.4498630471692439,0.7062679205306219,0.5821193410869214,0.7050634758819728,0.6530994325313715,0.6775734267941329,0.6243299636264207,0.6705570231749627,0.6357217284880821,0.5233282478587359,0.5637734460312811,0.6851508007152534,0.0,0.6496820088572852,0.6709416881809549
