,MSFT,AAPL,AMZN,FB,GOOGL,GOOG,JNJ,V,PG,JPM,HD,UNH,MA,NVDA,VZ,NFLX,ADBE,INTC,PYPL,T,PFE,CSCO,MRK,CMCSA,PEP,BAC,KO,XOM,WMT,ABT,CRM,ABBV,CVX,TMO,MCD,AMGN,COST,ACN,NEE,LLY,BMY,LIN,MDT,DHR,PM,TXN,NKE
MSFT,0.0,0.431842657210268,0.34067048737605804,0.47274214846924884,0.31608994486975467,0.30381491304829206,0.45817980205454384,0.33472500680021183,0.5860237185970693,0.3988103318600825,0.42956852383266203,0.5014634143146909,0.3861365704257862,0.35627770735046266,0.5449535117844622,0.4000771608170929,0.27309502886491677,0.3575741633926604,0.43345549301563263,0.6293309872729312,0.4881034798811973,0.2974735513436182,0.5408579495603123,0.5734821064321027,0.5675251559483673,0.3718086026644383,0.5203660464718575,0.5395938985605436,0.5254944780275008,0.35202096038922515,0.37295837426167744,0.5200974215409548,0.488016564313024,0.4331803096608494,0.6159137181878913,0.4198339824255075,0.3995914091075937,0.353556285527249,0.6184931028616268,0.4641132603336018,0.5630045227870618,0.41537087214380775,0.4107792060614783,0.36764536661870456,0.6320160903124161,0.369878579803419,0.4995327478000442
AAPL,0.431842657210268,0.0,0.4970282135385702,0.5488890886011939,0.4525553149256367,0.44199063165845925,0.5596779219758365,0.4635013976278389,0.5760763026286463,0.5138680221303007,0.5213802894602128,0.5774024020553354,0.3624845189474809,0.4525798450684069,0.6757412312457723,0.4734104539715117,0.44313964936992445,0.4748756516104227,0.5328596809572035,0.6328484247229315,0.6223521168456896,0.4672371874057509,0.6241117396773533,0.5931268195576961,0.5723104089615069,0.5306855572089975,0.5961659304669377,0.5527419042152232,0.5686978656714212,0.4880729245847823,0.46032777564621297,0.6070887782992543,0.5755155233192166,0.49293684709518015,0.5663193349974073,0.5067427473014332,0.5009470461571751,0.4711303773363204,0.6401864035364411,0.5723124464947488,0.6299720213761488,0.4951205182457009,0.5244841125747348,0.49578453436564546,0.5697455696379563,0.40379973660843266,0.5712325206450563
AMZN,0.34067048737605804,0.4970282135385702,0.0,0.4562386393096606,0.37204456871479524,0.36116644994943736,0.5262485065891661,0.37205396892261855,0.6499567154852292,0.4707297534038626,0.45339379683046604,0.5546776768648207,0.38348973145286674,0.3910515674810814,0.6175873003634672,0.34877235874646906,0.39545952860371153,0.3833622372091373,0.4270603542517738,0.706811600817105,0.5800084357665846,0.3195631329886106,0.61719368944267,0.6615790184208927,0.6168601527326084,0.4528356651725996,0.545277714242578,0.5628502077492159,0.5613054131027726,0.37507971168597765,0.41244319124023165,0.5402704125468467,0.45615149215353046,0.48047566396474645,0.6168123069987901,0.4661459044053713,0.46299718632801073,0.3966359881163988,0.6123785277122575,0.5567298779771022,0.6208484772078459,0.42546145057894535,0.44881895843224573,0.43168177255016343,0.7023093191977939,0.4729605750614135,0.4979334910775128
FB,0.47274214846924884,0.5488890886011939,0.4562386393096606,0.0,0.3728497010055211,0.3794823330496573,0.5455008495897214,0.389108731672123,0.6343498943867324,0.5356782926869297,0.46214532828305827,0.6249148979195026,0.41098212213985574,0.45980186115638677,0.6593525093726834,0.4768244541570285,0.5054325871543358,0.4940987956972693,0.465944162588217,0.6683194854739904,0.5978968238236952,0.47518719922607977,0.6205601745422351,0.6464764253055979,0.5792239159390028,0.5372147943173803,0.5860497739453607,0.4897280412955025,0.5705572316930837,0.48979344933891594,0.49190909546436273,0.4931081389426292,0.5051749501168885,0.581900486524178,0.6002217022632256,0.5135723964540164,0.5922198213607887,0.49313540722632443,0.5910008094228498,0.4927693682828022,0.6057065897538164,0.430347004121248,0.5089773087693651,0.46876974958337947,0.6797179364917345,0.5717403162126349,0.6233050239972165
GOOGL,0.31608994486975467,0.4525553149256367,0.37204456871479524,0.3728497010055211,0.0,0.05097331448798256,0.47388368133301007,0.334301242413595,0.6066073442531976,0.3854457473303296,0.47784703942345225,0.5506038024845817,0.38199416473754655,0.37072530939680354,0.6413685362065608,0.38317849737519194,0.37715916942406064,0.40370228819042864,0.3745459087095107,0.6412868166454049,0.5478959502772414,0.33577400062185003,0.5500147192073108,0.5366898630237446,0.5695147311394506,0.3975307521176299,0.547535116811853,0.493369974375821,0.5686825460084308,0.33536862848045207,0.3998348768628889,0.4697878129145299,0.49998580164903644,0.43001147431049735,0.6068457806968491,0.47037818486751404,0.47400975607111345,0.3437847222700017,0.6618772541150798,0.5097376015388112,0.6040019759968434,0.3475206063912579,0.39881360695326107,0.3404641325958214,0.67337614664418,0.42768946719286816,0.5609970787884234
GOOG,0.30381491304829206,0.44199063165845925,0.36116644994943736,0.3794823330496573,0.05097331448798256,0.0,0.4688398653926183,0.3309395272549414,0.6059167700019421,0.3794463626879117,0.471546029467534,0.5384688480571073,0.3729178161457858,0.37221918869074544,0.6328136049502393,0.3765857501845926,0.36568940417589396,0.40351245157517873,0.3778483223863139,0.6380163562065412,0.5394767880980901,0.33192201978293207,0.546809625567842,0.5428296337838979,0.5694735026263146,0.39161021965533827,0.5485026265959962,0.5025716879677892,0.5528064653081259,0.33048282429034126,0.39709697477521383,0.4711417636549472,0.4979500595971999,0.4263396199087605,0.5971241020377954,0.4578992714222466,0.4654232480265677,0.3416429841091102,0.6568397365252329,0.5024298961615217,0.5977781202744035,0.35252443488793384,0.4032133234200166,0.33441298635885713,0.6770419774370223,0.4173418440579785,0.5543052336088099
JNJ,0.45817980205454384,0.5596779219758365,0.5262485065891661,0.5455008495897214,0.47388368133301007,0.4688398653926183,0.0,0.46813088591295343,0.4908429997071214,0.445375647957845,0.5025556615930092,0.47095713369849906,0.5240755511720894,0.5308901268480344,0.5202697801436771,0.5882697545286812,0.4832889574859695,0.489056549948032,0.5573382921355032,0.5417607530306228,0.3809072215885052,0.4676597396834397,0.4265482032831905,0.5448908413103654,0.44512964386863013,0.46936392194428844,0.471627597874201,0.5222138081801032,0.4874308682900409,0.3753625745364816,0.5636362107439686,0.5050049374584646,0.5284137258566147,0.4676333816462162,0.5795111712333536,0.45895177199166187,0.5116958791275676,0.4311031630499599,0.63517785500331,0.33522175874800936,0.5379457208652483,0.4158126085306813,0.4243467977655099,0.37278768262660616,0.6080706823587124,0.47400396810377854,0.46145568068513215
V,0.33472500680021183,0.4635013976278389,0.37205396892261855,0.389108731672123,0.334301242413595,0.3309395272549414,0.46813088591295343,0.0,0.6151360733560682,0.4111551698740596,0.3785824011664738,0.5357140614889487,0.275925222244444,0.3827617884539695,0.6593796738890656,0.43017129803478976,0.32166250459903656,0.404719747128624,0.3759137425937616,0.7014621943079908,0.5091413402499483,0.36313057982738556,0.5596189372877601,0.6325815521785094,0.5689405017918855,0.4164569874239017,0.5817615426249367,0.4850263678082489,0.5253792115522852,0.3849482030683727,0.37108113401601467,0.4868255897793353,0.48979342066247206,0.4595884875238823,0.5323565102873394,0.49623384655694286,0.44571844191116666,0.34228944802988825,0.6220850239810778,0.4829660633513577,0.5760393866986634,0.34654575861455483,0.45209487524917735,0.3803564866826456,0.6601731601782385,0.4623138432501251,0.5347563926303894
PG,0.5860237185970693,0.5760763026286463,0.6499567154852292,0.6343498943867324,0.6066073442531976,0.6059167700019421,0.4908429997071214,0.6151360733560682,0.0,0.6261038169936348,0.5537905887141572,0.5709674208035695,0.633278158975026,0.61142089087066,0.5511570820732007,0.627127891540968,0.6200534253647016,0.5532200604761427,0.6373623803201062,0.5655988252441582,0.5416746584809504,0.6172028564821215,0.5804325943451871,0.5881439776113079,0.3879805517519127,0.6565490479117705,0.41812481851362043,0.5675049029826464,0.5496137870067889,0.567390719237035,0.6408096502421002,0.5921708687868988,0.6278611527066904,0.5767141500988351,0.6252234282970032,0.5521306784780154,0.57058743013149,0.5702171968465023,0.6025681696565263,0.5060582804188188,0.57776597314734,0.5458325431941278,0.5455957050579687,0.5289802033354306,0.40817137021495997,0.546999754749704,0.5754580264951525
JPM,0.3988103318600825,0.5138680221303007,0.4707297534038626,0.5356782926869297,0.3854457473303296,0.3794463626879117,0.445375647957845,0.4111551698740596,0.6261038169936348,0.0,0.4952105202743142,0.5428279142717477,0.4097687892599939,0.46546572525807356,0.601989601741536,0.4989015626725691,0.44793467770002043,0.42843011066434306,0.5070641676191409,0.6006402338402749,0.4742540253135501,0.4023973057201129,0.5561988514986771,0.5784077402599291,0.6268052965122329,0.1782781764909555,0.6073839147184718,0.48425421770129573,0.558829532426328,0.3875388271249248,0.4917289114610785,0.5273445053669339,0.46173252354215794,0.43720326974317725,0.5992639283601249,0.48668837935150844,0.45698448280746246,0.3762280912497965,0.6907571279148494,0.4790609212451495,0.5580022822538407,0.42624577507305206,0.42694243149223393,0.42268171192197407,0.6926219510247299,0.44953552252792256,0.5051457177609094
HD,0.42956852383266203,0.5213802894602128,0.45339379683046604,0.46214532828305827,0.47784703942345225,0.471546029467534,0.5025556615930092,0.3785824011664738,0.5537905887141572,0.4952105202743142,0.0,0.5482127118189924,0.4172043499929365,0.5069340359965402,0.593513225598497,0.5006946744444927,0.48628329219942557,0.45329217917134373,0.5321169548613128,0.686528112877192,0.5103582855129783,0.4715346850909935,0.6078896830694305,0.6298334134655157,0.579582146111608,0.5228362937211642,0.5526092350493663,0.49588047273478897,0.4933388622184978,0.4268331926526287,0.5228529694724242,0.5133267593594963,0.46154281963463245,0.4750652790951766,0.5741824310281831,0.44401268051940795,0.43757525722944596,0.42604677442417377,0.5674285276027431,0.45291808735040767,0.5873199066337479,0.4539134814276477,0.49167989763046765,0.41301549399671883,0.6375324285300691,0.4921653995996644,0.511054464318011
UNH,0.5014634143146909,0.5774024020553354,0.5546776768648207,0.6249148979195026,0.5506038024845817,0.5384688480571073,0.47095713369849906,0.5357140614889487,0.5709674208035695,0.5428279142717477,0.5482127118189924,0.0,0.5637499004662044,0.584707016633958,0.47315559675514035,0.5865636500093986,0.5430596774985765,0.5733415107730836,0.5714406781922163,0.5686907423181257,0.5044581234715105,0.5607231526663575,0.5532222957884002,0.6201901957146136,0.5707415435946985,0.5506333029291748,0.5442816738314921,0.621802416930543,0.5442590905607531,0.48213870886072707,0.5816654698860017,0.548953658393587,0.5811778299252472,0.4714840120082634,0.5856954640221669,0.479808304842487,0.5755535089876935,0.4981035929739197,0.6314958840675198,0.4889284364607157,0.658059507867279,0.47410430188278285,0.5519240341654317,0.4232846076134143,0.6398421681920522,0.5234710799658189,0.5524919643297662
MA,0.3861365704257862,0.3624845189474809,0.38348973145286674,0.41098212213985574,0.38199416473754655,0.3729178161457858,0.5240755511720894,0.275925222244444,0.633278158975026,0.4097687892599939,0.4172043499929365,0.5637499004662044,0.0,0.38852661729810867,0.6770241221951463,0.38081799490955265,0.3802714716781033,0.3890946730636164,0.45100971480963753,0.6986684244021851,0.5697287493682902,0.37633112283539016,0.6292742751511141,0.642029864752375,0.6160613209723651,0.43261150473343685,0.6158175576725452,0.49288101069425094,0.5206984485601611,0.4223778090861338,0.37703927881251315,0.5199427896097989,0.47663144578770505,0.4726028986489902,0.5831375396421106,0.49753431822473937,0.4862705725684708,0.3487950294770365,0.6188185293551011,0.5202886760819438,0.5743978884450439,0.4087582336410136,0.4930262510483307,0.4162270019102256,0.6738844102349657,0.43903919040393113,0.5548266960690924
NVDA,0.35627770735046266,0.4525798450684069,0.3910515674810814,0.45980186115638677,0.37072530939680354,0.37221918869074544,0.5308901268480344,0.3827617884539695,0.61142089087066,0.46546572525807356,0.5069340359965402,0.584707016633958,0.38852661729810867,0.0,0.6557737491505832,0.4071690891898975,0.3317611486393636,0.32857094931216146,0.4290012874845002,0.6880262159830509,0.5269612342958657,0.3653393499601112,0.6001084985120249,0.6632969232095016,0.6207679962577791,0.4704854183771144,0.6003386446805529,0.5369600226582527,0.5893904359292084,0.4026657536452956,0.41791236212612715,0.5469879994592135,0.5437736548425198,0.48132432963523125,0.6230308195030165,0.5063511998352695,0.48033945906343584,0.39989896307708983,0.6819318354626109,0.5305105782824823,0.5878050059688174,0.4443491071410037,0.433940048110514,0.43500321085076227,0.6130275278866361,0.3792757802454425,0.5518452088913102
VZ,0.5449535117844622,0.6757412312457723,0.6175873003634672,0.6593525093726834,0.6413685362065608,0.6328136049502393,0.5202697801436771,0.6593796738890656,0.5511570820732007,0.601989601741536,0.593513225598497,0.47315559675514035,0.6770241221951463,0.6557737491505832,0.0,0.674127684295352,0.6410466361548939,0.5912420345175792,0.6679403168889684,0.4614969843247759,0.5047441013708411,0.5743477986667165,0.5242778795845003,0.6094449470974559,0.5506093964257993,0.578361265719655,0.5383742145249656,0.6756196276420797,0.5841562520611863,0.5194403054175236,0.6717739981367403,0.6110248748390101,0.5938075413997715,0.5184513966380044,0.6962758781601199,0.5013832171522014,0.6096427594381314,0.5881073690475614,0.580384946198485,0.4509540894900024,0.6346409975346414,0.6034732847796223,0.5507799632386945,0.5261074242818656,0.6227570273145311,0.5877721542090021,0.5807687194623264
NFLX,0.4000771608170929,0.4734104539715117,0.34877235874646906,0.4768244541570285,0.38317849737519194,0.3765857501845926,0.5882697545286812,0.43017129803478976,0.627127891540968,0.4989015626725691,0.5006946744444927,0.5865636500093986,0.38081799490955265,0.4071690891898975,0.674127684295352,0.0,0.41396956717329403,0.38263305687222665,0.44470529258284125,0.7055493758314727,0.6225987075325523,0.36483450398478684,0.6510776842343098,0.644116096882235,0.6385527459800603,0.5020835382193446,0.5808746299643124,0.556540554633481,0.5554273309883999,0.4500809522345299,0.3904872436376981,0.596196033477763,0.5215454888694869,0.5089793336300662,0.6263411705320656,0.45427883187010365,0.48058249146058973,0.4427197588022724,0.6311066288298623,0.6055521789174733,0.6322418727190167,0.47247478428492773,0.5189701996806667,0.48109370643949734,0.6485940363819194,0.4545195399894299,0.559410250837366
ADBE,0.27309502886491677,0.44313964936992445,0.39545952860371153,0.5054325871543358,0.37715916942406064,0.36568940417589396,0.4832889574859695,0.32166250459903656,0.6200534253647016,0.44793467770002043,0.48628329219942557,0.5430596774985765,0.3802714716781033,0.3317611486393636,0.6410466361548939,0.41396956717329403,0.0,0.4039585987741241,0.4184359133433567,0.66073136283863,0.5315236189558593,0.39500433563621334,0.5642488620908526,0.6372302701128374,0.5962178343016362,0.43947160238148886,0.5746676815853844,0.5684777371133257,0.5645463874772434,0.41520897286605557,0.33742618966921994,0.5379024531956635,0.5376766456753646,0.45920275022190826,0.5999439268865606,0.46891217142639063,0.4355153466649757,0.39650793541933055,0.6742408950437883,0.5068696057384092,0.5723996594647783,0.44816599237992677,0.5102983250894123,0.4258026104763164,0.6235214133200792,0.3781329751418967,0.5751973203053515
INTC,0.3575741633926604,0.4748756516104227,0.3833622372091373,0.4940987956972693,0.40370228819042864,0.40351245157517873,0.489056549948032,0.404719747128624,0.5532200604761427,0.42843011066434306,0.45329217917134373,0.5733415107730836,0.3890946730636164,0.32857094931216146,0.5912420345175792,0.38263305687222665,0.4039585987741241,0.0,0.46489530432511567,0.6612875805822644,0.5407691319095652,0.32691390357300193,0.5999645397455217,0.6303788128844207,0.5773287066611467,0.4300945611891455,0.5886594086476721,0.5238095534241906,0.5393104023937886,0.35206303882949075,0.4570423407662732,0.5467710963152717,0.48911527694788265,0.4555236164995016,0.6758992592653058,0.4985110786228773,0.437594688359327,0.3785321354350284,0.6330857340033575,0.5320208553651998,0.5732745925801467,0.4216817830929554,0.4070842304563412,0.37965517868475557,0.61789964780594,0.3702764040196408,0.5281369437973671
PYPL,0.43345549301563263,0.5328596809572035,0.4270603542517738,0.465944162588217,0.3745459087095107,0.3778483223863139,0.5573382921355032,0.3759137425937616,0.6373623803201062,0.5070641676191409,0.5321169548613128,0.5714406781922163,0.45100971480963753,0.4290012874845002,0.6679403168889684,0.44470529258284125,0.4184359133433567,0.46489530432511567,0.0,0.6830554020973625,0.5864120047537245,0.42878926244247806,0.5835043814828994,0.6215554211406347,0.577926760733012,0.5112495295066496,0.574892508477286,0.5333882997353349,0.6095576343573377,0.42288554559362207,0.41412957354412167,0.5355056202093105,0.5416614176924786,0.46195768272204873,0.5726133503812131,0.5274808886544746,0.5399128456926566,0.4272699331363876,0.6181875199155068,0.5652378318285471,0.6193070614527043,0.42943521985261124,0.5132284709896353,0.45751077082430003,0.649539841359426,0.511651557881395,0.6258007242978605
T,0.6293309872729312,0.6328484247229315,0.706811600817105,0.6683194854739904,0.6412868166454049,0.6380163562065412,0.5417607530306228,0.7014621943079908,0.5655988252441582,0.6006402338402749,0.686528112877192,0.5686907423181257,0.6986684244021851,0.6880262159830509,0.4614969843247759,0.7055493758314727,0.66073136283863,0.6612875805822644,0.6830554020973625,0.0,0.5389003756483852,0.6203511924973499,0.5352571682321245,0.513944052093874,0.5735939538338366,0.5922297667172058,0.6008910862878571,0.6396248998655736,0.5791160289319768,0.5752574243587142,0.6907467554277092,0.6670258688648159,0.6640387733896314,0.5327491653684922,0.6794143233075212,0.573893994628975,0.6235762905661988,0.5989182204222648,0.6794831871065163,0.5491588674409964,0.6483265960269129,0.6367600715691092,0.550234571088592,0.5598704336772163,0.6002329356879108,0.5847984144046323,0.629757024544402
PFE,0.4881034798811973,0.6223521168456896,0.5800084357665846,0.5978968238236952,0.5478959502772414,0.5394767880980901,0.3809072215885052,0.5091413402499483,0.5416746584809504,0.4742540253135501,0.5103582855129783,0.5044581234715105,0.5697287493682902,0.5269612342958657,0.5047441013708411,0.6225987075325523,0.5315236189558593,0.5407691319095652,0.5864120047537245,0.5389003756483852,0.0,0.5399012156982685,0.4438489696119003,0.6484232254871921,0.4905946113377452,0.47814670464996667,0.4822428347421489,0.5347056044283851,0.5165456794998078,0.46497841364723375,0.6065342830120074,0.5926447771706254,0.542148106877903,0.5239745086699794,0.5962309937651059,0.4310720956409581,0.5399477627445071,0.49153856955839503,0.647112407416121,0.30525413799535095,0.5615946672360048,0.5198861733281649,0.4839010624452585,0.4461052063040574,0.636501660416017,0.5423864225151972,0.5437827307287556
CSCO,0.2974735513436182,0.4672371874057509,0.3195631329886106,0.47518719922607977,0.33577400062185003,0.33192201978293207,0.4676597396834397,0.36313057982738556,0.6172028564821215,0.4023973057201129,0.4715346850909935,0.5607231526663575,0.37633112283539016,0.3653393499601112,0.5743477986667165,0.36483450398478684,0.39500433563621334,0.32691390357300193,0.42878926244247806,0.6203511924973499,0.5399012156982685,0.0,0.5617119703830239,0.5957104071440946,0.6130597012467438,0.39132027367390887,0.5944026862119935,0.5061578718152397,0.5159848231941819,0.3694130969485419,0.41231800795252443,0.5278172809642097,0.45150862746463716,0.45582363423862277,0.6143921580315065,0.4916195643950422,0.4355215807465398,0.33296806169253673,0.6307545029755174,0.5342356143316249,0.6077251292346767,0.415269309961334,0.4041611896229997,0.40140555800088135,0.6627521678968791,0.40053111580992384,0.5022243840710392
MRK,0.5408579495603123,0.6241117396773533,0.61719368944267,0.6205601745422351,0.5500147192073108,0.546809625567842,0.4265482032831905,0.5596189372877601,0.5804325943451871,0.5561988514986771,0.6078896830694305,0.5532222957884002,0.6292742751511141,0.6001084985120249,0.5242778795845003,0.6510776842343098,0.5642488620908526,0.5999645397455217,0.5835043814828994,0.5352571682321245,0.4438489696119003,0.5617119703830239,0.0,0.6064188739008121,0.5648283852449397,0.5579494659033235,0.5640773129206159,0.6047861561724985,0.5799960264281095,0.5093823242496053,0.6190851608446197,0.5975116631130342,0.5950303584046417,0.506832409742023,0.6269486822225343,0.4939065474137141,0.5608103193128015,0.556443337205632,0.6772432642537741,0.4479864454008648,0.6712912523695286,0.5477802065472636,0.5388698779289463,0.50189988747443,0.6064708755848834,0.5862217638105606,0.5905276272433458
CMCSA,0.5734821064321027,0.5931268195576961,0.6615790184208927,0.6464764253055979,0.5366898630237446,0.5428296337838979,0.5448908413103654,0.6325815521785094,0.5881439776113079,0.5784077402599291,0.6298334134655157,0.6201901957146136,0.642029864752375,0.6632969232095016,0.6094449470974559,0.644116096882235,0.6372302701128374,0.6303788128844207,0.6215554211406347,0.513944052093874,0.6484232254871921,0.5957104071440946,0.6064188739008121,0.0,0.5747923304048037,0.5852220163895622,0.6137250132121862,0.5307286631980835,0.6024981635829411,0.5449114414542983,0.6250263279984566,0.5758083640121961,0.6726021516996994,0.5510962540471549,0.6779230267493923,0.5696014270804474,0.5834188249216788,0.5668222705814535,0.6880591692489427,0.5739140012997528,0.6254744870081873,0.5396475342412226,0.5136400869821867,0.5700761137975964,0.6757011687113988,0.5447015157974044,0.5835781725913244
PEP,0.5675251559483673,0.5723104089615069,0.6168601527326084,0.5792239159390028,0.5695147311394506,0.5694735026263146,0.44512964386863013,0.5689405017918855,0.3879805517519127,0.6268052965122329,0.579582146111608,0.5707415435946985,0.6160613209723651,0.6207679962577791,0.5506093964257993,0.6385527459800603,0.5962178343016362,0.5773287066611467,0.577926760733012,0.5735939538338366,0.4905946113377452,0.6130597012467438,0.5648283852449397,0.5747923304048037,0.0,0.6446323085176866,0.35786049590094,0.5805025008344771,0.5170663827873437,0.5342868604685503,0.6303442466969699,0.6002357330359478,0.6532703915660664,0.5705123709065217,0.5852541390855893,0.5431057383288445,0.5970814819965932,0.5717935503922782,0.5315355866077482,0.4597701804622866,0.6141547987914346,0.5020862481421202,0.5298523627031932,0.5185762585827556,0.5372718197148552,0.6044482199860579,0.580261860341867
BAC,0.3718086026644383,0.5306855572089975,0.4528356651725996,0.5372147943173803,0.3975307521176299,0.39161021965533827,0.46936392194428844,0.4164569874239017,0.6565490479117705,0.1782781764909555,0.5228362937211642,0.5506333029291748,0.43261150473343685,0.4704854183771144,0.578361265719655,0.5020835382193446,0.43947160238148886,0.4300945611891455,0.5112495295066496,0.5922297667172058,0.47814670464996667,0.39132027367390887,0.5579494659033235,0.5852220163895622,0.6446323085176866,0.0,0.6239735995053511,0.5261221921733593,0.5703312249065055,0.40575350228498697,0.4824080774719916,0.550942369605217,0.5044313224392469,0.476248808117676,0.6346517390695143,0.48491211983159,0.4571490708359587,0.3925600640285992,0.7016600909920846,0.4874274073025348,0.5580076150327077,0.4378242359886789,0.4357992974577202,0.45475511710062694,0.6899551121101518,0.4479868568688328,0.5215754483751981
KO,0.5203660464718575,0.5961659304669377,0.545277714242578,0.5860497739453607,0.547535116811853,0.5485026265959962,0.471627597874201,0.5817615426249367,0.41812481851362043,0.6073839147184718,0.5526092350493663,0.5442816738314921,0.6158175576725452,0.6003386446805529,0.5383742145249656,0.5808746299643124,0.5746676815853844,0.5886594086476721,0.574892508477286,0.6008910862878571,0.4822428347421489,0.5944026862119935,0.5640773129206159,0.6137250132121862,0.35786049590094,0.6239735995053511,0.0,0.6107169117165104,0.5636303678023978,0.5376646545692984,0.5994052091331812,0.6027101328274903,0.5758615559479521,0.5471459658558548,0.5852487315650746,0.4895152290987142,0.565504137006052,0.5472804956646719,0.572086773893546,0.45980413354172484,0.6270404459837221,0.5437025296306741,0.5334238138025221,0.5104212106898867,0.5394897240355675,0.6316802964847692,0.5338249623099408
XOM,0.5395938985605436,0.5527419042152232,0.5628502077492159,0.4897280412955025,0.493369974375821,0.5025716879677892,0.5222138081801032,0.4850263678082489,0.5675049029826464,0.48425421770129573,0.49588047273478897,0.621802416930543,0.49288101069425094,0.5369600226582527,0.6756196276420797,0.556540554633481,0.5684777371133257,0.5238095534241906,0.5333882997353349,0.6396248998655736,0.5347056044283851,0.5061578718152397,0.6047861561724985,0.5307286631980835,0.5805025008344771,0.5261221921733593,0.6107169117165104,0.0,0.5503791882576816,0.5120407411347415,0.5908423624590674,0.5805869501573035,0.4272002627308073,0.530945928263076,0.6178334150736803,0.5301993660540122,0.5442294967818765,0.4895839823193695,0.6828113613501223,0.4815858877379848,0.6292961469834887,0.44841870794244915,0.5288711106759131,0.5141571295063765,0.6737624139723098,0.5350703593827021,0.5956677816397896
WMT,0.5254944780275008,0.5686978656714212,0.5613054131027726,0.5705572316930837,0.5686825460084308,0.5528064653081259,0.4874308682900409,0.5253792115522852,0.5496137870067889,0.558829532426328,0.4933388622184978,0.5442590905607531,0.5206984485601611,0.5893904359292084,0.5841562520611863,0.5554273309883999,0.5645463874772434,0.5393104023937886,0.6095576343573377,0.5791160289319768,0.5165456794998078,0.5159848231941819,0.5799960264281095,0.6024981635829411,0.5170663827873437,0.5703312249065055,0.5636303678023978,0.5503791882576816,0.0,0.5435691248155858,0.6096295384793934,0.6154899503282322,0.5893114954076231,0.5884151104515603,0.5435954269881004,0.5198937951719442,0.4558586494673342,0.5383103842266569,0.5583323868446429,0.4943523035172315,0.6199452217682669,0.5276304549043088,0.5682859931880523,0.5230645063658438,0.6626568827241182,0.5254656352790313,0.5603747849261378
ABT,0.35202096038922515,0.4880729245847823,0.37507971168597765,0.48979344933891594,0.33536862848045207,0.33048282429034126,0.3753625745364816,0.3849482030683727,0.567390719237035,0.3875388271249248,0.4268331926526287,0.48213870886072707,0.4223778090861338,0.4026657536452956,0.5194403054175236,0.4500809522345299,0.41520897286605557,0.35206303882949075,0.42288554559362207,0.5752574243587142,0.46497841364723375,0.3694130969485419,0.5093823242496053,0.5449114414542983,0.5342868604685503,0.40575350228498697,0.5376646545692984,0.5120407411347415,0.5435691248155858,0.0,0.49408422712171357,0.4951629728007216,0.475411985459814,0.3323589774350871,0.6239565463012152,0.4401664956442338,0.4636310027807199,0.36003460487875266,0.6101564141127176,0.420694812984536,0.5563336916819647,0.35816830920977666,0.31629483380699364,0.2668463299778363,0.6618817349912041,0.39838407941018467,0.4808677811201024
CRM,0.37295837426167744,0.46032777564621297,0.41244319124023165,0.49190909546436273,0.3998348768628889,0.39709697477521383,0.5636362107439686,0.37108113401601467,0.6408096502421002,0.4917289114610785,0.5228529694724242,0.5816654698860017,0.37703927881251315,0.41791236212612715,0.6717739981367403,0.3904872436376981,0.33742618966921994,0.4570423407662732,0.41412957354412167,0.6907467554277092,0.6065342830120074,0.41231800795252443,0.6190851608446197,0.6250263279984566,0.6303442466969699,0.4824080774719916,0.5994052091331812,0.5908423624590674,0.6096295384793934,0.49408422712171357,0.0,0.5356163981667629,0.5758580277068072,0.5249783241936637,0.633155332612823,0.5130134515385508,0.5219187318155593,0.445303092892481,0.677896327692111,0.5819386619884087,0.6227954665841673,0.45987042863381833,0.5294043932778435,0.4918880163463924,0.6378155456672487,0.4525832591793839,0.585418701401933
ABBV,0.5200974215409548,0.6070887782992543,0.5402704125468467,0.4931081389426292,0.4697878129145299,0.4711417636549472,0.5050049374584646,0.4868255897793353,0.5921708687868988,0.5273445053669339,0.5133267593594963,0.548953658393587,0.5199427896097989,0.5469879994592135,0.6110248748390101,0.596196033477763,0.5379024531956635,0.5467710963152717,0.5355056202093105,0.6670258688648159,0.5926447771706254,0.5278172809642097,0.5975116631130342,0.5758083640121961,0.6002357330359478,0.550942369605217,0.6027101328274903,0.5805869501573035,0.6154899503282322,0.4951629728007216,0.5356163981667629,0.0,0.5292662675738617,0.5034456659149038,0.6892729145067457,0.534961090795165,0.58020047989465,0.4246416127887278,0.6886384033534201,0.5282396478508581,0.5710516885095673,0.4562650960626014,0.5200232338357729,0.48262867253293623,0.6530378823171913,0.5020050731494163,0.5732942892566357
CVX,0.488016564313024,0.5755155233192166,0.45615149215353046,0.5051749501168885,0.49998580164903644,0.4979500595971999,0.5284137258566147,0.48979342066247206,0.6278611527066904,0.46173252354215794,0.46154281963463245,0.5811778299252472,0.47663144578770505,0.5437736548425198,0.5938075413997715,0.5215454888694869,0.5376766456753646,0.48911527694788265,0.5416614176924786,0.6640387733896314,0.542148106877903,0.45150862746463716,0.5950303584046417,0.6726021516996994,0.6532703915660664,0.5044313224392469,0.5758615559479521,0.4272002627308073,0.5893114954076231,0.475411985459814,0.5758580277068072,0.5292662675738617,0.0,0.4730483273580056,0.6341674230351361,0.4949879879847614,0.5301364241403421,0.4383398951921002,0.6878330083815966,0.52010722881503,0.6036401557088558,0.4743156764074222,0.5301459920701905,0.45356991600749996,0.6693239507436385,0.5542500193668151,0.5642733308927259
TMO,0.4331803096608494,0.49293684709518015,0.48047566396474645,0.581900486524178,0.43001147431049735,0.4263396199087605,0.4676333816462162,0.4595884875238823,0.5767141500988351,0.43720326974317725,0.4750652790951766,0.4714840120082634,0.4726028986489902,0.48132432963523125,0.5184513966380044,0.5089793336300662,0.45920275022190826,0.4555236164995016,0.46195768272204873,0.5327491653684922,0.5239745086699794,0.45582363423862277,0.506832409742023,0.5510962540471549,0.5705123709065217,0.476248808117676,0.5471459658558548,0.530945928263076,0.5884151104515603,0.3323589774350871,0.5249783241936637,0.5034456659149038,0.4730483273580056,0.0,0.6130477033735456,0.4322205523433738,0.5089044817631095,0.3927942065425248,0.6857751459086825,0.4733724467707637,0.5920169121832167,0.45003736646402476,0.4503464638912101,0.3005421829301681,0.6184458508437725,0.4352738868625262,0.5290247304259076
MCD,0.6159137181878913,0.5663193349974073,0.6168123069987901,0.6002217022632256,0.6068457806968491,0.5971241020377954,0.5795111712333536,0.5323565102873394,0.6252234282970032,0.5992639283601249,0.5741824310281831,0.5856954640221669,0.5831375396421106,0.6230308195030165,0.6962758781601199,0.6263411705320656,0.5999439268865606,0.6758992592653058,0.5726133503812131,0.6794143233075212,0.5962309937651059,0.6143921580315065,0.6269486822225343,0.6779230267493923,0.5852541390855893,0.6346517390695143,0.5852487315650746,0.6178334150736803,0.5435954269881004,0.6239565463012152,0.633155332612823,0.6892729145067457,0.6341674230351361,0.6130477033735456,0.0,0.6027635747166588,0.6281048997730155,0.614250341968013,0.5977808826496877,0.6063847458024886,0.6416009001530607,0.5806277621207024,0.6088552643372822,0.5600415949281632,0.6308325186003622,0.6563496563126697,0.6253159353991804
AMGN,0.4198339824255075,0.5067427473014332,0.4661459044053713,0.5135723964540164,0.47037818486751404,0.4578992714222466,0.45895177199166187,0.49623384655694286,0.5521306784780154,0.48668837935150844,0.44401268051940795,0.479808304842487,0.49753431822473937,0.5063511998352695,0.5013832171522014,0.45427883187010365,0.46891217142639063,0.4985110786228773,0.5274808886544746,0.573893994628975,0.4310720956409581,0.4916195643950422,0.4939065474137141,0.5696014270804474,0.5431057383288445,0.48491211983159,0.4895152290987142,0.5301993660540122,0.5198937951719442,0.4401664956442338,0.5130134515385508,0.534961090795165,0.4949879879847614,0.4322205523433738,0.6027635747166588,0.0,0.4842550381814875,0.465741299485328,0.6369110183427826,0.37103154547977246,0.5664430744663427,0.47313097477405003,0.503927284407559,0.42960638946718527,0.5974521575231838,0.42548133500458607,0.5243935544616896
COST,0.3995914091075937,0.5009470461571751,0.46299718632801073,0.5922198213607887,0.47400975607111345,0.4654232480265677,0.5116958791275676,0.44571844191116666,0.57058743013149,0.45698448280746246,0.43757525722944596,0.5755535089876935,0.4862705725684708,0.48033945906343584,0.6096427594381314,0.48058249146058973,0.4355153466649757,0.437594688359327,0.5399128456926566,0.6235762905661988,0.5399477627445071,0.4355215807465398,0.5608103193128015,0.5834188249216788,0.5970814819965932,0.4571490708359587,0.565504137006052,0.5442294967818765,0.4558586494673342,0.4636310027807199,0.5219187318155593,0.58020047989465,0.5301364241403421,0.5089044817631095,0.6281048997730155,0.4842550381814875,0.0,0.40322680127847293,0.6771162420053273,0.5546392418140288,0.6775258375164974,0.47465361063261136,0.5035896334834553,0.5032893711248227,0.6273371911450504,0.39631772323684633,0.5107426955501354
ACN,0.353556285527249,0.4711303773363204,0.3966359881163988,0.49313540722632443,0.3437847222700017,0.3416429841091102,0.4311031630499599,0.34228944802988825,0.5702171968465023,0.3762280912497965,0.42604677442417377,0.4981035929739197,0.3487950294770365,0.39989896307708983,0.5881073690475614,0.4427197588022724,0.39650793541933055,0.3785321354350284,0.4272699331363876,0.5989182204222648,0.49153856955839503,0.33296806169253673,0.556443337205632,0.5668222705814535,0.5717935503922782,0.3925600640285992,0.5472804956646719,0.4895839823193695,0.5383103842266569,0.36003460487875266,0.445303092892481,0.4246416127887278,0.4383398951921002,0.3927942065425248,0.614250341968013,0.465741299485328,0.40322680127847293,0.0,0.6634762906431054,0.4862254160854559,0.5508348560737751,0.38850302126322617,0.42278972408872123,0.35411643476193244,0.6534506377716299,0.40190666539009,0.5009897641001216
NEE,0.6184931028616268,0.6401864035364411,0.6123785277122575,0.5910008094228498,0.6618772541150798,0.6568397365252329,0.63517785500331,0.6220850239810778,0.6025681696565263,0.6907571279148494,0.5674285276027431,0.6314958840675198,0.6188185293551011,0.6819318354626109,0.580384946198485,0.6311066288298623,0.6742408950437883,0.6330857340033575,0.6181875199155068,0.6794831871065163,0.647112407416121,0.6307545029755174,0.6772432642537741,0.6880591692489427,0.5315355866077482,0.7016600909920846,0.572086773893546,0.6828113613501223,0.5583323868446429,0.6101564141127176,0.677896327692111,0.6886384033534201,0.6878330083815966,0.6857751459086825,0.5977808826496877,0.6369110183427826,0.6771162420053273,0.6634762906431054,0.0,0.616102577738612,0.680650162377312,0.6574701184780694,0.6409627006339123,0.6236202352927145,0.6659726397151448,0.7008207363273375,0.6725581892000599
LLY,0.4641132603336018,0.5723124464947488,0.5567298779771022,0.4927693682828022,0.5097376015388112,0.5024298961615217,0.33522175874800936,0.4829660633513577,0.5060582804188188,0.4790609212451495,0.45291808735040767,0.4889284364607157,0.5202886760819438,0.5305105782824823,0.4509540894900024,0.6055521789174733,0.5068696057384092,0.5320208553651998,0.5652378318285471,0.5491588674409964,0.30525413799535095,0.5342356143316249,0.4479864454008648,0.5739140012997528,0.4597701804622866,0.4874274073025348,0.45980413354172484,0.4815858877379848,0.4943523035172315,0.420694812984536,0.5819386619884087,0.5282396478508581,0.52010722881503,0.4733724467707637,0.6063847458024886,0.37103154547977246,0.5546392418140288,0.4862254160854559,0.616102577738612,0.0,0.5280660647975599,0.46281880742505166,0.4700955268870983,0.40560922109670644,0.6196450218547012,0.4991134709902945,0.5225383792229862
BMY,0.5630045227870618,0.6299720213761488,0.6208484772078459,0.6057065897538164,0.6040019759968434,0.5977781202744035,0.5379457208652483,0.5760393866986634,0.57776597314734,0.5580022822538407,0.5873199066337479,0.658059507867279,0.5743978884450439,0.5878050059688174,0.6346409975346414,0.6322418727190167,0.5723996594647783,0.5732745925801467,0.6193070614527043,0.6483265960269129,0.5615946672360048,0.6077251292346767,0.6712912523695286,0.6254744870081873,0.6141547987914346,0.5580076150327077,0.6270404459837221,0.6292961469834887,0.6199452217682669,0.5563336916819647,0.6227954665841673,0.5710516885095673,0.6036401557088558,0.5920169121832167,0.6416009001530607,0.5664430744663427,0.6775258375164974,0.5508348560737751,0.680650162377312,0.5280660647975599,0.0,0.629498713760866,0.5807007552926343,0.5569947167817241,0.6634839883510184,0.5703015317267812,0.585051295003525
LIN,0.41537087214380775,0.4951205182457009,0.42546145057894535,0.430347004121248,0.3475206063912579,0.35252443488793384,0.4158126085306813,0.34654575861455483,0.5458325431941278,0.42624577507305206,0.4539134814276477,0.47410430188278285,0.4087582336410136,0.4443491071410037,0.6034732847796223,0.47247478428492773,0.44816599237992677,0.4216817830929554,0.42943521985261124,0.6367600715691092,0.5198861733281649,0.415269309961334,0.5477802065472636,0.5396475342412226,0.5020862481421202,0.4378242359886789,0.5437025296306741,0.44841870794244915,0.5276304549043088,0.35816830920977666,0.45987042863381833,0.4562650960626014,0.4743156764074222,0.45003736646402476,0.5806277621207024,0.47313097477405003,0.47465361063261136,0.38850302126322617,0.6574701184780694,0.46281880742505166,0.629498713760866,0.0,0.4035671092864617,0.3467437149188001,0.6140936685958723,0.4299107099969537,0.5315437189093775
MDT,0.4107792060614783,0.5244841125747348,0.44881895843224573,0.5089773087693651,0.39881360695326107,0.4032133234200166,0.4243467977655099,0.45209487524917735,0.5455957050579687,0.42694243149223393,0.49167989763046765,0.5519240341654317,0.4930262510483307,0.433940048110514,0.5507799632386945,0.5189701996806667,0.5102983250894123,0.4070842304563412,0.5132284709896353,0.550234571088592,0.4839010624452585,0.4041611896229997,0.5388698779289463,0.5136400869821867,0.5298523627031932,0.4357992974577202,0.5334238138025221,0.5288711106759131,0.5682859931880523,0.31629483380699364,0.5294043932778435,0.5200232338357729,0.5301459920701905,0.4503464638912101,0.6088552643372822,0.503927284407559,0.5035896334834553,0.42278972408872123,0.6409627006339123,0.4700955268870983,0.5807007552926343,0.4035671092864617,0.0,0.37388701751995224,0.6127488113800039,0.4765408159030836,0.45035002684619724
DHR,0.36764536661870456,0.49578453436564546,0.43168177255016343,0.46876974958337947,0.3404641325958214,0.33441298635885713,0.37278768262660616,0.3803564866826456,0.5289802033354306,0.42268171192197407,0.41301549399671883,0.4232846076134143,0.4162270019102256,0.43500321085076227,0.5261074242818656,0.48109370643949734,0.4258026104763164,0.37965517868475557,0.45751077082430003,0.5598704336772163,0.4461052063040574,0.40140555800088135,0.50189988747443,0.5700761137975964,0.5185762585827556,0.45475511710062694,0.5104212106898867,0.5141571295063765,0.5230645063658438,0.2668463299778363,0.4918880163463924,0.48262867253293623,0.45356991600749996,0.3005421829301681,0.5600415949281632,0.42960638946718527,0.5032893711248227,0.35411643476193244,0.6236202352927145,0.40560922109670644,0.5569947167817241,0.3467437149188001,0.37388701751995224,0.0,0.6085103180955874,0.42234488574650864,0.5172672714677649
