,MSFT,AAPL,AMZN,FB,GOOGL,GOOG,JNJ,V,PG,JPM,HD,UNH,MA,NVDA,VZ,NFLX,ADBE,INTC,PYPL,T,PFE,CSCO,MRK,CMCSA,PEP,BAC,KO,XOM,WMT,ABT,CRM,ABBV,CVX,TMO,MCD,AMGN,COST,ACN,NEE,LLY,BMY,LIN,MDT,DHR,PM,TXN,NKE
MSFT,0.0,0.25810926510629756,0.40847827749635096,0.4178857723956,0.3045339509115052,0.31521714130640355,0.4128765516706105,0.3965080807382092,0.5005226410986003,0.6015810896463056,0.415285187420158,0.4620830163839024,0.4229145514471439,0.3281651916535137,0.4712967984743298,0.5642787466978991,0.26500194298440416,0.3575502312497561,0.4323079868227079,0.5256696748710381,0.5078182679019723,0.43668685152807674,0.4934710558831912,0.5339033087947428,0.4400574710052206,0.589172239523211,0.5077901018384974,0.5391884676155794,0.6512628822005894,0.4224539966821303,0.3513272358736937,0.5006847141467905,0.5239784344123174,0.40909047101192636,0.4669369147209328,0.5185683872693335,0.41363927202008205,0.41989660751120705,0.5541585235009889,0.5229022818520542,0.535714595484787,0.4787239842010109,0.4953621076122793,0.38720867916967805,0.551142009853232,0.3868194869032047,0.4308818435798426
AAPL,0.25810926510629756,0.0,0.4232842236051151,0.39540455462065827,0.343710391140037,0.3470110230032132,0.4857988526080208,0.43580446676785145,0.48614617526080484,0.5929885795619014,0.44609225338524366,0.4530251029738899,0.4445388424134807,0.39953806201133035,0.5003958013299716,0.5540633443280326,0.3692487459902135,0.40600317980516537,0.5008858512315439,0.5175429733485181,0.549984333501426,0.481105365644235,0.5333153530583326,0.5298636562343911,0.44156663692080517,0.5729843805354459,0.4893367968181003,0.5393847601183078,0.642808775201137,0.49711777227899984,0.43000459914373534,0.5183021442182896,0.5325359394195915,0.4689625889297413,0.49071193063192076,0.5908689947132293,0.43518926907640415,0.46008339632138046,0.5766477177043573,0.5495577939987546,0.5432089750467611,0.5032503603196784,0.5299293587084127,0.46815773394580384,0.5513041259249845,0.42347251130484453,0.4375848548820501
AMZN,0.40847827749635096,0.4232842236051151,0.0,0.47855571621693593,0.4736492970340924,0.4692167148052141,0.5309297035719607,0.6223881957550369,0.5873225057883789,0.7036091108669608,0.6417635490627548,0.5167899776142422,0.6269665955277383,0.45225464899291784,0.6400564687081536,0.4115488431917453,0.43617828749695486,0.4984448470589876,0.568575389648692,0.665480573100386,0.6148112763477437,0.5744997562286376,0.5951943557578759,0.6217744216535748,0.6116594811003356,0.6942317886314119,0.6802938547810962,0.6586959415050218,0.671102454825716,0.5148968050850158,0.5235617151541179,0.6322437712338259,0.6659134930248649,0.55693192769496,0.6051308081041525,0.5051265716312284,0.5255844470207364,0.6169391754124964,0.6731593219495742,0.6076035916182588,0.6144805856048214,0.6326237818247495,0.6453488636388891,0.551655240527545,0.6806539746284272,0.5385336717255127,0.6013101691604358
FB,0.4178857723956,0.39540455462065827,0.47855571621693593,0.0,0.33601759795866587,0.3263200044815056,0.5552082032580793,0.46811833420653115,0.5811805383534069,0.5835501461905623,0.533439539072022,0.53003575701721,0.4616628262028974,0.4823901965045031,0.6073099006742643,0.5699620195819161,0.4238418132040703,0.49771936707872405,0.49803942537025914,0.5885515960118535,0.5965576366717668,0.5812044165782827,0.5959381360907695,0.5728861557431454,0.5699250151660892,0.5650293572914082,0.5580251361863363,0.5445238803425347,0.6951966920512875,0.5690737838558692,0.4667493578590956,0.582419092445334,0.5303885459915655,0.5593472514482581,0.49827638520863377,0.5819746877832072,0.5618310551865863,0.4917658684848424,0.6217040440177496,0.6379998004038833,0.6067924391875056,0.5598895219198365,0.567910814837136,0.5756124976598916,0.5959946870505773,0.5312438372642524,0.49254774313503247
GOOGL,0.3045339509115052,0.343710391140037,0.4736492970340924,0.33601759795866587,0.0,0.04302533036754636,0.469307686274398,0.352005465482383,0.5035387567397286,0.5469764213907868,0.4450293038695163,0.5126800258132358,0.3591662035672302,0.4354266094248207,0.4915526740727657,0.5717523261249111,0.3618908668988728,0.39791219001248057,0.45812186147934914,0.49012316693995545,0.5128111421068633,0.48726786882725254,0.5135726159292905,0.5170182171493606,0.5342281983839114,0.5385188254865284,0.4917607919370786,0.49586650096810836,0.6851307082252287,0.48041791270517803,0.4223014468860053,0.5270996261710046,0.46306836091513903,0.501086627744371,0.47360699049550453,0.5775398909436608,0.4883195533811952,0.3996071314925932,0.5704921184935999,0.5955662378399876,0.5662204894477432,0.48593056967388665,0.4921332928255676,0.4877360847682429,0.5594529437035494,0.4271438586504815,0.4418252081039806
GOOG,0.31521714130640355,0.3470110230032132,0.4692167148052141,0.3263200044815056,0.04302533036754636,0.0,0.4735000089149032,0.3611511666068365,0.5013919893192166,0.54461601513484,0.454010756674925,0.5108295830916659,0.37046277705139286,0.43809918698969197,0.49433331968847544,0.5561578107588394,0.3634051207901885,0.40245876652934065,0.46468603496882105,0.4920963150687536,0.5166365247260265,0.49597324511323426,0.5133494440459292,0.5173139701388489,0.5374798335626689,0.5343326570174388,0.4931175620988799,0.49923349407722956,0.683522408228476,0.4836467925224187,0.42496978540886887,0.5359217884351215,0.4648677414607402,0.5050878276719317,0.47823478829823235,0.5775050760069727,0.4919028294517059,0.405349587406773,0.5710879536062832,0.6042881345215634,0.5739846142933662,0.4877954586330371,0.49820579993516256,0.4974435680251446,0.5612578813487274,0.4335435256562193,0.4496671858418677
JNJ,0.4128765516706105,0.4857988526080208,0.5309297035719607,0.5552082032580793,0.469307686274398,0.4735000089149032,0.0,0.5041996451820807,0.4457858142192467,0.620737768671026,0.46105148379045074,0.4459944699452568,0.5236545731093802,0.4829197744416672,0.4316492810782458,0.6122478575794031,0.44711116085847286,0.5419792168254224,0.5697247452449142,0.5457252604222582,0.43720918746253595,0.46900098633681453,0.37750954749354454,0.5639535711643421,0.43216495842946584,0.6146754323713378,0.51572572081221,0.5838382728686861,0.5989658372310129,0.45572673035375233,0.5112855603198974,0.4856856811077414,0.5509408441106053,0.45485074194638453,0.5439069209415243,0.5112272545243468,0.4840162473929959,0.5051904974556168,0.5400852722676043,0.4251823093853029,0.4763803083393005,0.4973877772440977,0.5009800034903112,0.35293396331224086,0.5521427696591862,0.5302862681652892,0.48452722070846166
V,0.3965080807382092,0.43580446676785145,0.6223881957550369,0.46811833420653115,0.352005465482383,0.3611511666068365,0.5041996451820807,0.0,0.5152596055765312,0.39866719478411283,0.33987053937396844,0.5666189210036293,0.14267600335268846,0.4812712621551068,0.45066418982828504,0.6978924151901225,0.4449702378566652,0.42704184477209456,0.4559456297928543,0.394389671501675,0.47191029270015455,0.42108427741215376,0.5056486360344249,0.40670272113494815,0.46819472213675406,0.39690774342210444,0.35516845778855605,0.357889088023713,0.6888370310751437,0.5637826266532201,0.45427896364861275,0.5584038553862324,0.3301749083892901,0.47937609851724305,0.3719633185057802,0.6197005393020728,0.5677451543062295,0.2767927910691639,0.47957468731285763,0.6318317334728343,0.5691525184841432,0.3381907149533069,0.34141390149416345,0.48263780825854785,0.513419855832722,0.3756353161258459,0.3863856453043493
PG,0.5005226410986003,0.48614617526080484,0.5873225057883789,0.5811805383534069,0.5035387567397286,0.5013919893192166,0.4457858142192467,0.5152596055765312,0.0,0.5540710051284665,0.49768500753075073,0.5109956481976906,0.543388319240364,0.5851808399402582,0.4404266872156292,0.6304393979483554,0.5693430671813745,0.592253787721603,0.6489947027552795,0.4784261502321313,0.550094326116927,0.5603513024034408,0.5362113525919125,0.531751156723128,0.4115571649139447,0.5513016556886672,0.4418072550553655,0.5034147376631769,0.5784234730663439,0.5519443549759374,0.555610810974619,0.6230410654315485,0.5099066063135784,0.5864949160574976,0.5482559452063566,0.5851593606885943,0.561193829172611,0.5240029584822969,0.48014514401776737,0.5798895197472355,0.6165027732017097,0.4966548183282223,0.5158475023302598,0.5347820719629198,0.5034161539874761,0.5508293625683993,0.5141563850298818
JPM,0.6015810896463056,0.5929885795619014,0.7036091108669608,0.5835501461905623,0.5469764213907868,0.54461601513484,0.620737768671026,0.39866719478411283,0.5540710051284665,0.0,0.44856944700753226,0.5732078286952589,0.3928246947961414,0.6660749687756572,0.503728512387951,0.6571490343870545,0.6296216493314275,0.5495800005885171,0.6490749434159119,0.2939783431615249,0.5548337346161407,0.506025819960195,0.552283315680614,0.40509502900616434,0.5528556089450407,0.13124837576017673,0.3416157747298915,0.3069747391263099,0.6487732697669213,0.6638064472022205,0.5811657710135971,0.6515192461214813,0.29573954309483924,0.6141147902620022,0.39382351237033925,0.6876381252305447,0.6668436927727837,0.4093151275260211,0.5191267434296524,0.7003575405242591,0.6069183970527692,0.4141370716833063,0.3915070413091405,0.5925783213152538,0.4511014688874098,0.44808567999034515,0.39792652163862446
HD,0.415285187420158,0.44609225338524366,0.6417635490627548,0.533439539072022,0.4450293038695163,0.454010756674925,0.46105148379045074,0.33987053937396844,0.49768500753075073,0.44856944700753226,0.0,0.5228419423097843,0.3714994667548216,0.4972399041745643,0.38363713131549043,0.6941356742168794,0.46549760173623445,0.47153573090027745,0.5027774161121635,0.36559585588467897,0.4555799542599329,0.3686417860577231,0.4482578400866181,0.4265467943212016,0.3649445581194784,0.4173743254652502,0.401779622272594,0.4162389443759815,0.6435572320632618,0.5309552829715555,0.48943436025797576,0.48982471502308184,0.3840995554987649,0.46323380385438295,0.38796031325554464,0.5651411080800629,0.5363674124995111,0.3808796144952148,0.4925941400906889,0.5456816239140535,0.45141953597994416,0.40437566775647754,0.35154298143434315,0.44623224642790615,0.45273463534328906,0.4048285134958019,0.3767953359568513
UNH,0.4620830163839024,0.4530251029738899,0.5167899776142422,0.53003575701721,0.5126800258132358,0.5108295830916659,0.4459944699452568,0.5666189210036293,0.5109956481976906,0.5732078286952589,0.5228419423097843,0.0,0.5788649051503529,0.5233238857569262,0.5527394400303893,0.5784155631015448,0.523817622357004,0.5259873890077806,0.6446420858853465,0.5284344177154544,0.5201382695026917,0.5141213100301737,0.4510027605483631,0.5344826796298613,0.52275641851855,0.5662158764421916,0.5421144419044363,0.5618242097451974,0.6750759274278986,0.4730422673240832,0.5629402982218722,0.5524278215485611,0.5541770418959381,0.5337735369067248,0.5712230954227329,0.5211862526701312,0.5357137972604753,0.5515387088363225,0.60526722937738,0.5501070962344449,0.5196094923876228,0.5510589337362537,0.5569601925297573,0.4554200989021768,0.5914046674325527,0.527430393513304,0.49067768948768153
MA,0.4229145514471439,0.4445388424134807,0.6269665955277383,0.4616628262028974,0.3591662035672302,0.37046277705139286,0.5236545731093802,0.14267600335268846,0.543388319240364,0.3928246947961414,0.3714994667548216,0.5788649051503529,0.0,0.5119405601277035,0.4868324803598296,0.7028133281647384,0.4752029129797817,0.4444203474689054,0.46482536257417734,0.414953961649824,0.4906110103245099,0.44634194332834953,0.5176261982744926,0.4267521251382389,0.4914166088717002,0.40031831185982464,0.3645737088040447,0.35755285443911994,0.6841844203729854,0.597458763284963,0.45333787388051666,0.5585764697492039,0.31892744364141423,0.5123782718170301,0.38342429845235987,0.6345336986303173,0.5791604446547423,0.320386373607308,0.4872420706793212,0.611731202797198,0.5618049845708725,0.358402294485785,0.3487712761197287,0.49113314940158254,0.5025198839146398,0.4061025578287185,0.39667730370109955
NVDA,0.3281651916535137,0.39953806201133035,0.45225464899291784,0.4823901965045031,0.4354266094248207,0.43809918698969197,0.4829197744416672,0.4812712621551068,0.5851808399402582,0.6660749687756572,0.4972399041745643,0.5233238857569262,0.5119405601277035,0.0,0.517573729557657,0.5621638820813002,0.38026445056028185,0.37961527005633006,0.45889136431042005,0.5907684188788636,0.5486159556771247,0.4479206616205415,0.5432625647794274,0.5635026198737756,0.48594072988072684,0.6444441034593136,0.5840759142209504,0.6181028509285293,0.5929124819354777,0.46834444968111216,0.4359443679915392,0.516996431993469,0.6046470428775134,0.4159036964844298,0.5397570168917468,0.5482386696562396,0.447551317783863,0.5049963826318808,0.5854731274688486,0.6104797118765289,0.5908114922320429,0.5189677481793012,0.5669327818884453,0.4475294375107349,0.608433521585318,0.4582218277631962,0.5140397997542768
VZ,0.4712967984743298,0.5003958013299716,0.6400564687081536,0.6073099006742643,0.4915526740727657,0.49433331968847544,0.4316492810782458,0.45066418982828504,0.4404266872156292,0.503728512387951,0.38363713131549043,0.5527394400303893,0.4868324803598296,0.517573729557657,0.0,0.7062503424416173,0.5348706382985857,0.4631457899840402,0.5841353531509806,0.3926957350871828,0.47012630491719015,0.4091148322600689,0.44280093584429114,0.47857615236301876,0.43875921511065996,0.4884177767215657,0.4107882198088875,0.487752342414237,0.6292471811692775,0.5053600598494985,0.5667058749652233,0.53137997739965,0.4778935690982789,0.5195832010913237,0.4402825932359339,0.6153847165135443,0.4935586811902677,0.461543896491574,0.46915720220817086,0.5560915084077378,0.5873440178802746,0.4434665973182499,0.46983410554829647,0.48105192509972017,0.44875822091471124,0.39364153383886596,0.4435911684046716
NFLX,0.5642787466978991,0.5540633443280326,0.4115488431917453,0.5699620195819161,0.5717523261249111,0.5561578107588394,0.6122478575794031,0.6978924151901225,0.6304393979483554,0.6571490343870545,0.6941356742168794,0.5784155631015448,0.7028133281647384,0.5621638820813002,0.7062503424416173,0.0,0.5596932644699447,0.6290808514363754,0.656375214337548,0.6846192438761474,0.6861169947395892,0.6981620503856864,0.6640085631309376,0.6910234574951455,0.6584160835413118,0.6761031508647874,0.6955215696587549,0.6797012334606631,0.6222892863846692,0.6112341681354363,0.6340728921182994,0.6693449644993156,0.6927499335974605,0.6646851403135129,0.6766858727877689,0.5653938791623819,0.6278543221098215,0.7035821420208852,0.7018760358742206,0.6515895586134656,0.6420135819356189,0.704005085233373,0.7008394015884667,0.6571618121314213,0.7009747370718024,0.6930884565039894,0.6798884293109926
ADBE,0.26500194298440416,0.3692487459902135,0.43617828749695486,0.4238418132040703,0.3618908668988728,0.3634051207901885,0.44711116085847286,0.4449702378566652,0.5693430671813745,0.6296216493314275,0.46549760173623445,0.523817622357004,0.4752029129797817,0.38026445056028185,0.5348706382985857,0.5596932644699447,0.0,0.4397996858584069,0.44799815535039783,0.5539560659888312,0.5283880488422507,0.4653227390819408,0.49901798700898026,0.5380064012940933,0.4927930783456481,0.6105678148726311,0.5359433810026294,0.5864891840065763,0.6676774708781013,0.42029491787304174,0.3646600982773524,0.4967825289206873,0.5608654338084214,0.42848296849028145,0.5155380865445134,0.4963224620558902,0.45593618278598236,0.42518440383847156,0.6056556988505887,0.5382650767048864,0.5470246095794068,0.5064806538752887,0.503795003032127,0.44066721382878954,0.5827879813947613,0.47018296097065754,0.4970490344389407
INTC,0.3575502312497561,0.40600317980516537,0.4984448470589876,0.49771936707872405,0.39791219001248057,0.40245876652934065,0.5419792168254224,0.42704184477209456,0.592253787721603,0.5495800005885171,0.47153573090027745,0.5259873890077806,0.4444203474689054,0.37961527005633006,0.4631457899840402,0.6290808514363754,0.4397996858584069,0.0,0.5090336989350009,0.47396722451463286,0.5279963973287681,0.40082889018349377,0.5351733367507718,0.4782993016910198,0.5514467300779448,0.5233489603720688,0.496912562059312,0.5085064168624401,0.6603771744537377,0.5090524426382056,0.518084565050729,0.5434621522967166,0.49242457993191713,0.4769400235674539,0.4319838375277811,0.6060288659002726,0.4514272193651305,0.48795213303788726,0.5695696627177015,0.641913998557531,0.5870579574644205,0.4913359987899493,0.5329524549885118,0.48133846157779925,0.5163345530700717,0.2955103931881757,0.4542189465201609
PYPL,0.4323079868227079,0.5008858512315439,0.568575389648692,0.49803942537025914,0.45812186147934914,0.46468603496882105,0.5697247452449142,0.4559456297928543,0.6489947027552795,0.6490749434159119,0.5027774161121635,0.6446420858853465,0.46482536257417734,0.45889136431042005,0.5841353531509806,0.656375214337548,0.44799815535039783,0.5090336989350009,0.0,0.6400641968599429,0.6373265829146564,0.5250565806129895,0.6159251322413977,0.6077993768711086,0.5679524196413551,0.6406724177555668,0.6151891045404202,0.6043188443422246,0.707005845642237,0.4892843418952485,0.47398325986058665,0.5951349175600131,0.5569029423163537,0.4968009641079382,0.5292134281587685,0.6194216798332332,0.606918048604266,0.45477477081309553,0.5761578296719658,0.6165064598031621,0.6127656988045488,0.5410590775521285,0.529004464960885,0.5037317134304528,0.6574287947701412,0.5029947711901653,0.5745523655850958
T,0.5256696748710381,0.5175429733485181,0.665480573100386,0.5885515960118535,0.49012316693995545,0.4920963150687536,0.5457252604222582,0.394389671501675,0.4784261502321313,0.2939783431615249,0.36559585588467897,0.5284344177154544,0.414953961649824,0.5907684188788636,0.3926957350871828,0.6846192438761474,0.5539560659888312,0.47396722451463286,0.6400641968599429,0.0,0.5304638755691093,0.41279594503543265,0.493991706976577,0.31892342537829044,0.4875118395614321,0.2525663370087729,0.30088914408283934,0.355426341349025,0.6911229582854368,0.5609507633033348,0.5407430077246751,0.5706187402023576,0.33692663393678185,0.5786226597316557,0.40132202266093675,0.6421545163011312,0.5604874984561189,0.3875499078995284,0.5358587970939337,0.6567870043349773,0.5608569581040493,0.38468128981191085,0.3923617842758529,0.556320253064449,0.3917603750720636,0.3836909096449505,0.4013158038803751
PFE,0.5078182679019723,0.549984333501426,0.6148112763477437,0.5965576366717668,0.5128111421068633,0.5166365247260265,0.43720918746253595,0.47191029270015455,0.550094326116927,0.5548337346161407,0.4555799542599329,0.5201382695026917,0.4906110103245099,0.5486159556771247,0.47012630491719015,0.6861169947395892,0.5283880488422507,0.5279963973287681,0.6373265829146564,0.5304638755691093,0.0,0.45077630900959387,0.40563020964962626,0.5410118795519167,0.5184596280719508,0.563969909999863,0.49739781658491833,0.542641459061157,0.6738219459238973,0.5339557402638887,0.5567573583920038,0.48663160314413,0.5292806954852587,0.5170833420701709,0.5317390242973787,0.4993794278338878,0.5592996603580884,0.5322276738789014,0.5458088077985344,0.5695083817871771,0.5286556940399237,0.5366517172527263,0.4535776580493364,0.46841031514867243,0.5498680866727608,0.5186068436943877,0.5226776742110588
CSCO,0.43668685152807674,0.481105365644235,0.5744997562286376,0.5812044165782827,0.48726786882725254,0.49597324511323426,0.46900098633681453,0.42108427741215376,0.5603513024034408,0.506025819960195,0.3686417860577231,0.5141213100301737,0.44634194332834953,0.4479206616205415,0.4091148322600689,0.6981620503856864,0.4653227390819408,0.40082889018349377,0.5250565806129895,0.41279594503543265,0.45077630900959387,0.0,0.4504563201008291,0.4486872368518521,0.49231467464858025,0.48042494960995263,0.4829073579339164,0.465009161291546,0.6842565352409996,0.494713858404996,0.5242526748680749,0.47550858968493304,0.4535274068421298,0.47797553519508984,0.45315339709663366,0.5714267695898517,0.5451359307493652,0.42318605179405283,0.5419534656845135,0.560157000075867,0.5170846682119322,0.4469879376702602,0.437361960555237,0.4373570424687504,0.5198980509561728,0.3714032120206029,0.49175414647283777
MRK,0.4934710558831912,0.5333153530583326,0.5951943557578759,0.5959381360907695,0.5135726159292905,0.5133494440459292,0.37750954749354454,0.5056486360344249,0.5362113525919125,0.552283315680614,0.4482578400866181,0.4510027605483631,0.5176261982744926,0.5432625647794274,0.44280093584429114,0.6640085631309376,0.49901798700898026,0.5351733367507718,0.6159251322413977,0.493991706976577,0.40563020964962626,0.4504563201008291,0.0,0.4933053674502808,0.49751344793499275,0.5452352515029136,0.49309813814006576,0.5727094347155932,0.6501285051531865,0.4926358494520281,0.5581006876422345,0.43137581722555723,0.5317120035464395,0.45958075175088586,0.5377969110479143,0.4523966142723195,0.5110299520785927,0.4983274924541579,0.5434174944466494,0.43689047893507643,0.4206205471331329,0.4978136858674031,0.4897090351236072,0.4408757523465411,0.525957965260664,0.4842708238232457,0.5103563213386848
CMCSA,0.5339033087947428,0.5298636562343911,0.6217744216535748,0.5728861557431454,0.5170182171493606,0.5173139701388489,0.5639535711643421,0.40670272113494815,0.531751156723128,0.40509502900616434,0.4265467943212016,0.5344826796298613,0.4267521251382389,0.5635026198737756,0.47857615236301876,0.6910234574951455,0.5380064012940933,0.4782993016910198,0.6077993768711086,0.31892342537829044,0.5410118795519167,0.4486872368518521,0.4933053674502808,0.0,0.4972974526217223,0.38539636891882884,0.3155849974963111,0.43809095033391826,0.678635359149426,0.5772340596895923,0.5497093324602157,0.6019227948517647,0.425874384636388,0.5710127929732906,0.38848218409138496,0.6150787006346925,0.5449941660142277,0.42518837344647925,0.51392578914349,0.667310693992439,0.5938121418417507,0.386230545819722,0.426031064258951,0.5709167023150395,0.42726486177273076,0.3881031772432006,0.4561020673141575
PEP,0.4400574710052206,0.44156663692080517,0.6116594811003356,0.5699250151660892,0.5342281983839114,0.5374798335626689,0.43216495842946584,0.46819472213675406,0.4115571649139447,0.5528556089450407,0.3649445581194784,0.52275641851855,0.4914166088717002,0.48594072988072684,0.43875921511065996,0.6584160835413118,0.4927930783456481,0.5514467300779448,0.5679524196413551,0.4875118395614321,0.5184596280719508,0.49231467464858025,0.49751344793499275,0.4972974526217223,0.0,0.5352855883236992,0.3991513210055167,0.5490485062441072,0.5747201347305233,0.5496885663192376,0.4750672947188411,0.5552840861759798,0.551425660085184,0.48592749058688756,0.48812257655012253,0.535404201978303,0.4806768798969867,0.46575664688228385,0.47758274001983536,0.5521384756866373,0.5122409001917724,0.43910153038586225,0.48302711045001195,0.43870622271769105,0.40671304420780663,0.528890656011491,0.44181640106623443
BAC,0.589172239523211,0.5729843805354459,0.6942317886314119,0.5650293572914082,0.5385188254865284,0.5343326570174388,0.6146754323713378,0.39690774342210444,0.5513016556886672,0.13124837576017673,0.4173743254652502,0.5662158764421916,0.40031831185982464,0.6444441034593136,0.4884177767215657,0.6761031508647874,0.6105678148726311,0.5233489603720688,0.6406724177555668,0.2525663370087729,0.563969909999863,0.48042494960995263,0.5452352515029136,0.38539636891882884,0.5352855883236992,0.0,0.34271637680125305,0.30031088068829315,0.6682680128515517,0.662681953812997,0.5793511084686934,0.6342244717038271,0.28637454246628513,0.6148398914599749,0.3951569467802602,0.6675958089409237,0.6479370014996901,0.39873007035178787,0.5475496269232706,0.6924816634506296,0.5945992970905882,0.4041231333489913,0.40568716840264396,0.6017361584920949,0.4354035334847441,0.43006997100126826,0.40873242791868886
KO,0.5077901018384974,0.4893367968181003,0.6802938547810962,0.5580251361863363,0.4917607919370786,0.4931175620988799,0.51572572081221,0.35516845778855605,0.4418072550553655,0.3416157747298915,0.401779622272594,0.5421144419044363,0.3645737088040447,0.5840759142209504,0.4107882198088875,0.6955215696587549,0.5359433810026294,0.496912562059312,0.6151891045404202,0.30088914408283934,0.49739781658491833,0.4829073579339164,0.49309813814006576,0.3155849974963111,0.3991513210055167,0.34271637680125305,0.0,0.3925685298896434,0.6659612185942103,0.5806090348545878,0.49934851572485467,0.5801119520883913,0.3818556860686728,0.5563383529912913,0.3744831851249285,0.6304722380036213,0.5404559846890666,0.39622748791513734,0.41827703120415716,0.6352123011960814,0.5845123237625096,0.3447858434704474,0.3926494955833235,0.5206591367053429,0.32350193396033444,0.41867382172158135,0.35869596099831946
XOM,0.5391884676155794,0.5393847601183078,0.6586959415050218,0.5445238803425347,0.49586650096810836,0.49923349407722956,0.5838382728686861,0.357889088023713,0.5034147376631769,0.3069747391263099,0.4162389443759815,0.5618242097451974,0.35755285443911994,0.6181028509285293,0.487752342414237,0.6797012334606631,0.5864891840065763,0.5085064168624401,0.6043188443422246,0.355426341349025,0.542641459061157,0.465009161291546,0.5727094347155932,0.43809095033391826,0.5490485062441072,0.30031088068829315,0.3925685298896434,0.0,0.6804140106767136,0.6453219601856732,0.5615698332573877,0.6221182554687729,0.18389266859342163,0.6370691561152121,0.3921738405251803,0.6719463427307396,0.6676684637842991,0.4117067849473029,0.5165205111705538,0.662692784604027,0.5797091895992582,0.38673775309278047,0.37384787223222476,0.5925450395422003,0.4825985320062436,0.40980264258667837,0.4230858827864023
WMT,0.6512628822005894,0.642808775201137,0.671102454825716,0.6951966920512875,0.6851307082252287,0.683522408228476,0.5989658372310129,0.6888370310751437,0.5784234730663439,0.6487732697669213,0.6435572320632618,0.6750759274278986,0.6841844203729854,0.5929124819354777,0.6292471811692775,0.6222892863846692,0.6676774708781013,0.6603771744537377,0.707005845642237,0.6911229582854368,0.6738219459238973,0.6842565352409996,0.6501285051531865,0.678635359149426,0.5747201347305233,0.6682680128515517,0.6659612185942103,0.6804140106767136,0.0,0.6385276566548215,0.700404524361263,0.6398169898385653,0.6858496486918575,0.6418675626576642,0.6887906159040053,0.6641803113368863,0.5018528059100025,0.7009238815459798,0.6240845820187189,0.6284594746811017,0.6339911007193769,0.6328814800357077,0.6969706683036285,0.6450645990076165,0.5937438915354252,0.6645859518406823,0.6780848466300292
ABT,0.4224539966821303,0.49711777227899984,0.5148968050850158,0.5690737838558692,0.48041791270517803,0.4836467925224187,0.45572673035375233,0.5637826266532201,0.5519443549759374,0.6638064472022205,0.5309552829715555,0.4730422673240832,0.597458763284963,0.46834444968111216,0.5053600598494985,0.6112341681354363,0.42029491787304174,0.5090524426382056,0.4892843418952485,0.5609507633033348,0.5339557402638887,0.494713858404996,0.4926358494520281,0.5772340596895923,0.5496885663192376,0.662681953812997,0.5806090348545878,0.6453219601856732,0.6385276566548215,0.0,0.48088644251812807,0.5113084033028155,0.6126574445784654,0.43419955707587626,0.5518889662669091,0.5007681830893786,0.5180628319566518,0.4922654651081788,0.5756955966919415,0.571863186761972,0.5662969476310082,0.5671185125978458,0.5388188682527748,0.4398159462285578,0.6168592049159117,0.5062251083139574,0.542675203929606
CRM,0.3513272358736937,0.43000459914373534,0.5235617151541179,0.4667493578590956,0.4223014468860053,0.42496978540886887,0.5112855603198974,0.45427896364861275,0.555610810974619,0.5811657710135971,0.48943436025797576,0.5629402982218722,0.45333787388051666,0.4359443679915392,0.5667058749652233,0.6340728921182994,0.3646600982773524,0.518084565050729,0.47398325986058665,0.5407430077246751,0.5567573583920038,0.5242526748680749,0.5581006876422345,0.5497093324602157,0.4750672947188411,0.5793511084686934,0.49934851572485467,0.5615698332573877,0.700404524361263,0.48088644251812807,0.0,0.5563515168067104,0.5557945138701018,0.4948739303134855,0.4923898630401022,0.5407808863869278,0.509460510433613,0.4298771747479699,0.5611823809134322,0.5877097900361231,0.5787102614849706,0.4884298415668816,0.49471286402241715,0.505544738434376,0.5306546692893614,0.5223872764597681,0.4783217480537022
ABBV,0.5006847141467905,0.5183021442182896,0.6322437712338259,0.582419092445334,0.5270996261710046,0.5359217884351215,0.4856856811077414,0.5584038553862324,0.6230410654315485,0.6515192461214813,0.48982471502308184,0.5524278215485611,0.5585764697492039,0.516996431993469,0.53137997739965,0.6693449644993156,0.4967825289206873,0.5434621522967166,0.5951349175600131,0.5706187402023576,0.48663160314413,0.47550858968493304,0.43137581722555723,0.6019227948517647,0.5552840861759798,0.6342244717038271,0.5801119520883913,0.6221182554687729,0.6398169898385653,0.5113084033028155,0.5563515168067104,0.0,0.5889998956516244,0.5001470778439994,0.6175732904546727,0.5284012729007166,0.5439204055352841,0.5422154225752902,0.6710088627144353,0.4538769900103422,0.4120626504713302,0.596888652618693,0.5341527907105116,0.49121994641922934,0.5801309330421824,0.5605220920140773,0.5704901818138178
CVX,0.5239784344123174,0.5325359394195915,0.6659134930248649,0.5303885459915655,0.46306836091513903,0.4648677414607402,0.5509408441106053,0.3301749083892901,0.5099066063135784,0.29573954309483924,0.3840995554987649,0.5541770418959381,0.31892744364141423,0.6046470428775134,0.4778935690982789,0.6927499335974605,0.5608654338084214,0.49242457993191713,0.5569029423163537,0.33692663393678185,0.5292806954852587,0.4535274068421298,0.5317120035464395,0.425874384636388,0.551425660085184,0.28637454246628513,0.3818556860686728,0.18389266859342163,0.6858496486918575,0.6126574445784654,0.5557945138701018,0.5889998956516244,0.0,0.6027794485198201,0.3963035819539136,0.6681847324878926,0.6681010073711975,0.38349652261007666,0.5177635239930245,0.638782624269293,0.559259919051508,0.3918214627498863,0.3574448539587377,0.5598001393841132,0.48424618595010865,0.4093385499918264,0.4151373135593446
TMO,0.40909047101192636,0.4689625889297413,0.55693192769496,0.5593472514482581,0.501086627744371,0.5050878276719317,0.45485074194638453,0.47937609851724305,0.5864949160574976,0.6141147902620022,0.46323380385438295,0.5337735369067248,0.5123782718170301,0.4159036964844298,0.5195832010913237,0.6646851403135129,0.42848296849028145,0.4769400235674539,0.4968009641079382,0.5786226597316557,0.5170833420701709,0.47797553519508984,0.45958075175088586,0.5710127929732906,0.48592749058688756,0.6148398914599749,0.5563383529912913,0.6370691561152121,0.6418675626576642,0.43419955707587626,0.4948739303134855,0.5001470778439994,0.6027794485198201,0.0,0.5017709246871368,0.5349172539608797,0.47190667246162293,0.48894772656050767,0.5534844160297492,0.5374065868638791,0.4896831630418349,0.5329709592160674,0.5048711791390312,0.3316044955671413,0.6145972021185506,0.4727585177361043,0.5251244370587806
MCD,0.4669369147209328,0.49071193063192076,0.6051308081041525,0.49827638520863377,0.47360699049550453,0.47823478829823235,0.5439069209415243,0.3719633185057802,0.5482559452063566,0.39382351237033925,0.38796031325554464,0.5712230954227329,0.38342429845235987,0.5397570168917468,0.4402825932359339,0.6766858727877689,0.5155380865445134,0.4319838375277811,0.5292134281587685,0.40132202266093675,0.5317390242973787,0.45315339709663366,0.5377969110479143,0.38848218409138496,0.48812257655012253,0.3951569467802602,0.3744831851249285,0.3921738405251803,0.6887906159040053,0.5518889662669091,0.4923898630401022,0.6175732904546727,0.3963035819539136,0.5017709246871368,0.0,0.6533151865642653,0.5515584505645247,0.4122722640988282,0.4160984710269284,0.6562773582836038,0.5897034665059917,0.3913329202001535,0.44166376779627303,0.5092928981970303,0.4544354573868704,0.3497789940376987,0.3452527285244405
AMGN,0.5185683872693335,0.5908689947132293,0.5051265716312284,0.5819746877832072,0.5775398909436608,0.5775050760069727,0.5112272545243468,0.6197005393020728,0.5851593606885943,0.6876381252305447,0.5651411080800629,0.5211862526701312,0.6345336986303173,0.5482386696562396,0.6153847165135443,0.5653938791623819,0.4963224620558902,0.6060288659002726,0.6194216798332332,0.6421545163011312,0.4993794278338878,0.5714267695898517,0.4523966142723195,0.6150787006346925,0.535404201978303,0.6675958089409237,0.6304722380036213,0.6719463427307396,0.6641803113368863,0.5007681830893786,0.5407808863869278,0.5284012729007166,0.6681847324878926,0.5349172539608797,0.6533151865642653,0.0,0.5649666949955192,0.6123376079098505,0.6523375738293841,0.5326818575705301,0.5207392370368079,0.603885075762542,0.5673080051281825,0.519454462614734,0.615386320127083,0.6321346580124264,0.6349074331844546
COST,0.41363927202008205,0.43518926907640415,0.5255844470207364,0.5618310551865863,0.4883195533811952,0.4919028294517059,0.4840162473929959,0.5677451543062295,0.561193829172611,0.6668436927727837,0.5363674124995111,0.5357137972604753,0.5791604446547423,0.447551317783863,0.4935586811902677,0.6278543221098215,0.45593618278598236,0.4514272193651305,0.606918048604266,0.5604874984561189,0.5592996603580884,0.5451359307493652,0.5110299520785927,0.5449941660142277,0.4806768798969867,0.6479370014996901,0.5404559846890666,0.6676684637842991,0.5018528059100025,0.5180628319566518,0.509460510433613,0.5439204055352841,0.6681010073711975,0.47190667246162293,0.5515584505645247,0.5649666949955192,0.0,0.5511129639160032,0.6000593711749452,0.5371512015330185,0.5750483570455207,0.5234987818831545,0.5857661582773054,0.4890400680373614,0.522043159993405,0.46457428609369156,0.5347087087808496
ACN,0.41989660751120705,0.46008339632138046,0.6169391754124964,0.4917658684848424,0.3996071314925932,0.405349587406773,0.5051904974556168,0.2767927910691639,0.5240029584822969,0.4093151275260211,0.3808796144952148,0.5515387088363225,0.320386373607308,0.5049963826318808,0.461543896491574,0.7035821420208852,0.42518440383847156,0.48795213303788726,0.45477477081309553,0.3875499078995284,0.5322276738789014,0.42318605179405283,0.4983274924541579,0.42518837344647925,0.46575664688228385,0.39873007035178787,0.39622748791513734,0.4117067849473029,0.7009238815459798,0.4922654651081788,0.4298771747479699,0.5422154225752902,0.38349652261007666,0.48894772656050767,0.4122722640988282,0.6123376079098505,0.5511129639160032,0.0,0.5273777473453339,0.5834181976166082,0.5398028633074885,0.35741276217378276,0.3797632406301191,0.49252292285790744,0.49246606873360604,0.3956794185665124,0.4004713020984411
NEE,0.5541585235009889,0.5766477177043573,0.6731593219495742,0.6217040440177496,0.5704921184935999,0.5710879536062832,0.5400852722676043,0.47957468731285763,0.48014514401776737,0.5191267434296524,0.4925941400906889,0.60526722937738,0.4872420706793212,0.5854731274688486,0.46915720220817086,0.7018760358742206,0.6056556988505887,0.5695696627177015,0.5761578296719658,0.5358587970939337,0.5458088077985344,0.5419534656845135,0.5434174944466494,0.51392578914349,0.47758274001983536,0.5475496269232706,0.41827703120415716,0.5165205111705538,0.6240845820187189,0.5756955966919415,0.5611823809134322,0.6710088627144353,0.5177635239930245,0.5534844160297492,0.4160984710269284,0.6523375738293841,0.6000593711749452,0.5273777473453339,0.0,0.6471134510511161,0.6536495518180041,0.48612299370105544,0.5221238664468654,0.5236822193395891,0.5162609452569418,0.5235164178922981,0.4632870378506496
LLY,0.5229022818520542,0.5495577939987546,0.6076035916182588,0.6379998004038833,0.5955662378399876,0.6042881345215634,0.4251823093853029,0.6318317334728343,0.5798895197472355,0.7003575405242591,0.5456816239140535,0.5501070962344449,0.611731202797198,0.6104797118765289,0.5560915084077378,0.6515895586134656,0.5382650767048864,0.641913998557531,0.6165064598031621,0.6567870043349773,0.5695083817871771,0.560157000075867,0.43689047893507643,0.667310693992439,0.5521384756866373,0.6924816634506296,0.6352123011960814,0.662692784604027,0.6284594746811017,0.571863186761972,0.5877097900361231,0.4538769900103422,0.638782624269293,0.5374065868638791,0.6562773582836038,0.5326818575705301,0.5371512015330185,0.5834181976166082,0.6471134510511161,0.0,0.44543105673532973,0.6102068799513961,0.5953537973422761,0.5080086710085802,0.5958747967445492,0.6211820612845881,0.6146449431229719
BMY,0.535714595484787,0.5432089750467611,0.6144805856048214,0.6067924391875056,0.5662204894477432,0.5739846142933662,0.4763803083393005,0.5691525184841432,0.6165027732017097,0.6069183970527692,0.45141953597994416,0.5196094923876228,0.5618049845708725,0.5908114922320429,0.5873440178802746,0.6420135819356189,0.5470246095794068,0.5870579574644205,0.6127656988045488,0.5608569581040493,0.5286556940399237,0.5170846682119322,0.4206205471331329,0.5938121418417507,0.5122409001917724,0.5945992970905882,0.5845123237625096,0.5797091895992582,0.6339911007193769,0.5662969476310082,0.5787102614849706,0.4120626504713302,0.559259919051508,0.4896831630418349,0.5897034665059917,0.5207392370368079,0.5750483570455207,0.5398028633074885,0.6536495518180041,0.44543105673532973,0.0,0.5594696921381846,0.5239702952968972,0.4996204177245013,0.5587065499775064,0.5664632843057341,0.5371804500564141
LIN,0.4787239842010109,0.5032503603196784,0.6326237818247495,0.5598895219198365,0.48593056967388665,0.4877954586330371,0.4973877772440977,0.3381907149533069,0.4966548183282223,0.4141370716833063,0.40437566775647754,0.5510589337362537,0.358402294485785,0.5189677481793012,0.4434665973182499,0.704005085233373,0.5064806538752887,0.4913359987899493,0.5410590775521285,0.38468128981191085,0.5366517172527263,0.4469879376702602,0.4978136858674031,0.386230545819722,0.43910153038586225,0.4041231333489913,0.3447858434704474,0.38673775309278047,0.6328814800357077,0.5671185125978458,0.4884298415668816,0.596888652618693,0.3918214627498863,0.5329709592160674,0.3913329202001535,0.603885075762542,0.5234987818831545,0.35741276217378276,0.48612299370105544,0.6102068799513961,0.5594696921381846,0.0,0.34172703402853427,0.5047098202332778,0.4504452079814207,0.4055938142831509,0.42663694550276415
MDT,0.4953621076122793,0.5299293587084127,0.6453488636388891,0.567910814837136,0.4921332928255676,0.49820579993516256,0.5009800034903112,0.34141390149416345,0.5158475023302598,0.3915070413091405,0.35154298143434315,0.5569601925297573,0.3487712761197287,0.5669327818884453,0.46983410554829647,0.7008394015884667,0.503795003032127,0.5329524549885118,0.529004464960885,0.3923617842758529,0.4535776580493364,0.437361960555237,0.4897090351236072,0.426031064258951,0.48302711045001195,0.40568716840264396,0.3926494955833235,0.37384787223222476,0.6969706683036285,0.5388188682527748,0.49471286402241715,0.5341527907105116,0.3574448539587377,0.5048711791390312,0.44166376779627303,0.5673080051281825,0.5857661582773054,0.3797632406301191,0.5221238664468654,0.5953537973422761,0.5239702952968972,0.34172703402853427,0.0,0.4794901246645165,0.49852223696427245,0.43894284030136177,0.4617528409503215
DHR,0.38720867916967805,0.46815773394580384,0.551655240527545,0.5756124976598916,0.4877360847682429,0.4974435680251446,0.35293396331224086,0.48263780825854785,0.5347820719629198,0.5925783213152538,0.44623224642790615,0.4554200989021768,0.49113314940158254,0.4475294375107349,0.48105192509972017,0.6571618121314213,0.44066721382878954,0.48133846157779925,0.5037317134304528,0.556320253064449,0.46841031514867243,0.4373570424687504,0.4408757523465411,0.5709167023150395,0.43870622271769105,0.6017361584920949,0.5206591367053429,0.5925450395422003,0.6450645990076165,0.4398159462285578,0.505544738434376,0.49121994641922934,0.5598001393841132,0.3316044955671413,0.5092928981970303,0.519454462614734,0.4890400680373614,0.49252292285790744,0.5236822193395891,0.5080086710085802,0.4996204177245013,0.5047098202332778,0.4794901246645165,0.0,0.5721927646855267,0.46970100303567186,0.4805732792076626
