,MSFT,AAPL,AMZN,FB,GOOGL,GOOG,JNJ,V,PG,JPM,HD,UNH,MA,NVDA,VZ,NFLX,ADBE,INTC,PYPL,T,PFE,CSCO,MRK,CMCSA,PEP,BAC,KO,XOM,WMT,ABT,CRM,ABBV,CVX,TMO,MCD,AMGN,COST,ACN,NEE,LLY,BMY,LIN,MDT,DHR,PM,TXN,NKE
MSFT,0.0,0.33692508952619143,0.26413922393013445,0.3378124947875465,0.33294454360009046,0.33101682186212056,0.6047793653075946,0.5126775689167105,0.4443971872761082,0.6818632299920642,0.4496148913831627,0.4902153913782904,0.49055567604620803,0.32408727630279993,0.6217259033314755,0.4842321078273273,0.2656743385842429,0.56137461967692,0.40870517234097187,0.6927459257493175,0.6334875116016162,0.54325811779656,0.5661232007091734,0.49607390555576186,0.4539588414718189,0.6911680446316558,0.6273509158914563,0.699907197750714,0.4486220915499021,0.522990213319346,0.3852285936500516,0.606294766532699,0.6909440205539373,0.45244854780671573,0.5209608197700959,0.5278459747410845,0.44126945933921013,0.49872308954061945,0.5676519817777124,0.644043381288144,0.5461766615931327,0.5562380522752917,0.6870419719615469,0.4761795541721531,0.6782436042234188,0.308577848280418,0.632216841988322
AAPL,0.33692508952619143,0.0,0.31612520674966876,0.37576256901733995,0.4769073025359491,0.4733279573173143,0.6070426845124545,0.5547909707176611,0.48977875614266175,0.6915241988371285,0.5075758621782914,0.580988895168541,0.567153269851195,0.3591083401788679,0.6283401113266525,0.4541613729811037,0.37595973323175125,0.580366706451104,0.4490088217709071,0.7002363753625434,0.6506606711943345,0.5766952512770187,0.6276320526819161,0.5425815399843843,0.44790749174242295,0.6911075647249155,0.6417753737483569,0.7053461090726574,0.498892552958552,0.5193575460879677,0.5026664735558659,0.668929781747977,0.7001228812732025,0.515376186440037,0.5798969304523616,0.5344431535925794,0.4698070294113391,0.559251957214829,0.5679256800862948,0.6598037617514346,0.6217631259562546,0.5915292353166238,0.7036385249377679,0.5176545254689965,0.658367060863577,0.4124082619389934,0.6624418928303443
AMZN,0.26413922393013445,0.31612520674966876,0.0,0.32735901069813234,0.4449484811303372,0.4390249060267247,0.6672932695947659,0.5844581427899811,0.4889337400861293,0.6647244175966764,0.48348757646960705,0.5631432354687207,0.5805846829419913,0.36979450541491543,0.6799165647592751,0.4171734379633224,0.2873371912743428,0.6087865397904659,0.39326221791008537,0.6623345422511946,0.6889137523716858,0.6173438046573363,0.6043362954547268,0.5525215574839933,0.48641178923039374,0.669171970745788,0.6851487648817242,0.6621558469535576,0.5118351486679807,0.5562645709584346,0.45912792619597903,0.6675192841045937,0.6701789139301312,0.45613690148419134,0.5726146819817858,0.5544412597248269,0.42974842847700034,0.5663317100091965,0.5834363515303375,0.6456031454659571,0.581418053958996,0.642694818777319,0.6457833431428369,0.4982511058763795,0.6997118540816903,0.39222823428461095,0.6237286429780382
FB,0.3378124947875465,0.37576256901733995,0.32735901069813234,0.0,0.37976556935715045,0.3738266465586349,0.6459150337779983,0.5632552295411639,0.50643781603737,0.6871957034162134,0.4853326155020311,0.5256094435293952,0.5721432739753267,0.40472033072961466,0.674408125288035,0.5094914521098065,0.3681772007688903,0.6479531271061981,0.4074207923423778,0.6807187469105355,0.663522528872366,0.6108677314176054,0.5614827321447551,0.5124520429921637,0.5219554492659517,0.6751127530789365,0.6776560695057591,0.6943033230845658,0.5501721652948489,0.6001585783518538,0.5008279758278618,0.6644360016691288,0.6898903074020151,0.5113507841067892,0.5802747680136598,0.5816151999469406,0.4609190084366253,0.5491524537342563,0.6177463996249996,0.6215234143742334,0.574243169206927,0.6160069097105296,0.6875106132269418,0.5507267971971658,0.6898904190615042,0.4454761818595873,0.5896533610720814
GOOGL,0.33294454360009046,0.4769073025359491,0.4449484811303372,0.37976556935715045,0.0,0.039982200376377175,0.5608071904764518,0.47885153022547544,0.5269813597362296,0.6188161532595498,0.538836717934757,0.46650177937223397,0.4688794904638264,0.4965197000944107,0.5629815999374254,0.6202952756067954,0.4382908595587192,0.5864519939902126,0.5438429608750114,0.6406545832110394,0.5720670087440844,0.5260914126893435,0.5299633497310755,0.44956420960045546,0.4744135634430975,0.6361434378914373,0.5423633383285406,0.6292358571795306,0.5636570703099045,0.5888510482280994,0.5234001015971378,0.4904945106359118,0.6099553031479368,0.5325271410958371,0.5892691540000792,0.5276546721772369,0.5708679791198761,0.4988946258830217,0.6128325644272056,0.6177834622690398,0.49661869767958466,0.5435037270468385,0.622915027093246,0.5797820745582621,0.6570424465239422,0.42432602302717687,0.6533476751109585
GOOG,0.33101682186212056,0.4733279573173143,0.4390249060267247,0.3738266465586349,0.039982200376377175,0.0,0.5555087384859853,0.46942758993990596,0.5221687050176292,0.6166194910778638,0.5358857053004008,0.4644672028217126,0.4642873332222357,0.4926966644690563,0.5604174673621998,0.6261073522234893,0.4368894787656303,0.5854000822027602,0.5417361584986939,0.6375950339499952,0.5716779078667111,0.5235479172774016,0.5231302079257334,0.44184719744743545,0.4704229209828045,0.6347961519999137,0.5369126820166326,0.624989301840902,0.562280760917671,0.5884227725099298,0.5250927324120025,0.4958492583731152,0.6068635994118718,0.5274233270431129,0.5795559835301914,0.5266369897714986,0.5685823756629017,0.49328765802807445,0.6153518715615562,0.6161278670721462,0.4907787318446591,0.5435986913866727,0.6213125710815013,0.5784170918501125,0.6553862232174715,0.42044195787959937,0.6487722208676533
JNJ,0.6047793653075946,0.6070426845124545,0.6672932695947659,0.6459150337779983,0.5608071904764518,0.5555087384859853,0.0,0.47476697322714945,0.5902361829787985,0.5173776222300005,0.6331868493475143,0.5077453895770073,0.4898444241107776,0.6890294588532171,0.45432977850805456,0.678755758494167,0.6742113342989794,0.6022776049652878,0.6937368024632368,0.5145627124497174,0.504602090802809,0.48223569957609963,0.4819397768529587,0.5304973134809493,0.5093215096949023,0.5255091238953497,0.3964806687661281,0.540474083773883,0.6392871264188483,0.5436812826704654,0.6625478716571281,0.49885406908548263,0.5348753001260054,0.6487270347165965,0.6130614046888603,0.5094605648732081,0.6825788991817944,0.55497147553599,0.595550184030469,0.5764501602957056,0.5252161386068465,0.4792207478558185,0.45840789089935413,0.6303724234847994,0.5331124943542744,0.5773494536021648,0.6314235875947117
V,0.5126775689167105,0.5547909707176611,0.5844581427899811,0.5632552295411639,0.47885153022547544,0.46942758993990596,0.47476697322714945,0.0,0.6355913462935446,0.40438469989608633,0.6239570534089408,0.5015103483232205,0.20666433130586456,0.5963084791822983,0.4491042391567246,0.6978045835332028,0.5711090934476997,0.5653968516857397,0.6451904966250038,0.5447277760088675,0.47023298906157834,0.45888337076774816,0.522351779254953,0.3905949573647533,0.5015512378454033,0.43163756529629493,0.3593884541851716,0.4716348117191187,0.5849909581461397,0.6612742564538171,0.5369396738734831,0.5249623748448025,0.4443061994188226,0.7052008005623346,0.5594775400974594,0.4965989668543909,0.6727987574974909,0.45508673252291054,0.6180730412116958,0.6093008138506816,0.5010233929246157,0.4127985707957156,0.41523191544787585,0.696983471386391,0.5869287921317607,0.4802482640582838,0.6031290894677266
PG,0.4443971872761082,0.48977875614266175,0.4889337400861293,0.50643781603737,0.5269813597362296,0.5221687050176292,0.5902361829787985,0.6355913462935446,0.0,0.6577759159531674,0.4091333954427488,0.5916215185541129,0.6587109027631853,0.49153309151016367,0.5960676440075253,0.5349617078609579,0.4779944537363309,0.6544132314497051,0.5197152187390367,0.6906038704804256,0.6922121557255255,0.5390387901455143,0.5905558499924239,0.6456261363144402,0.44797916447046954,0.6522543691036415,0.6480726098937121,0.6371248941328175,0.40906643977686125,0.46821971875045165,0.5645018779721784,0.6564685931362911,0.6671332268152592,0.4389198258903684,0.5073340821646787,0.5934689392717737,0.3657311174802193,0.5580811235527322,0.5345237502252334,0.7051842116430715,0.6283884971108392,0.5619702078889822,0.6853396120194245,0.47219252333614964,0.6678663239155616,0.5121208432310288,0.6486370319142284
JPM,0.6818632299920642,0.6915241988371285,0.6647244175966764,0.6871957034162134,0.6188161532595498,0.6166194910778638,0.5173776222300005,0.40438469989608633,0.6577759159531674,0.0,0.6702301365747024,0.6271293120084009,0.39134126767830424,0.6622928420334376,0.4437264121587305,0.6145096997539995,0.6382744348567936,0.6240704395538881,0.604210371716428,0.4450651188583238,0.5315117090620497,0.512612518632067,0.6598227578939606,0.45553183341518444,0.6067231288263131,0.1804626676123119,0.3630543359170924,0.3500221601224066,0.6996767760478649,0.6866487322733718,0.6811333609001603,0.6065599377911849,0.3324907188424029,0.5810367070105723,0.6166238736555327,0.643384912431539,0.6196294867952272,0.5558299803543147,0.6386303845548702,0.6946905933557761,0.6212535851030201,0.47686051627493786,0.3372410901900605,0.5942979012777164,0.5658793486693671,0.6338003149415763,0.6682332499430247
HD,0.4496148913831627,0.5075758621782914,0.48348757646960705,0.4853326155020311,0.538836717934757,0.5358857053004008,0.6331868493475143,0.6239570534089408,0.4091333954427488,0.6702301365747024,0.0,0.5210086908253576,0.6623338336953174,0.49078543820983783,0.62910914034837,0.502771886456324,0.4776799572532851,0.6195120039261268,0.48899188200882904,0.6966764222628185,0.6847423838723455,0.5382651224356785,0.5949715509540692,0.6312207441118406,0.4787009089462738,0.6643721632144719,0.6625968251749729,0.6687646820301668,0.4329014206972991,0.4780472643586591,0.5472620884963721,0.6101885438097246,0.7026514989473993,0.5049710430762324,0.43999629624834813,0.5663515490308992,0.41403398986496887,0.5313539820082125,0.5697647495611883,0.6040312963280126,0.5529149962264791,0.5410806760833898,0.7004819707622792,0.5433074333888153,0.6382649979677962,0.5149051753732442,0.6601498460601457
UNH,0.4902153913782904,0.580988895168541,0.5631432354687207,0.5256094435293952,0.46650177937223397,0.4644672028217126,0.5077453895770073,0.5015103483232205,0.5916215185541129,0.6271293120084009,0.5210086908253576,0.0,0.5102412386115143,0.5552586538680173,0.5867408729270254,0.6482516163795242,0.5084015548278472,0.6120356384849799,0.5949083749224411,0.6523579157892536,0.5375285517335148,0.5817034943831809,0.41992404100728775,0.5597527363324618,0.5381806357193678,0.6389373460753439,0.587120414252329,0.650705473475437,0.64669679909531,0.5299756914612958,0.572175019817364,0.4250688332006736,0.6248013237143061,0.5564046439940818,0.6243774836575372,0.45175914167735315,0.6261400960068401,0.5911182008002466,0.7007070064175632,0.46740160405314085,0.37861266451476444,0.5730961771401074,0.587946177426377,0.5856567471735675,0.6146686223405159,0.5395318224631608,0.6122350851120224
MA,0.49055567604620803,0.567153269851195,0.5805846829419913,0.5721432739753267,0.4688794904638264,0.4642873332222357,0.4898444241107776,0.20666433130586456,0.6587109027631853,0.39134126767830424,0.6623338336953174,0.5102412386115143,0.0,0.5967961107403204,0.4957935839749674,0.6886204629004672,0.5683274953621142,0.5457626951461872,0.6492032537789081,0.5417687383771524,0.45639062694026705,0.4755024456919619,0.5407879040086161,0.3698042034099964,0.5318252814355058,0.424880902094507,0.3802920493191063,0.4694715972711177,0.625696979053257,0.692659328232455,0.5060470529717072,0.5448689327822668,0.46338147235508875,0.702037841206629,0.5677940005659438,0.5379825237269831,0.6760938971882431,0.4893855393091182,0.6481535760267443,0.6347337214132625,0.5262612853540716,0.45569779633140606,0.4047247194150375,0.6853279296441456,0.6059901992047788,0.4983790616476153,0.5994277686628675
NVDA,0.32408727630279993,0.3591083401788679,0.36979450541491543,0.40472033072961466,0.4965197000944107,0.4926966644690563,0.6890294588532171,0.5963084791822983,0.49153309151016367,0.6622928420334376,0.49078543820983783,0.5552586538680173,0.5967961107403204,0.0,0.6885137623990827,0.49146152263229387,0.30783785402312175,0.6241868167761031,0.42260367078465544,0.6340973321424388,0.6893701752903694,0.6191899397678133,0.6460873745951858,0.6255199182266854,0.5515727450927436,0.6478427540033906,0.6819002401569751,0.6440905668569763,0.49790069633533085,0.5407860712637738,0.46910845663246065,0.6940648292278755,0.6505473619075566,0.436109445605048,0.552928144490547,0.5647079577918097,0.45818072453615993,0.5750743851841822,0.5912718306285035,0.6932641148472803,0.6282897194380059,0.6472539459348893,0.6534214744719633,0.4435525614670506,0.6828894662405944,0.3811745032052578,0.6486712095096788
VZ,0.6217259033314755,0.6283401113266525,0.6799165647592751,0.674408125288035,0.5629815999374254,0.5604174673621998,0.45432977850805456,0.4491042391567246,0.5960676440075253,0.4437264121587305,0.62910914034837,0.5867408729270254,0.4957935839749674,0.6885137623990827,0.0,0.6863068912648572,0.6848550841110892,0.6627001434744658,0.6666206245440536,0.4290796204856912,0.5396872551211003,0.4884213215750134,0.579387020921618,0.4816313706417664,0.5418332995531094,0.44306789579266037,0.38970913815854435,0.503132856364158,0.5984531202890648,0.6216534361344278,0.696296971916444,0.5322486686534298,0.4814544589121911,0.6880753974104155,0.618683585115439,0.5394266466295711,0.7037508318483194,0.595890549156226,0.5422462669926355,0.6823583168875815,0.6262610225894311,0.45337767188970046,0.4583329548511756,0.6901260118199912,0.5610249460969806,0.5834312302161475,0.6959452243709996
NFLX,0.4842321078273273,0.4541613729811037,0.4171734379633224,0.5094914521098065,0.6202952756067954,0.6261073522234893,0.678755758494167,0.6978045835332028,0.5349617078609579,0.6145096997539995,0.502771886456324,0.6482516163795242,0.6886204629004672,0.49146152263229387,0.6863068912648572,0.0,0.45703430254279076,0.6505988603275006,0.5062651821290165,0.653131118661131,0.6691441312981266,0.6873425764330015,0.6776335742238917,0.6654277151858986,0.5703868623945078,0.6272312738885601,0.6497102204712738,0.6260320460208759,0.5299653970866675,0.5426524888685039,0.549871101642688,0.7020675602278574,0.6366613749965132,0.5505109371201143,0.6510849627945138,0.5985489717303375,0.46097642846395087,0.6618971773055409,0.5616314160794674,0.6751456595713119,0.6652097397240329,0.6685440916796709,0.595914293487299,0.5700394161971485,0.6829736583084314,0.4950979912508266,0.6890894962920021
ADBE,0.2656743385842429,0.37595973323175125,0.2873371912743428,0.3681772007688903,0.4382908595587192,0.4368894787656303,0.6742113342989794,0.5711090934476997,0.4779944537363309,0.6382744348567936,0.4776799572532851,0.5084015548278472,0.5683274953621142,0.30783785402312175,0.6848550841110892,0.45703430254279076,0.0,0.5999269710114749,0.3819889950581673,0.6501842380749999,0.6271207829190864,0.5905462763282264,0.5757276530162417,0.5800409980089865,0.5179838878757458,0.6399727377650772,0.7052465818309384,0.6286499328827332,0.5198257095536282,0.5478683367443816,0.42449265569415384,0.6193197727767356,0.6326471007450781,0.4447720000463687,0.5987350775010212,0.540531685640531,0.45263232259482794,0.5221307842589225,0.5921628336676861,0.6133245740724165,0.5566396785514072,0.6370062149007273,0.6750042445053533,0.46420497950195744,0.7003354891677439,0.39273207819728423,0.6099181032471679
INTC,0.56137461967692,0.580366706451104,0.6087865397904659,0.6479531271061981,0.5864519939902126,0.5854000822027602,0.6022776049652878,0.5653968516857397,0.6544132314497051,0.6240704395538881,0.6195120039261268,0.6120356384849799,0.5457626951461872,0.6241868167761031,0.6627001434744658,0.6505988603275006,0.5999269710114749,0.0,0.5985525410805063,0.5822379441257732,0.6498968953189177,0.5179149503081868,0.6293978836333214,0.5704464988432083,0.5380812421178152,0.6145327048745564,0.5729963123377588,0.5756849724085266,0.6046989153833059,0.5738946906334468,0.6111604468455106,0.5990790003110185,0.5665426216816595,0.6259999327956988,0.5600476560537523,0.5822728254732432,0.6269978764299164,0.5759363510453588,0.6659575430542768,0.6564246650477311,0.5507926239074827,0.6130683459186861,0.6150838527054289,0.6477035187117983,0.5743322644279942,0.5403192030250575,0.6817693886873591
PYPL,0.40870517234097187,0.4490088217709071,0.39326221791008537,0.4074207923423778,0.5438429608750114,0.5417361584986939,0.6937368024632368,0.6451904966250038,0.5197152187390367,0.604210371716428,0.48899188200882904,0.5949083749224411,0.6492032537789081,0.42260367078465544,0.6666206245440536,0.5062651821290165,0.3819889950581673,0.5985525410805063,0.0,0.6185174969714881,0.6695991399668487,0.6512478279270838,0.632885638373256,0.6529687629282757,0.5480633028544764,0.6173188834375235,0.6486194731122166,0.6555028937055073,0.5295041194284328,0.6143333777070948,0.5057050120039494,0.6657353563315801,0.6668110556289102,0.5023847708194302,0.5726312592722882,0.5962072989034981,0.4417068781100668,0.5619185043053322,0.6709251962379976,0.653813639492149,0.6548864069995183,0.6742444181428523,0.6060109436930209,0.5595160549421782,0.7070449251732001,0.5351972214248617,0.6319194546423078
T,0.6927459257493175,0.7002363753625434,0.6623345422511946,0.6807187469105355,0.6406545832110394,0.6375950339499952,0.5145627124497174,0.5447277760088675,0.6906038704804256,0.4450651188583238,0.6966764222628185,0.6523579157892536,0.5417687383771524,0.6340973321424388,0.4290796204856912,0.653131118661131,0.6501842380749999,0.5822379441257732,0.6185174969714881,0.0,0.5874898791563221,0.5219146466034971,0.5956712978543183,0.5364747166053728,0.6097395199429392,0.45235068991880584,0.44912537972248384,0.4204065741426923,0.6935353141312363,0.6481985209215851,0.6914337804151883,0.5566127122480828,0.4537845733830345,0.6628296570817854,0.6140325226965396,0.6334646169469401,0.6784322719864572,0.6442761432121901,0.6115699645984338,0.663195166140365,0.6291928640439031,0.5240135418196235,0.4882454867255823,0.6694082307847069,0.5148350674396274,0.6580110494567187,0.7040074885955239
PFE,0.6334875116016162,0.6506606711943345,0.6889137523716858,0.663522528872366,0.5720670087440844,0.5716779078667111,0.504602090802809,0.47023298906157834,0.6922121557255255,0.5315117090620497,0.6847423838723455,0.5375285517335148,0.45639062694026705,0.6893701752903694,0.5396872551211003,0.6691441312981266,0.6271207829190864,0.6498968953189177,0.6695991399668487,0.5874898791563221,0.0,0.5749587020110881,0.4562596811878455,0.5737041208077426,0.6259720773224989,0.5531867073273038,0.5317789799536103,0.5743844256773869,0.6835650292512216,0.682410615595838,0.6635628621751509,0.5100286348576987,0.5911356099213654,0.6937921265121008,0.7065572118004003,0.575717442828357,0.6810034142725405,0.6065838671853977,0.6748909631697266,0.6109557469441059,0.5806033521301178,0.5680593618161374,0.48011623777602647,0.6561224267185922,0.6309075489514268,0.6123448603092779,0.6454808807780875
CSCO,0.54325811779656,0.5766952512770187,0.6173438046573363,0.6108677314176054,0.5260914126893435,0.5235479172774016,0.48223569957609963,0.45888337076774816,0.5390387901455143,0.512612518632067,0.5382651224356785,0.5817034943831809,0.4755024456919619,0.6191899397678133,0.4884213215750134,0.6873425764330015,0.5905462763282264,0.5179149503081868,0.6512478279270838,0.5219146466034971,0.5749587020110881,0.0,0.5821801277606526,0.4631522963519088,0.4940109387754057,0.5197712813298032,0.47743709447681554,0.5318573466548292,0.5383785338364512,0.5833067936415793,0.6170945728525763,0.5745153491500212,0.49213466096863545,0.6631736575508461,0.4986750577051382,0.5524127566128237,0.6282812463379706,0.44095759558973285,0.5716715639700319,0.6521441606965007,0.5392231773426408,0.48702799724536644,0.48361091825209795,0.6681079681067721,0.5063425856912241,0.5064633168028863,0.6532817179490185
MRK,0.5661232007091734,0.6276320526819161,0.6043362954547268,0.5614827321447551,0.5299633497310755,0.5231302079257334,0.4819397768529587,0.522351779254953,0.5905558499924239,0.6598227578939606,0.5949715509540692,0.41992404100728775,0.5407879040086161,0.6460873745951858,0.579387020921618,0.6776335742238917,0.5757276530162417,0.6293978836333214,0.632885638373256,0.5956712978543183,0.4562596811878455,0.5821801277606526,0.0,0.5627162304294238,0.567398764400536,0.6661770604540314,0.5703688667047184,0.5950027500003334,0.6865820292469373,0.5544919584522544,0.6099515268307066,0.4394391451318176,0.6129583420486564,0.572692323375232,0.6258585544232969,0.5149372906650501,0.6178901856999565,0.620274036512674,0.6929786918552785,0.43338100582489036,0.447593584860412,0.527762715065053,0.5893149612915187,0.5817594072390945,0.5952094083326167,0.5657540957980877,0.6163337628752094
CMCSA,0.49607390555576186,0.5425815399843843,0.5525215574839933,0.5124520429921637,0.44956420960045546,0.44184719744743545,0.5304973134809493,0.3905949573647533,0.6456261363144402,0.45553183341518444,0.6312207441118406,0.5597527363324618,0.3698042034099964,0.6255199182266854,0.4816313706417664,0.6654277151858986,0.5800409980089865,0.5704464988432083,0.6529687629282757,0.5364747166053728,0.5737041208077426,0.4631522963519088,0.5627162304294238,0.0,0.4879657525380672,0.4636217443293777,0.42534188114206356,0.4855764731583343,0.6136991013379521,0.6862516402408105,0.5577401320242323,0.5746020559964607,0.47766680866831257,0.679273264825772,0.5589619028955036,0.5346749744083484,0.6638883943159755,0.5174890739753732,0.6161625644802118,0.6415016293661582,0.5162984206284233,0.5262184534548294,0.47019491523319107,0.6753153820703426,0.5724654518907312,0.5224228196548634,0.6229421397045816
PEP,0.4539588414718189,0.44790749174242295,0.48641178923039374,0.5219554492659517,0.4744135634430975,0.4704229209828045,0.5093215096949023,0.5015512378454033,0.44797916447046954,0.6067231288263131,0.4787009089462738,0.5381806357193678,0.5318252814355058,0.5515727450927436,0.5418332995531094,0.5703868623945078,0.5179838878757458,0.5380812421178152,0.5480633028544764,0.6097395199429392,0.6259720773224989,0.4940109387754057,0.567398764400536,0.4879657525380672,0.0,0.6212718091623224,0.5081104452123392,0.6296638247901502,0.4494047523179904,0.5331494909601532,0.5466411054886539,0.5622186596639625,0.6013954972071544,0.6032716471491086,0.5041425595438966,0.5120355083087388,0.4908245803106947,0.49577361422812255,0.5804617890828901,0.6851311373961692,0.5448553175282592,0.5342458898619709,0.6374496223319088,0.6011668222087735,0.5631280294369903,0.48243379684188803,0.6331006250675859
BAC,0.6911680446316558,0.6911075647249155,0.669171970745788,0.6751127530789365,0.6361434378914373,0.6347961519999137,0.5255091238953497,0.43163756529629493,0.6522543691036415,0.1804626676123119,0.6643721632144719,0.6389373460753439,0.424880902094507,0.6478427540033906,0.44306789579266037,0.6272312738885601,0.6399727377650772,0.6145327048745564,0.6173188834375235,0.45235068991880584,0.5531867073273038,0.5197712813298032,0.6661770604540314,0.4636217443293777,0.6212718091623224,0.0,0.3742912048011452,0.3587204745254802,0.6991039390587085,0.6951392256854798,0.680415511985641,0.6187402334543978,0.34860790152272486,0.5933617858551936,0.6268736867117672,0.6483297945408051,0.6111445218482653,0.571540252806785,0.6328476133339541,0.7033504730074246,0.6375583119554726,0.48860662773260954,0.3562445560655564,0.5987879731811975,0.5714563409027423,0.6434278739264919,0.6932688420262172
KO,0.6273509158914563,0.6417753737483569,0.6851487648817242,0.6776560695057591,0.5423633383285406,0.5369126820166326,0.3964806687661281,0.3593884541851716,0.6480726098937121,0.3630543359170924,0.6625968251749729,0.587120414252329,0.3802920493191063,0.6819002401569751,0.38970913815854435,0.6497102204712738,0.7052465818309384,0.5729963123377588,0.6486194731122166,0.44912537972248384,0.5317789799536103,0.47743709447681554,0.5703688667047184,0.42534188114206356,0.5081104452123392,0.3742912048011452,0.0,0.39747850922104805,0.6430040231760246,0.6493328892589537,0.6238810786608349,0.5271153473237032,0.36033837672506447,0.6552461219423656,0.5890194132620641,0.5787704902382799,0.6595697659954866,0.5262013418963751,0.598539132091261,0.6393148519275735,0.5459104819107623,0.43018486796046856,0.3648358347017958,0.6691717979703672,0.5494221544417037,0.5903251290453038,0.6879926237123906
XOM,0.699907197750714,0.7053461090726574,0.6621558469535576,0.6943033230845658,0.6292358571795306,0.624989301840902,0.540474083773883,0.4716348117191187,0.6371248941328175,0.3500221601224066,0.6687646820301668,0.650705473475437,0.4694715972711177,0.6440905668569763,0.503132856364158,0.6260320460208759,0.6286499328827332,0.5756849724085266,0.6555028937055073,0.4204065741426923,0.5743844256773869,0.5318573466548292,0.5950027500003334,0.4855764731583343,0.6296638247901502,0.3587204745254802,0.39747850922104805,0.0,0.6873293196002189,0.698916097684113,0.6954653187907499,0.5592925582712183,0.18296218465590902,0.6023171080614662,0.6262529141339233,0.6487677062885464,0.605939282506706,0.5930049462169578,0.6914183288000726,0.6316429825175542,0.5876694059193625,0.5530035422052427,0.42541538619493546,0.5898904105652655,0.5256147825206627,0.6461638854731192,0.6970934304433393
WMT,0.4486220915499021,0.498892552958552,0.5118351486679807,0.5501721652948489,0.5636570703099045,0.562280760917671,0.6392871264188483,0.5849909581461397,0.40906643977686125,0.6996767760478649,0.4329014206972991,0.64669679909531,0.625696979053257,0.49790069633533085,0.5984531202890648,0.5299653970866675,0.5198257095536282,0.6046989153833059,0.5295041194284328,0.6935353141312363,0.6835650292512216,0.5383785338364512,0.6865820292469373,0.6136991013379521,0.4494047523179904,0.6991039390587085,0.6430040231760246,0.6873293196002189,0.0,0.5408220421550621,0.5401844805342286,0.6842817089687615,0.6935301770039513,0.5759606417398216,0.5250419127931992,0.6010686107655303,0.4381518172150729,0.5503781616417323,0.5672326494165154,0.66321330221864,0.6584676569895705,0.5985969159596624,0.7052303480848273,0.5842493470585846,0.663397883494419,0.48515169029501903,0.6875207214836261
ABT,0.522990213319346,0.5193575460879677,0.5562645709584346,0.6001585783518538,0.5888510482280994,0.5884227725099298,0.5436812826704654,0.6612742564538171,0.46821971875045165,0.6866487322733718,0.4780472643586591,0.5299756914612958,0.692659328232455,0.5407860712637738,0.6216534361344278,0.5426524888685039,0.5478683367443816,0.5738946906334468,0.6143333777070948,0.6481985209215851,0.682410615595838,0.5833067936415793,0.5544919584522544,0.6862516402408105,0.5331494909601532,0.6951392256854798,0.6493328892589537,0.698916097684113,0.5408220421550621,0.0,0.5862237833261752,0.5635301416277242,0.6946335883247676,0.40873963330499336,0.5959112686940528,0.5467995144985176,0.528948444724667,0.5886537840421151,0.5742338900103621,0.6023628721913317,0.5179307520401465,0.5626121044104515,0.6735462609143967,0.40892144609380293,0.6575400201459874,0.5043546259104706,0.7017946936906394
CRM,0.3852285936500516,0.5026664735558659,0.45912792619597903,0.5008279758278618,0.5234001015971378,0.5250927324120025,0.6625478716571281,0.5369396738734831,0.5645018779721784,0.6811333609001603,0.5472620884963721,0.572175019817364,0.5060470529717072,0.46910845663246065,0.696296971916444,0.549871101642688,0.42449265569415384,0.6111604468455106,0.5057050120039494,0.6914337804151883,0.6635628621751509,0.6170945728525763,0.6099515268307066,0.5577401320242323,0.5466411054886539,0.680415511985641,0.6238810786608349,0.6954653187907499,0.5401844805342286,0.5862237833261752,0.0,0.6427852377395206,0.6767950292575837,0.5971289441286863,0.5299197687162132,0.6087167531389297,0.538826984118825,0.5095477245113158,0.6566011672901886,0.6479743975918002,0.5888132844809587,0.538275281252628,0.6759105501868548,0.5441285366429909,0.7061831009697307,0.4213727742810299,0.6532514066167233
ABBV,0.606294766532699,0.668929781747977,0.6675192841045937,0.6644360016691288,0.4904945106359118,0.4958492583731152,0.49885406908548263,0.5249623748448025,0.6564685931362911,0.6065599377911849,0.6101885438097246,0.4250688332006736,0.5448689327822668,0.6940648292278755,0.5322486686534298,0.7020675602278574,0.6193197727767356,0.5990790003110185,0.6657353563315801,0.5566127122480828,0.5100286348576987,0.5745153491500212,0.4394391451318176,0.5746020559964607,0.5622186596639625,0.6187402334543978,0.5271153473237032,0.5592925582712183,0.6842817089687615,0.5635301416277242,0.6427852377395206,0.0,0.5259882107229572,0.6625955161763665,0.6863409766538419,0.47192783964077367,0.6966111462588112,0.5797952567755673,0.6968382292828952,0.438536079022808,0.4127148554217388,0.5319428565910919,0.5418770103093654,0.6670594886147553,0.5644537968066817,0.6039752259846476,0.6850786272945842
CVX,0.6909440205539373,0.7001228812732025,0.6701789139301312,0.6898903074020151,0.6099553031479368,0.6068635994118718,0.5348753001260054,0.4443061994188226,0.6671332268152592,0.3324907188424029,0.7026514989473993,0.6248013237143061,0.46338147235508875,0.6505473619075566,0.4814544589121911,0.6366613749965132,0.6326471007450781,0.5665426216816595,0.6668110556289102,0.4537845733830345,0.5911356099213654,0.49213466096863545,0.6129583420486564,0.47766680866831257,0.6013954972071544,0.34860790152272486,0.36033837672506447,0.18296218465590902,0.6935301770039513,0.6946335883247676,0.6767950292575837,0.5259882107229572,0.0,0.605160752625775,0.6073544995018187,0.6057052626560552,0.6195372611395552,0.561707362257806,0.6828962896927356,0.6382581637756956,0.5721895593317232,0.5127775543711288,0.4179589126606204,0.5857161601303145,0.4915225458295685,0.627128108098498,0.7006253361975789
TMO,0.45244854780671573,0.515376186440037,0.45613690148419134,0.5113507841067892,0.5325271410958371,0.5274233270431129,0.6487270347165965,0.7052008005623346,0.4389198258903684,0.5810367070105723,0.5049710430762324,0.5564046439940818,0.702037841206629,0.436109445605048,0.6880753974104155,0.5505109371201143,0.4447720000463687,0.6259999327956988,0.5023847708194302,0.6628296570817854,0.6937921265121008,0.6631736575508461,0.572692323375232,0.679273264825772,0.6032716471491086,0.5933617858551936,0.6552461219423656,0.6023171080614662,0.5759606417398216,0.40873963330499336,0.5971289441286863,0.6625955161763665,0.605160752625775,0.0,0.6085396015417577,0.6074836051454563,0.46043951803614536,0.6127386950855553,0.6285850251828816,0.6692748155418609,0.585776266578352,0.6725631626443785,0.6098943144867786,0.26915811929083705,0.671258994693258,0.5034426824407839,0.6651825205837355
MCD,0.5209608197700959,0.5798969304523616,0.5726146819817858,0.5802747680136598,0.5892691540000792,0.5795559835301914,0.6130614046888603,0.5594775400974594,0.5073340821646787,0.6166238736555327,0.43999629624834813,0.6243774836575372,0.5677940005659438,0.552928144490547,0.618683585115439,0.6510849627945138,0.5987350775010212,0.5600476560537523,0.5726312592722882,0.6140325226965396,0.7065572118004003,0.4986750577051382,0.6258585544232969,0.5589619028955036,0.5041425595438966,0.6268736867117672,0.5890194132620641,0.6262529141339233,0.5250419127931992,0.5959112686940528,0.5299197687162132,0.6863409766538419,0.6073544995018187,0.6085396015417577,0.0,0.6249734649983283,0.5373980910875612,0.5331888193723712,0.5910891581761032,0.7056402906524433,0.6231472267216543,0.5477773114404196,0.6539760769913797,0.599604758924819,0.6058805878706314,0.5368585559774657,0.5967310095333722
AMGN,0.5278459747410845,0.5344431535925794,0.5544412597248269,0.5816151999469406,0.5276546721772369,0.5266369897714986,0.5094605648732081,0.4965989668543909,0.5934689392717737,0.643384912431539,0.5663515490308992,0.45175914167735315,0.5379825237269831,0.5647079577918097,0.5394266466295711,0.5985489717303375,0.540531685640531,0.5822728254732432,0.5962072989034981,0.6334646169469401,0.575717442828357,0.5524127566128237,0.5149372906650501,0.5346749744083484,0.5120355083087388,0.6483297945408051,0.5787704902382799,0.6487677062885464,0.6010686107655303,0.5467995144985176,0.6087167531389297,0.47192783964077367,0.6057052626560552,0.6074836051454563,0.6249734649983283,0.0,0.6310429186237003,0.5688431417783436,0.6528754529624685,0.5823004570876124,0.5144357428890033,0.528211149142797,0.6027720152452866,0.6131906714532097,0.592072516928034,0.5440098051367058,0.6520131886326955
COST,0.44126945933921013,0.4698070294113391,0.42974842847700034,0.4609190084366253,0.5708679791198761,0.5685823756629017,0.6825788991817944,0.6727987574974909,0.3657311174802193,0.6196294867952272,0.41403398986496887,0.6261400960068401,0.6760938971882431,0.45818072453615993,0.7037508318483194,0.46097642846395087,0.45263232259482794,0.6269978764299164,0.4417068781100668,0.6784322719864572,0.6810034142725405,0.6282812463379706,0.6178901856999565,0.6638883943159755,0.4908245803106947,0.6111445218482653,0.6595697659954866,0.605939282506706,0.4381518172150729,0.528948444724667,0.538826984118825,0.6966111462588112,0.6195372611395552,0.46043951803614536,0.5373980910875612,0.6310429186237003,0.0,0.5783166925365432,0.5812278439237175,0.7041192675839112,0.645094253654732,0.5987692174991968,0.6127222500619192,0.5100774281739928,0.6902793844104275,0.5012046195522935,0.5925206717118147
ACN,0.49872308954061945,0.559251957214829,0.5663317100091965,0.5491524537342563,0.4988946258830217,0.49328765802807445,0.55497147553599,0.45508673252291054,0.5580811235527322,0.5558299803543147,0.5313539820082125,0.5911182008002466,0.4893855393091182,0.5750743851841822,0.595890549156226,0.6618971773055409,0.5221307842589225,0.5759363510453588,0.5619185043053322,0.6442761432121901,0.6065838671853977,0.44095759558973285,0.620274036512674,0.5174890739753732,0.49577361422812255,0.571540252806785,0.5262013418963751,0.5930049462169578,0.5503781616417323,0.5886537840421151,0.5095477245113158,0.5797952567755673,0.561707362257806,0.6127386950855553,0.5331888193723712,0.5688431417783436,0.5783166925365432,0.0,0.6387375373155185,0.6726471955316331,0.5559595054123557,0.4831230605366123,0.5616349579907773,0.6272346399581229,0.6658279173376541,0.48807503689219145,0.6109741088971522
NEE,0.5676519817777124,0.5679256800862948,0.5834363515303375,0.6177463996249996,0.6128325644272056,0.6153518715615562,0.595550184030469,0.6180730412116958,0.5345237502252334,0.6386303845548702,0.5697647495611883,0.7007070064175632,0.6481535760267443,0.5912718306285035,0.5422462669926355,0.5616314160794674,0.5921628336676861,0.6659575430542768,0.6709251962379976,0.6115699645984338,0.6748909631697266,0.5716715639700319,0.6929786918552785,0.6161625644802118,0.5804617890828901,0.6328476133339541,0.598539132091261,0.6914183288000726,0.5672326494165154,0.5742338900103621,0.6566011672901886,0.6968382292828952,0.6828962896927356,0.6285850251828816,0.5910891581761032,0.6528754529624685,0.5812278439237175,0.6387375373155185,0.0,0.652542939251889,0.6840976682363967,0.5775549216764505,0.629344608387064,0.6188873110441243,0.6368789320322548,0.5743157434373024,0.6854527505840621
LLY,0.644043381288144,0.6598037617514346,0.6456031454659571,0.6215234143742334,0.6177834622690398,0.6161278670721462,0.5764501602957056,0.6093008138506816,0.7051842116430715,0.6946905933557761,0.6040312963280126,0.46740160405314085,0.6347337214132625,0.6932641148472803,0.6823583168875815,0.6751456595713119,0.6133245740724165,0.6564246650477311,0.653813639492149,0.663195166140365,0.6109557469441059,0.6521441606965007,0.43338100582489036,0.6415016293661582,0.6851311373961692,0.7033504730074246,0.6393148519275735,0.6316429825175542,0.66321330221864,0.6023628721913317,0.6479743975918002,0.438536079022808,0.6382581637756956,0.6692748155418609,0.7056402906524433,0.5823004570876124,0.7041192675839112,0.6726471955316331,0.652542939251889,0.0,0.43981511791731676,0.6061899896761417,0.6059954238086617,0.6729877966858875,0.6030932748051575,0.6457829576379202,0.6609003307604815
BMY,0.5461766615931327,0.6217631259562546,0.581418053958996,0.574243169206927,0.49661869767958466,0.4907787318446591,0.5252161386068465,0.5010233929246157,0.6283884971108392,0.6212535851030201,0.5529149962264791,0.37861266451476444,0.5262612853540716,0.6282897194380059,0.6262610225894311,0.6652097397240329,0.5566396785514072,0.5507926239074827,0.6548864069995183,0.6291928640439031,0.5806033521301178,0.5392231773426408,0.447593584860412,0.5162984206284233,0.5448553175282592,0.6375583119554726,0.5459104819107623,0.5876694059193625,0.6584676569895705,0.5179307520401465,0.5888132844809587,0.4127148554217388,0.5721895593317232,0.585776266578352,0.6231472267216543,0.5144357428890033,0.645094253654732,0.5559595054123557,0.6840976682363967,0.43981511791731676,0.0,0.5636226781704177,0.5520938423044672,0.6128029824949894,0.5869084037572407,0.5460210688591988,0.5875695868657772
LIN,0.5562380522752917,0.5915292353166238,0.642694818777319,0.6160069097105296,0.5435037270468385,0.5435986913866727,0.4792207478558185,0.4127985707957156,0.5619702078889822,0.47686051627493786,0.5410806760833898,0.5730961771401074,0.45569779633140606,0.6472539459348893,0.45337767188970046,0.6685440916796709,0.6370062149007273,0.6130683459186861,0.6742444181428523,0.5240135418196235,0.5680593618161374,0.48702799724536644,0.527762715065053,0.5262184534548294,0.5342458898619709,0.48860662773260954,0.43018486796046856,0.5530035422052427,0.5985969159596624,0.5626121044104515,0.538275281252628,0.5319428565910919,0.5127775543711288,0.6725631626443785,0.5477773114404196,0.528211149142797,0.5987692174991968,0.4831230605366123,0.5775549216764505,0.6061899896761417,0.5636226781704177,0.0,0.44525700734767315,0.656288713780832,0.5822259975889572,0.508116824243168,0.6435686041677297
MDT,0.6870419719615469,0.7036385249377679,0.6457833431428369,0.6875106132269418,0.622915027093246,0.6213125710815013,0.45840789089935413,0.41523191544787585,0.6853396120194245,0.3372410901900605,0.7004819707622792,0.587946177426377,0.4047247194150375,0.6534214744719633,0.4583329548511756,0.595914293487299,0.6750042445053533,0.6150838527054289,0.6060109436930209,0.4882454867255823,0.48011623777602647,0.48361091825209795,0.5893149612915187,0.47019491523319107,0.6374496223319088,0.3562445560655564,0.3648358347017958,0.42541538619493546,0.7052303480848273,0.6735462609143967,0.6759105501868548,0.5418770103093654,0.4179589126606204,0.6098943144867786,0.6539760769913797,0.6027720152452866,0.6127222500619192,0.5616349579907773,0.629344608387064,0.6059954238086617,0.5520938423044672,0.44525700734767315,0.0,0.6558442890149541,0.5749714427714513,0.6479629718800757,0.6808378635482741
DHR,0.4761795541721531,0.5176545254689965,0.4982511058763795,0.5507267971971658,0.5797820745582621,0.5784170918501125,0.6303724234847994,0.696983471386391,0.47219252333614964,0.5942979012777164,0.5433074333888153,0.5856567471735675,0.6853279296441456,0.4435525614670506,0.6901260118199912,0.5700394161971485,0.46420497950195744,0.6477035187117983,0.5595160549421782,0.6694082307847069,0.6561224267185922,0.6681079681067721,0.5817594072390945,0.6753153820703426,0.6011668222087735,0.5987879731811975,0.6691717979703672,0.5898904105652655,0.5842493470585846,0.40892144609380293,0.5441285366429909,0.6670594886147553,0.5857161601303145,0.26915811929083705,0.599604758924819,0.6131906714532097,0.5100774281739928,0.6272346399581229,0.6188873110441243,0.6729877966858875,0.6128029824949894,0.656288713780832,0.6558442890149541,0.0,0.6730105886279553,0.4876926596401106,0.647081850003188
PM,0.6782436042234188,0.658367060863577,0.6997118540816903,0.6898904190615042,0.6570424465239422,0.6553862232174715,0.5331124943542744,0.5869287921317607,0.6678663239155616,0.5658793486693671,0.6382649979677962,0.6146686223405159,0.6059901992047788,0.6828894662405944,0.5610249460969806,0.6829736583084314,0.7003354891677439,0.5743322644279942,0.7070449251732001,0.5148350674396274,0.6309075489514268,0.5063425856912241,0.5952094083326167,0.5724654518907312,0.5631280294369903,0.5714563409027423,0.5494221544417037,0.5256147825206627,0.663397883494419,0.6575400201459874,0.7061831009697307,0.5644537968066817,0.4915225458295685,0.671258994693258,0.6058805878706314,0.592072516928034,0.6902793844104275,0.6658279173376541,0.6368789320322548,0.6030932748051575,0.5869084037572407,0.5822259975889572,0.5749714427714513,0.6730105886279553,0.0,0.6502562123483112,0.6697930675924797
