,MSFT,AAPL,AMZN,FB,GOOGL,GOOG,JNJ,V,PG,JPM,HD,UNH,MA,NVDA,VZ,NFLX,ADBE,INTC,PYPL,T,PFE,CSCO,MRK,CMCSA,PEP,BAC,KO,XOM,WMT,ABT,CRM,ABBV,CVX,TMO,MCD,AMGN,COST,ACN,NEE,LLY,BMY,LIN,MDT,DHR,PM,TXN,NKE
MSFT,0.0,0.48935566463076646,0.4024844435187966,0.45308389339485117,0.42023021573153546,0.43475421077454973,0.5760435015483258,0.46118877387662166,0.6525353877562489,0.672068272046761,0.6846661455100593,0.5689693436940652,0.42992746819079897,0.4855578407993381,0.6992748301624934,0.5553745271022446,0.3708306914779917,0.5531617600156853,0.462699750364108,0.6991812430954052,0.678013565929335,0.48177576181042703,0.6384287041066827,0.6237253810230428,0.5693788822560044,0.6176663909471594,0.5919711469836547,0.7011078733822415,0.6373571025515857,0.5456641695048835,0.41469881380624796,0.5903164588316828,0.6995756215049613,0.5272008925636368,0.579265489616696,0.5127862956369589,0.6663035901026344,0.4747638904525628,0.6327146251695954,0.6236999429904515,0.550815573075264,0.5281824038089852,0.5717432414715834,0.5717148041947631,0.5732510160723431,0.40191182956868154,0.6308229661127516
AAPL,0.48935566463076646,0.0,0.48498333904726126,0.5301922304231539,0.5204170593308433,0.5218134480212386,0.6608078277924391,0.4806131788215283,0.6466685994043745,0.6066780923305403,0.701826304349686,0.5687561990482236,0.47245090006114293,0.5328256160210283,0.6455674822441048,0.5980879418367987,0.48110733740498873,0.5603703521972228,0.5555197206961,0.6806493526000797,0.7060767224894496,0.5356159721249341,0.697448322701302,0.6474035133511675,0.5878083337011973,0.5716358521607295,0.6554101306122628,0.651458076653841,0.6053997884722971,0.6251094192314939,0.5949596147517842,0.6722279827694788,0.7053156918918562,0.5939182541130515,0.6531167547201445,0.5387334237450482,0.6434547206764627,0.6336652223944023,0.6214306295683087,0.6947207463199239,0.6659999419256019,0.5746856589583887,0.6352856041614331,0.615005539975911,0.6022860974896154,0.5419040241417042,0.661963006048069
AMZN,0.4024844435187966,0.48498333904726126,0.0,0.40611217233673796,0.3881653545432909,0.40178033872921765,0.673698925724089,0.4421940562375578,0.6620751009059208,0.6541963789939793,0.6776622391893964,0.5930605921120015,0.4757675125074767,0.508175754734461,0.6822634230791939,0.4948578688366061,0.4677750695861656,0.57829205016679,0.41956826378811957,0.6790281773003307,0.686919566798661,0.547905877064253,0.6622964486278733,0.6733873810080632,0.5973498347109855,0.5804770132205084,0.5986381147498013,0.6859041997214804,0.6592663232426756,0.5883849921805038,0.5062035718843553,0.5750211527263355,0.6606374987054537,0.5927480435033253,0.6385657167596679,0.5501514970601434,0.7064263314327742,0.5754963048604836,0.6855024789460546,0.6331941913414594,0.6617716628041062,0.5604879266199656,0.6409177378532364,0.6310587488779072,0.5696300526763381,0.5331124675018668,0.6983347717117249
FB,0.45308389339485117,0.5301922304231539,0.40611217233673796,0.0,0.4253888438889247,0.4316790342293094,0.6252330488460212,0.4565582820042317,0.621229348682709,0.6506756179587966,0.6978156709556523,0.6117722035582742,0.49332692505813996,0.4739140799973414,0.6072904133551895,0.47694986736822154,0.4654412561584712,0.5202418396887072,0.3821204087910795,0.6706259525526782,0.6647584127435955,0.5779915093358134,0.5786856726419982,0.6196152746071099,0.5941616366305231,0.6187098591058628,0.6166713280712145,0.6992901738821868,0.6170869141456574,0.6336215218711696,0.4773368295941236,0.6371333856784073,0.6947197127918608,0.5575677339742682,0.637670488478765,0.5822268939730626,0.7027021789725652,0.5980129960134059,0.6852022520101954,0.615114721906772,0.6843107223486372,0.6093639064079747,0.6210787932707839,0.6413387340637369,0.557044125770053,0.533515275886569,0.6776643842561161
GOOGL,0.42023021573153546,0.5204170593308433,0.3881653545432909,0.4253888438889247,0.0,0.060051012559318453,0.6284170703403479,0.4417304454737032,0.7006263008182564,0.684976904141343,0.694879035264205,0.5602345336847843,0.4957814608007861,0.4967635035124677,0.6618449353382583,0.4764898970004692,0.45809816138072096,0.5782250149601406,0.46889531411510404,0.6943362122467028,0.6211566250673819,0.5305393319579162,0.661054321175166,0.6329530013610765,0.6430266170258816,0.6390052207932708,0.681556816118692,0.6966962720062783,0.6957641918586455,0.5825458271236188,0.5183718297357522,0.5711624584628969,0.6646914749010218,0.5073875393108872,0.7002791109547664,0.48411002946987536,0.6817566272669557,0.5695585891020051,0.6926791225219582,0.5514421761875834,0.5962334231054128,0.5328870126710338,0.6815997100579622,0.5779254654085612,0.5567866983973079,0.5189545864689998,0.7001291381505498
GOOG,0.43475421077454973,0.5218134480212386,0.40178033872921765,0.4316790342293094,0.060051012559318453,0.0,0.6351479700434005,0.43301050839283134,0.6963673070373367,0.6901702900388669,0.6917050428754007,0.5653008017379276,0.4976507381159664,0.502500117234146,0.6529750015695358,0.4685029014204134,0.4580161379521103,0.5821136877023849,0.4757132223663748,0.6882289318388927,0.6298478076815776,0.5351474746388133,0.6654959719093644,0.631961530870907,0.6392062339942269,0.6470562020102568,0.6806000943465367,0.6885975125896324,0.6904739624613193,0.5970775575673327,0.5244997631107445,0.5812900091632074,0.6604988569696961,0.5172139234485514,0.6871796443290482,0.4830905434314234,0.6824658381163854,0.5726581358850077,0.6853043502474732,0.553873332495228,0.5910013151047945,0.5432503330315784,0.6814830573411017,0.5768307528392651,0.5469728443524585,0.5261453868667965,0.7038821470170199
JNJ,0.5760435015483258,0.6608078277924391,0.673698925724089,0.6252330488460212,0.6284170703403479,0.6351479700434005,0.0,0.6213634007915284,0.546477277506485,0.6947999681238644,0.6922016918223773,0.5222439421190185,0.5761496873860165,0.6089803809103139,0.6612604050477467,0.5947949315269562,0.53296770590161,0.5860617662061196,0.6112907990794255,0.7026891841520579,0.580922603703458,0.5836461740614907,0.4900893280663586,0.697145063843629,0.5499108267539803,0.6854529053567407,0.6636140399684682,0.6426420442232844,0.6997274981850634,0.5805771604359163,0.5753167934062252,0.6184748008213954,0.6495133775810091,0.5589925181643713,0.6808894306377768,0.5800500947977545,0.7015621791718661,0.4789149140897878,0.5564346570268173,0.6169322134015445,0.563786829311086,0.6298382758311007,0.6372444869395955,0.5995304654483492,0.5478077200231043,0.5780946148675656,0.6723604211875387
V,0.46118877387662166,0.4806131788215283,0.4421940562375578,0.4565582820042317,0.4417304454737032,0.43301050839283134,0.6213634007915284,0.0,0.6441704167238622,0.6395438359866803,0.7042451302705683,0.5960271408655142,0.2641442129414747,0.5026272984141293,0.6755155891357013,0.4884779552024501,0.394101990113193,0.5670339489278701,0.46817147257829544,0.6992830239338795,0.6507471025087267,0.5256868332983134,0.6630950240520532,0.6405535288678212,0.5840368373616607,0.6241147045137273,0.6220019950520792,0.7036729514591554,0.676345869542555,0.6056626023970265,0.43822969813088136,0.5412137488451041,0.6864001944461268,0.5724326659694923,0.6512379263161656,0.5085662435426386,0.7008709814428591,0.5190816097248324,0.5800893975030518,0.6601827251625499,0.5862834565257323,0.5163760307753986,0.591818146442183,0.5511047278379742,0.5767790797108187,0.505368979602739,0.7011898554990558
PG,0.6525353877562489,0.6466685994043745,0.6620751009059208,0.621229348682709,0.7006263008182564,0.6963673070373367,0.546477277506485,0.6441704167238622,0.0,0.6967777341518927,0.6803262193945432,0.6697308184720344,0.612341045132265,0.6814560341442091,0.5334361188718736,0.6742201803761881,0.6816328781216437,0.6231464613115502,0.6083247958179213,0.5934080546443875,0.7001653489053065,0.6478838020753938,0.555131682411823,0.6688429329790399,0.5278101956586367,0.6925486131782692,0.49814711710181203,0.5310564171703498,0.5744173494967463,0.6721108904816527,0.640383462960078,0.676931721396193,0.602867803029111,0.7050531964963332,0.5737575763629683,0.6685207187756395,0.629670850112514,0.594918532569794,0.5878207317538233,0.6726675356017465,0.6887167415927923,0.6258533539086112,0.7060241690644399,0.6912731779564131,0.5983545877601244,0.6792361242836842,0.6789669041432261
JPM,0.672068272046761,0.6066780923305403,0.6541963789939793,0.6506756179587966,0.684976904141343,0.6901702900388669,0.6947999681238644,0.6395438359866803,0.6967777341518927,0.0,0.6912067934332109,0.6666873516576667,0.6441607858047886,0.6050617120410576,0.6366465781773323,0.6791379981387512,0.6877349088604489,0.5821489493553925,0.6056381769091448,0.6269241236587189,0.6239553791156307,0.5471898463089295,0.6893335471449851,0.5849861810079331,0.6920603737907258,0.2107304101783491,0.6742275152391456,0.6274600400837563,0.6592659222315352,0.6790303024175679,0.6412776614584044,0.6833222349189474,0.5752337781920893,0.6679455934454617,0.6622107076449399,0.5771742725847374,0.661485661785107,0.6240544402238961,0.6130766349101767,0.7056006024465796,0.6848297491531581,0.5763429216416454,0.6522780179137726,0.6920777238206983,0.6802691810652828,0.5983471625541289,0.6469097946050288
HD,0.6846661455100593,0.701826304349686,0.6776622391893964,0.6978156709556523,0.694879035264205,0.6917050428754007,0.6922016918223773,0.7042451302705683,0.6803262193945432,0.6912067934332109,0.0,0.6740450202178793,0.6979588747481613,0.6474938286944435,0.6812420205830961,0.6946041680236167,0.6934747697263185,0.6581393921358402,0.6978811248562073,0.6884384311764171,0.6280428774158286,0.611478916922314,0.6459442865483525,0.6386741215604018,0.6993573349982776,0.6841030323731191,0.6527560369821092,0.5739898080104041,0.6188954890175493,0.6877244007418566,0.703285659430629,0.6346222150575287,0.6108285990516622,0.6362886814886061,0.6586305005709342,0.6451789951670259,0.5889016604899829,0.6303436370352316,0.6000266275758974,0.662687432458753,0.6754309334568822,0.6531400546924043,0.6520866663508696,0.5316903324399928,0.6430666929244611,0.6845347529237573,0.6537837247083839
UNH,0.5689693436940652,0.5687561990482236,0.5930605921120015,0.6117722035582742,0.5602345336847843,0.5653008017379276,0.5222439421190185,0.5960271408655142,0.6697308184720344,0.6666873516576667,0.6740450202178793,0.0,0.5990094929151256,0.5732040239253177,0.6632466393402596,0.6353450145210257,0.5441455337893625,0.6079050156491144,0.6562589011356287,0.6913968721276575,0.6130886486894457,0.5943010454743447,0.6244098961067537,0.7054956797863775,0.5540687169055202,0.6492379072488298,0.6526366376271261,0.7056942862184601,0.66747947710806,0.5110942594813762,0.5198692753332058,0.6267443108775801,0.6967346145603169,0.5655169140913583,0.6518433463564791,0.5451003802310678,0.7016575476173348,0.5490424927253519,0.5994894739076418,0.631620568808011,0.5312579731786845,0.6390704930824096,0.6240423470903966,0.631064228316319,0.589652114133448,0.630912929105489,0.6278719651743752
MA,0.42992746819079897,0.47245090006114293,0.4757675125074767,0.49332692505813996,0.4957814608007861,0.4976507381159664,0.5761496873860165,0.2641442129414747,0.612341045132265,0.6441607858047886,0.6979588747481613,0.5990094929151256,0.0,0.4907274782093834,0.6765625783869751,0.5359341769078004,0.4331769141339723,0.5364614960901144,0.4505058233334285,0.6952550895384823,0.636363768465386,0.5195236374389717,0.6298664900901898,0.6982636037714304,0.5772402889414253,0.643485031861869,0.6081152190359036,0.661079271302387,0.6419244983147288,0.5766209159527733,0.4375946970142311,0.4934952131877371,0.690335446981848,0.5412917436062505,0.5997185318298475,0.4769418759930873,0.6972338074340063,0.4446473390098756,0.5600891764554963,0.6706779017792514,0.5682944805498014,0.47610153693686985,0.5826844452048878,0.5338421899578791,0.6137797659392561,0.48651824891498807,0.6704964216624041
NVDA,0.4855578407993381,0.5328256160210283,0.508175754734461,0.4739140799973414,0.4967635035124677,0.502500117234146,0.6089803809103139,0.5026272984141293,0.6814560341442091,0.6050617120410576,0.6474938286944435,0.5732040239253177,0.4907274782093834,0.0,0.7026650630110619,0.5549423363802054,0.455856549136139,0.4972342200063393,0.5142614151272067,0.6581915896356388,0.6704609071628721,0.6006776948646336,0.687693283462937,0.6551699327393634,0.5733799699360063,0.582464498524995,0.6231384119198603,0.6979316723002759,0.6644077418585522,0.6208969776114139,0.47997079917967667,0.685504929204164,0.6991331970277144,0.6118500376843494,0.6757945932078365,0.5724736351826233,0.6930703628168932,0.5310246398437471,0.6291051779433863,0.6812274865509331,0.6198036630166572,0.5477310054576146,0.6233616561966857,0.6493541520580414,0.6299543890054539,0.4403459105828513,0.6534394345246561
VZ,0.6992748301624934,0.6455674822441048,0.6822634230791939,0.6072904133551895,0.6618449353382583,0.6529750015695358,0.6612604050477467,0.6755155891357013,0.5334361188718736,0.6366465781773323,0.6812420205830961,0.6632466393402596,0.6765625783869751,0.7026650630110619,0.0,0.636413393255213,0.6623341700765515,0.6212624701143722,0.606737421685227,0.3736724412498225,0.6575501370355084,0.6331012772552913,0.47829902439416877,0.6167570321666084,0.6654150418689381,0.6514358396302375,0.5808032235579216,0.6334153853069415,0.6207934411838189,0.6817157887582498,0.6867779898900093,0.6653018555271581,0.5909206659042846,0.6862184590051177,0.6974229540709067,0.6484726280507199,0.6593962767728887,0.681250846350538,0.6975307343935105,0.6602946369660915,0.6254371847845586,0.6761958471455289,0.6868109110965973,0.6337683960314727,0.7049618779784174,0.6574750094553489,0.6517152510340172
NFLX,0.5553745271022446,0.5980879418367987,0.4948578688366061,0.47694986736822154,0.4764898970004692,0.4685029014204134,0.5947949315269562,0.4884779552024501,0.6742201803761881,0.6791379981387512,0.6946041680236167,0.6353450145210257,0.5359341769078004,0.5549423363802054,0.636413393255213,0.0,0.5030891138832065,0.5973675912602882,0.5179827185398252,0.6633179312638199,0.6483790141864354,0.603978870389318,0.7055812493966157,0.6462047827993309,0.6365596253627301,0.6615922442720967,0.7067827146514815,0.679412221908959,0.6874023446061629,0.6491760615327139,0.5575934144634807,0.6677751008681468,0.6759007058222674,0.618824136621838,0.7033474216094474,0.5838064152074985,0.6746677041955065,0.5715390317923302,0.6709631693338869,0.6638142529824061,0.6616963508796896,0.6296803156712989,0.6474274528683237,0.6261148924720203,0.6072292883838566,0.5288893430433951,0.690159541174762
ADBE,0.3708306914779917,0.48110733740498873,0.4677750695861656,0.4654412561584712,0.45809816138072096,0.4580161379521103,0.53296770590161,0.394101990113193,0.6816328781216437,0.6877349088604489,0.6934747697263185,0.5441455337893625,0.4331769141339723,0.455856549136139,0.6623341700765515,0.5030891138832065,0.0,0.5632253262631288,0.5067724144084021,0.7051038900224548,0.6951014474332475,0.5510704061544848,0.6654630465142459,0.6368976152099667,0.5494829058708689,0.6636677252057213,0.6191937518906389,0.6558075313254872,0.6785137955035715,0.5893845625396504,0.3790412238166834,0.6079019733897322,0.6611602756204823,0.5336034791093793,0.6844987539791983,0.5680950258378269,0.7059252053070251,0.5353358492793425,0.5837371585880435,0.6345206878372102,0.5799439767383937,0.5843949715464013,0.5676804000005874,0.5644256612786218,0.5008928571956339,0.42628744057175716,0.6701496962216932
INTC,0.5531617600156853,0.5603703521972228,0.57829205016679,0.5202418396887072,0.5782250149601406,0.5821136877023849,0.5860617662061196,0.5670339489278701,0.6231464613115502,0.5821489493553925,0.6581393921358402,0.6079050156491144,0.5364614960901144,0.4972342200063393,0.6212624701143722,0.5973675912602882,0.5632253262631288,0.0,0.5432779236245383,0.6339160576372491,0.6568128809217132,0.5391600028223619,0.5687001905045309,0.5764431526936841,0.5908522670291619,0.5898035235107616,0.5829267204712063,0.595236299747391,0.5602206848414059,0.6486674669757728,0.581442747799325,0.6748085974478771,0.5885961099875648,0.597778642376841,0.695750547207513,0.5618870304586081,0.6365662046619949,0.5547054266192334,0.6820283192479503,0.6382227828006475,0.6842410966990642,0.6208672877429463,0.5965208799596505,0.6712169331497355,0.6100997064522977,0.49005684188044824,0.6088518080757318
PYPL,0.462699750364108,0.5555197206961,0.41956826378811957,0.3821204087910795,0.46889531411510404,0.4757132223663748,0.6112907990794255,0.46817147257829544,0.6083247958179213,0.6056381769091448,0.6978811248562073,0.6562589011356287,0.4505058233334285,0.5142614151272067,0.606737421685227,0.5179827185398252,0.5067724144084021,0.5432779236245383,0.0,0.6287895010784303,0.6602847780611993,0.5423703750949261,0.588717965849825,0.6127049144181381,0.6246660871617674,0.5890535419284463,0.6233382898717373,0.6840841090891995,0.6375307813208296,0.6130291329709945,0.46273128654295487,0.6096705187917784,0.7055780957739818,0.5845722739285558,0.6277786614301039,0.5857119264378352,0.6925062307143957,0.5176101780884592,0.6812314168280231,0.6082918503777831,0.6761172818280979,0.5979279046777083,0.6564851595443362,0.6444124654446236,0.5872901072286693,0.5061845179282524,0.6752262847210759
T,0.6991812430954052,0.6806493526000797,0.6790281773003307,0.6706259525526782,0.6943362122467028,0.6882289318388927,0.7026891841520579,0.6992830239338795,0.5934080546443875,0.6269241236587189,0.6884384311764171,0.6913968721276575,0.6952550895384823,0.6581915896356388,0.3736724412498225,0.6633179312638199,0.7051038900224548,0.6339160576372491,0.6287895010784303,0.0,0.6906375301584611,0.6385324447302559,0.612235945714811,0.6150686654723378,0.6324725619742704,0.6457100771162496,0.5357965432175881,0.6244563199764522,0.6416298362232173,0.6705315468729238,0.6822195924577208,0.6474481048824803,0.6241836874391051,0.6216586930934302,0.6743011123957988,0.6303574554444983,0.6767003170451764,0.6724345174049982,0.6833218959040793,0.6817829444528686,0.649573757411029,0.699637397712717,0.6921802512029307,0.6454689945127403,0.6847998759971287,0.6025199686151224,0.6791126414812152
PFE,0.678013565929335,0.7060767224894496,0.686919566798661,0.6647584127435955,0.6211566250673819,0.6298478076815776,0.580922603703458,0.6507471025087267,0.7001653489053065,0.6239553791156307,0.6280428774158286,0.6130886486894457,0.636363768465386,0.6704609071628721,0.6575501370355084,0.6483790141864354,0.6951014474332475,0.6568128809217132,0.6602847780611993,0.6906375301584611,0.0,0.5800028973097159,0.5072150670492032,0.670373936907805,0.7043515676325738,0.6010886169598263,0.691737822657873,0.613783495240934,0.7067361853018553,0.6191857905301515,0.6458149593425061,0.5896107676841946,0.6737883976284874,0.5773286985780012,0.6673929769895866,0.5204483839936281,0.6970031103328886,0.5738679932840876,0.6651802342856632,0.570813453904393,0.5917400832403013,0.6246678927280003,0.6431729979690923,0.5658230039449101,0.6808424471823146,0.65846849999836,0.6476698562480733
CSCO,0.48177576181042703,0.5356159721249341,0.547905877064253,0.5779915093358134,0.5305393319579162,0.5351474746388133,0.5836461740614907,0.5256868332983134,0.6478838020753938,0.5471898463089295,0.611478916922314,0.5943010454743447,0.5195236374389717,0.6006776948646336,0.6331012772552913,0.603978870389318,0.5510704061544848,0.5391600028223619,0.5423703750949261,0.6385324447302559,0.5800028973097159,0.0,0.534563707310994,0.556117625146293,0.6015971262755089,0.520797955246596,0.6087756324666395,0.6122691191751287,0.6553235365020172,0.5118774825287397,0.5172928970837488,0.649500392933182,0.6407316228380071,0.4835197452108398,0.6458473252497986,0.4308160937770055,0.6738162053843131,0.4682523787412431,0.6779533973465338,0.5372609678328921,0.6057307560467609,0.5140258142307952,0.6278224666490234,0.5768672777663533,0.5401208338988741,0.44448272878131706,0.6175862727089978
MRK,0.6384287041066827,0.697448322701302,0.6622964486278733,0.5786856726419982,0.661054321175166,0.6654959719093644,0.4900893280663586,0.6630950240520532,0.555131682411823,0.6893335471449851,0.6459442865483525,0.6244098961067537,0.6298664900901898,0.687693283462937,0.47829902439416877,0.7055812493966157,0.6654630465142459,0.5687001905045309,0.588717965849825,0.612235945714811,0.5072150670492032,0.534563707310994,0.0,0.6856067194068435,0.628926830498916,0.680126667806582,0.6048308573707623,0.5869136624710896,0.6538256925976003,0.5929115611754711,0.5954648035710264,0.5980374924041401,0.5932166431542195,0.5322494077983089,0.6690923601921611,0.5705886263001737,0.6919078691393414,0.5823548479403348,0.6659465725400134,0.5094167650165131,0.6627651787493327,0.6313633868056847,0.6554312015361251,0.5974079272279298,0.5854558091957143,0.6580664115772973,0.6615875512069013
CMCSA,0.6237253810230428,0.6474035133511675,0.6733873810080632,0.6196152746071099,0.6329530013610765,0.631961530870907,0.697145063843629,0.6405535288678212,0.6688429329790399,0.5849861810079331,0.6386741215604018,0.7054956797863775,0.6982636037714304,0.6551699327393634,0.6167570321666084,0.6462047827993309,0.6368976152099667,0.5764431526936841,0.6127049144181381,0.6150686654723378,0.670373936907805,0.556117625146293,0.6856067194068435,0.0,0.6916294576871403,0.5916207647996966,0.690395739410412,0.669729950986488,0.6558146909091598,0.6753863090236004,0.6366210269276309,0.6100127358696299,0.6684099715686659,0.6382777348046591,0.6730494656099939,0.6533444324214724,0.613908408989201,0.6907738960112573,0.6573049163674438,0.6693675855407106,0.669493861474624,0.6958322586377527,0.6684801582139708,0.7045696016871315,0.6607247857230086,0.582083355921017,0.6410924970895049
PEP,0.5693788822560044,0.5878083337011973,0.5973498347109855,0.5941616366305231,0.6430266170258816,0.6392062339942269,0.5499108267539803,0.5840368373616607,0.5278101956586367,0.6920603737907258,0.6993573349982776,0.5540687169055202,0.5772402889414253,0.5733799699360063,0.6654150418689381,0.6365596253627301,0.5494829058708689,0.5908522670291619,0.6246660871617674,0.6324725619742704,0.7043515676325738,0.6015971262755089,0.628926830498916,0.6916294576871403,0.0,0.6809942563290902,0.46135154653849414,0.6361009806864744,0.5245622722084494,0.6329627980056586,0.5637816372866037,0.7061187287284725,0.6941292344297528,0.6243520724800395,0.6292314060997064,0.6569749292409407,0.650683408953513,0.5249014456592885,0.5527289566948357,0.6979404756275408,0.6192388164270962,0.6020636930026346,0.6331691573439936,0.673210243786483,0.4691447848835334,0.5818223740240136,0.6627925653413125
BAC,0.6176663909471594,0.5716358521607295,0.5804770132205084,0.6187098591058628,0.6390052207932708,0.6470562020102568,0.6854529053567407,0.6241147045137273,0.6925486131782692,0.2107304101783491,0.6841030323731191,0.6492379072488298,0.643485031861869,0.582464498524995,0.6514358396302375,0.6615922442720967,0.6636677252057213,0.5898035235107616,0.5890535419284463,0.6457100771162496,0.6010886169598263,0.520797955246596,0.680126667806582,0.5916207647996966,0.6809942563290902,0.0,0.6903659531217182,0.6470510301752977,0.6875077673793907,0.6748956460850613,0.634272959331881,0.6996427578715538,0.5964621254618688,0.6595017694219982,0.6782482549651601,0.5397960596644645,0.6560449258771336,0.6391641732709131,0.6105437744129402,0.6771573146384048,0.6631078339767313,0.5746137929234877,0.6527075290427229,0.6975931687303408,0.6828974658313188,0.5912080932166442,0.6455897081005856
KO,0.5919711469836547,0.6554101306122628,0.5986381147498013,0.6166713280712145,0.681556816118692,0.6806000943465367,0.6636140399684682,0.6220019950520792,0.49814711710181203,0.6742275152391456,0.6527560369821092,0.6526366376271261,0.6081152190359036,0.6231384119198603,0.5808032235579216,0.7067827146514815,0.6191937518906389,0.5829267204712063,0.6233382898717373,0.5357965432175881,0.691737822657873,0.6087756324666395,0.6048308573707623,0.690395739410412,0.46135154653849414,0.6903659531217182,0.0,0.5738496182853503,0.5621339207594904,0.6414209086895535,0.6234573875114261,0.6583620303696248,0.654882381461423,0.6932202939613771,0.6372585532348498,0.6606429822951023,0.6425137387637853,0.5641294475955916,0.635398096334794,0.6815068188056296,0.6685775332057305,0.6499982975222403,0.6163484432463657,0.6659387997408877,0.5320864731797604,0.6277092904048572,0.6771190505668565
XOM,0.7011078733822415,0.651458076653841,0.6859041997214804,0.6992901738821868,0.6966962720062783,0.6885975125896324,0.6426420442232844,0.7036729514591554,0.5310564171703498,0.6274600400837563,0.5739898080104041,0.7056942862184601,0.661079271302387,0.6979316723002759,0.6334153853069415,0.679412221908959,0.6558075313254872,0.595236299747391,0.6840841090891995,0.6244563199764522,0.613783495240934,0.6122691191751287,0.5869136624710896,0.669729950986488,0.6361009806864744,0.6470510301752977,0.5738496182853503,0.0,0.5924590731143947,0.657548424323065,0.6973222663860409,0.6162493205948055,0.44579394567164365,0.6483780203509243,0.6865006504376252,0.6355523790426967,0.6224521195276814,0.5681196314477721,0.7053355084961318,0.6175248013628863,0.6848322367712645,0.5655915523490833,0.6889251010314112,0.6518899633091825,0.6789690481198789,0.6422224025835734,0.6722594900349016
WMT,0.6373571025515857,0.6053997884722971,0.6592663232426756,0.6170869141456574,0.6957641918586455,0.6904739624613193,0.6997274981850634,0.676345869542555,0.5744173494967463,0.6592659222315352,0.6188954890175493,0.66747947710806,0.6419244983147288,0.6644077418585522,0.6207934411838189,0.6874023446061629,0.6785137955035715,0.5602206848414059,0.6375307813208296,0.6416298362232173,0.7067361853018553,0.6553235365020172,0.6538256925976003,0.6558146909091598,0.5245622722084494,0.6875077673793907,0.5621339207594904,0.5924590731143947,0.0,0.6978342229500774,0.6540761127262895,0.6874676392327803,0.6194293323349047,0.7057244326656031,0.6484999059152033,0.6738349736887596,0.4899830855742312,0.6280732728007592,0.6812032626995047,0.666580632744621,0.7064609012909936,0.6795223484978845,0.6675578137932751,0.7026274780386108,0.6467627211886438,0.6303648589269023,0.7037194835006113
ABT,0.5456641695048835,0.6251094192314939,0.5883849921805038,0.6336215218711696,0.5825458271236188,0.5970775575673327,0.5805771604359163,0.6056626023970265,0.6721108904816527,0.6790303024175679,0.6877244007418566,0.5110942594813762,0.5766209159527733,0.6208969776114139,0.6817157887582498,0.6491760615327139,0.5893845625396504,0.6486674669757728,0.6130291329709945,0.6705315468729238,0.6191857905301515,0.5118774825287397,0.5929115611754711,0.6753863090236004,0.6329627980056586,0.6748956460850613,0.6414209086895535,0.657548424323065,0.6978342229500774,0.0,0.5180809639051223,0.5678431100196014,0.6787382140316693,0.48359754620245465,0.6213867093045288,0.5329278628432258,0.6734288146680013,0.5182080977606819,0.6773589092516393,0.5955643628680207,0.6015389994057705,0.5741019477354111,0.5562967725428308,0.5999115090107641,0.629212299414289,0.568205113531901,0.6327935298658716
CRM,0.41469881380624796,0.5949596147517842,0.5062035718843553,0.4773368295941236,0.5183718297357522,0.5244997631107445,0.5753167934062252,0.43822969813088136,0.640383462960078,0.6412776614584044,0.703285659430629,0.5198692753332058,0.4375946970142311,0.47997079917967667,0.6867779898900093,0.5575934144634807,0.3790412238166834,0.581442747799325,0.46273128654295487,0.6822195924577208,0.6458149593425061,0.5172928970837488,0.5954648035710264,0.6366210269276309,0.5637816372866037,0.634272959331881,0.6234573875114261,0.6973222663860409,0.6540761127262895,0.5180809639051223,0.0,0.616182091844237,0.7006270858423633,0.5309797406666594,0.5914752185919313,0.555945700325245,0.6855587101100661,0.4465170707509816,0.6161217991488912,0.6303378798398864,0.5410583670389919,0.5476517941299983,0.567273211662942,0.6133119744420785,0.5693599705783219,0.42859127099838945,0.6717775457404873
ABBV,0.5903164588316828,0.6722279827694788,0.5750211527263355,0.6371333856784073,0.5711624584628969,0.5812900091632074,0.6184748008213954,0.5412137488451041,0.676931721396193,0.6833222349189474,0.6346222150575287,0.6267443108775801,0.4934952131877371,0.685504929204164,0.6653018555271581,0.6677751008681468,0.6079019733897322,0.6748085974478771,0.6096705187917784,0.6474481048824803,0.5896107676841946,0.649500392933182,0.5980374924041401,0.6100127358696299,0.7061187287284725,0.6996427578715538,0.6583620303696248,0.6162493205948055,0.6874676392327803,0.5678431100196014,0.616182091844237,0.0,0.7054011126046473,0.5644133961184975,0.6721831171902435,0.5189096219638829,0.698742396268034,0.5334692243918083,0.6786767254588478,0.5382692566088133,0.53915276588722,0.5884418392155123,0.6040006902443796,0.5255557916021678,0.6871999989190457,0.675181652104314,0.686359629446454
CVX,0.6995756215049613,0.7053156918918562,0.6606374987054537,0.6947197127918608,0.6646914749010218,0.6604988569696961,0.6495133775810091,0.6864001944461268,0.602867803029111,0.5752337781920893,0.6108285990516622,0.6967346145603169,0.690335446981848,0.6991331970277144,0.5909206659042846,0.6759007058222674,0.6611602756204823,0.5885961099875648,0.7055780957739818,0.6241836874391051,0.6737883976284874,0.6407316228380071,0.5932166431542195,0.6684099715686659,0.6941292344297528,0.5964621254618688,0.654882381461423,0.44579394567164365,0.6194293323349047,0.6787382140316693,0.7006270858423633,0.7054011126046473,0.0,0.6782061165726372,0.6996803997072287,0.6774838398353425,0.640908036816793,0.6277936491594002,0.699365260117462,0.675192735075162,0.6840546015147977,0.6405498439100387,0.6527269993029551,0.6883463754587004,0.6983102463910793,0.6540385990659405,0.669665996304271
TMO,0.5272008925636368,0.5939182541130515,0.5927480435033253,0.5575677339742682,0.5073875393108872,0.5172139234485514,0.5589925181643713,0.5724326659694923,0.7050531964963332,0.6679455934454617,0.6362886814886061,0.5655169140913583,0.5412917436062505,0.6118500376843494,0.6862184590051177,0.618824136621838,0.5336034791093793,0.597778642376841,0.5845722739285558,0.6216586930934302,0.5773286985780012,0.4835197452108398,0.5322494077983089,0.6382777348046591,0.6243520724800395,0.6595017694219982,0.6932202939613771,0.6483780203509243,0.7057244326656031,0.48359754620245465,0.5309797406666594,0.5644133961184975,0.6782061165726372,0.0,0.6412497207181799,0.4306515032639686,0.6794141869765048,0.5333251254921685,0.6901241544481684,0.5293805314054518,0.6150429361346261,0.5621429164749824,0.5689999943889249,0.4951177144568055,0.5516009976037738,0.5838285226663594,0.6450494740095403
MCD,0.579265489616696,0.6531167547201445,0.6385657167596679,0.637670488478765,0.7002791109547664,0.6871796443290482,0.6808894306377768,0.6512379263161656,0.5737575763629683,0.6622107076449399,0.6586305005709342,0.6518433463564791,0.5997185318298475,0.6757945932078365,0.6974229540709067,0.7033474216094474,0.6844987539791983,0.695750547207513,0.6277786614301039,0.6743011123957988,0.6673929769895866,0.6458473252497986,0.6690923601921611,0.6730494656099939,0.6292314060997064,0.6782482549651601,0.6372585532348498,0.6865006504376252,0.6484999059152033,0.6213867093045288,0.5914752185919313,0.6721831171902435,0.6996803997072287,0.6412497207181799,0.0,0.6870176071157226,0.6733188423887984,0.618428138939795,0.6492832413919539,0.6668756905550786,0.6671582154771327,0.6270186249311628,0.6673380920427315,0.7026053480443059,0.7024055713876164,0.6615942066591767,0.6800537074160086
AMGN,0.5127862956369589,0.5387334237450482,0.5501514970601434,0.5822268939730626,0.48411002946987536,0.4830905434314234,0.5800500947977545,0.5085662435426386,0.6685207187756395,0.5771742725847374,0.6451789951670259,0.5451003802310678,0.4769418759930873,0.5724736351826233,0.6484726280507199,0.5838064152074985,0.5680950258378269,0.5618870304586081,0.5857119264378352,0.6303574554444983,0.5204483839936281,0.4308160937770055,0.5705886263001737,0.6533444324214724,0.6569749292409407,0.5397960596644645,0.6606429822951023,0.6355523790426967,0.6738349736887596,0.5329278628432258,0.555945700325245,0.5189096219638829,0.6774838398353425,0.4306515032639686,0.6870176071157226,0.0,0.6343613484416161,0.48121986932543925,0.7065527588091487,0.612449967273995,0.5161694836997608,0.4863531198756577,0.6019411850054136,0.5178351198965406,0.5873736338294393,0.5890107647574617,0.6313828915644979
COST,0.6663035901026344,0.6434547206764627,0.7064263314327742,0.7027021789725652,0.6817566272669557,0.6824658381163854,0.7015621791718661,0.7008709814428591,0.629670850112514,0.661485661785107,0.5889016604899829,0.7016575476173348,0.6972338074340063,0.6930703628168932,0.6593962767728887,0.6746677041955065,0.7059252053070251,0.6365662046619949,0.6925062307143957,0.6767003170451764,0.6970031103328886,0.6738162053843131,0.6919078691393414,0.613908408989201,0.650683408953513,0.6560449258771336,0.6425137387637853,0.6224521195276814,0.4899830855742312,0.6734288146680013,0.6855587101100661,0.698742396268034,0.640908036816793,0.6794141869765048,0.6733188423887984,0.6343613484416161,0.0,0.7050242773077563,0.6991444639383749,0.6389157048043683,0.6771653347272929,0.6849014764162945,0.7031996992925099,0.6732247407653649,0.7015073773666132,0.6925862389808116,0.6535668950846235
ACN,0.4747638904525628,0.6336652223944023,0.5754963048604836,0.5980129960134059,0.5695585891020051,0.5726581358850077,0.4789149140897878,0.5190816097248324,0.594918532569794,0.6240544402238961,0.6303436370352316,0.5490424927253519,0.4446473390098756,0.5310246398437471,0.681250846350538,0.5715390317923302,0.5353358492793425,0.5547054266192334,0.5176101780884592,0.6724345174049982,0.5738679932840876,0.4682523787412431,0.5823548479403348,0.6907738960112573,0.5249014456592885,0.6391641732709131,0.5641294475955916,0.5681196314477721,0.6280732728007592,0.5182080977606819,0.4465170707509816,0.5334692243918083,0.6277936491594002,0.5333251254921685,0.618428138939795,0.48121986932543925,0.7050242773077563,0.0,0.6034949053003302,0.5874565431880684,0.4633746281813426,0.48621798499776236,0.5884558108549187,0.5732789902497274,0.5954889507543988,0.46584556377408637,0.609436371302221
NEE,0.6327146251695954,0.6214306295683087,0.6855024789460546,0.6852022520101954,0.6926791225219582,0.6853043502474732,0.5564346570268173,0.5800893975030518,0.5878207317538233,0.6130766349101767,0.6000266275758974,0.5994894739076418,0.5600891764554963,0.6291051779433863,0.6975307343935105,0.6709631693338869,0.5837371585880435,0.6820283192479503,0.6812314168280231,0.6833218959040793,0.6651802342856632,0.6779533973465338,0.6659465725400134,0.6573049163674438,0.5527289566948357,0.6105437744129402,0.635398096334794,0.7053355084961318,0.6812032626995047,0.6773589092516393,0.6161217991488912,0.6786767254588478,0.699365260117462,0.6901241544481684,0.6492832413919539,0.7065527588091487,0.6991444639383749,0.6034949053003302,0.0,0.705077036224142,0.6357035470488903,0.6476690091041521,0.6866954661626289,0.695868280367017,0.6462771484043648,0.6225813276193408,0.6706359195875568
LLY,0.6236999429904515,0.6947207463199239,0.6331941913414594,0.615114721906772,0.5514421761875834,0.553873332495228,0.6169322134015445,0.6601827251625499,0.6726675356017465,0.7056006024465796,0.662687432458753,0.631620568808011,0.6706779017792514,0.6812274865509331,0.6602946369660915,0.6638142529824061,0.6345206878372102,0.6382227828006475,0.6082918503777831,0.6817829444528686,0.570813453904393,0.5372609678328921,0.5094167650165131,0.6693675855407106,0.6979404756275408,0.6771573146384048,0.6815068188056296,0.6175248013628863,0.666580632744621,0.5955643628680207,0.6303378798398864,0.5382692566088133,0.675192735075162,0.5293805314054518,0.6668756905550786,0.612449967273995,0.6389157048043683,0.5874565431880684,0.705077036224142,0.0,0.6019987880689689,0.6541030929620159,0.6370643647827638,0.5694331064736513,0.6287093393191376,0.6048205387598743,0.6955620340443306
BMY,0.550815573075264,0.6659999419256019,0.6617716628041062,0.6843107223486372,0.5962334231054128,0.5910013151047945,0.563786829311086,0.5862834565257323,0.6887167415927923,0.6848297491531581,0.6754309334568822,0.5312579731786845,0.5682944805498014,0.6198036630166572,0.6254371847845586,0.6616963508796896,0.5799439767383937,0.6842410966990642,0.6761172818280979,0.649573757411029,0.5917400832403013,0.6057307560467609,0.6627651787493327,0.669493861474624,0.6192388164270962,0.6631078339767313,0.6685775332057305,0.6848322367712645,0.7064609012909936,0.6015389994057705,0.5410583670389919,0.53915276588722,0.6840546015147977,0.6150429361346261,0.6671582154771327,0.5161694836997608,0.6771653347272929,0.4633746281813426,0.6357035470488903,0.6019987880689689,0.0,0.613779832256033,0.6172160263079982,0.5997528287666707,0.6746908711007882,0.5899119123563288,0.6766677229187265
LIN,0.5281824038089852,0.5746856589583887,0.5604879266199656,0.6093639064079747,0.5328870126710338,0.5432503330315784,0.6298382758311007,0.5163760307753986,0.6258533539086112,0.5763429216416454,0.6531400546924043,0.6390704930824096,0.47610153693686985,0.5477310054576146,0.6761958471455289,0.6296803156712989,0.5843949715464013,0.6208672877429463,0.5979279046777083,0.699637397712717,0.6246678927280003,0.5140258142307952,0.6313633868056847,0.6958322586377527,0.6020636930026346,0.5746137929234877,0.6499982975222403,0.5655915523490833,0.6795223484978845,0.5741019477354111,0.5476517941299983,0.5884418392155123,0.6405498439100387,0.5621429164749824,0.6270186249311628,0.4863531198756577,0.6849014764162945,0.48621798499776236,0.6476690091041521,0.6541030929620159,0.613779832256033,0.0,0.6556106879073014,0.5574319919935402,0.6167407245216832,0.5788509489713505,0.6088134313103344
MDT,0.5717432414715834,0.6352856041614331,0.6409177378532364,0.6210787932707839,0.6815997100579622,0.6814830573411017,0.6372444869395955,0.591818146442183,0.7060241690644399,0.6522780179137726,0.6520866663508696,0.6240423470903966,0.5826844452048878,0.6233616561966857,0.6868109110965973,0.6474274528683237,0.5676804000005874,0.5965208799596505,0.6564851595443362,0.6921802512029307,0.6431729979690923,0.6278224666490234,0.6554312015361251,0.6684801582139708,0.6331691573439936,0.6527075290427229,0.6163484432463657,0.6889251010314112,0.6675578137932751,0.5562967725428308,0.567273211662942,0.6040006902443796,0.6527269993029551,0.5689999943889249,0.6673380920427315,0.6019411850054136,0.7031996992925099,0.5884558108549187,0.6866954661626289,0.6370643647827638,0.6172160263079982,0.6556106879073014,0.0,0.5625339202763682,0.6464720358864634,0.5646703983949094,0.682713942755009
DHR,0.5717148041947631,0.615005539975911,0.6310587488779072,0.6413387340637369,0.5779254654085612,0.5768307528392651,0.5995304654483492,0.5511047278379742,0.6912731779564131,0.6920777238206983,0.5316903324399928,0.631064228316319,0.5338421899578791,0.6493541520580414,0.6337683960314727,0.6261148924720203,0.5644256612786218,0.6712169331497355,0.6444124654446236,0.6454689945127403,0.5658230039449101,0.5768672777663533,0.5974079272279298,0.7045696016871315,0.673210243786483,0.6975931687303408,0.6659387997408877,0.6518899633091825,0.7026274780386108,0.5999115090107641,0.6133119744420785,0.5255557916021678,0.6883463754587004,0.4951177144568055,0.7026053480443059,0.5178351198965406,0.6732247407653649,0.5732789902497274,0.695868280367017,0.5694331064736513,0.5997528287666707,0.5574319919935402,0.5625339202763682,0.0,0.5908726526598774,0.6120238393914067,0.6894843586494575
PM,0.5732510160723431,0.6022860974896154,0.5696300526763381,0.557044125770053,0.5567866983973079,0.5469728443524585,0.5478077200231043,0.5767790797108187,0.5983545877601244,0.6802691810652828,0.6430666929244611,0.589652114133448,0.6137797659392561,0.6299543890054539,0.7049618779784174,0.6072292883838566,0.5008928571956339,0.6100997064522977,0.5872901072286693,0.6847998759971287,0.6808424471823146,0.5401208338988741,0.5854558091957143,0.6607247857230086,0.4691447848835334,0.6828974658313188,0.5320864731797604,0.6789690481198789,0.6467627211886438,0.629212299414289,0.5693599705783219,0.6871999989190457,0.6983102463910793,0.5516009976037738,0.7024055713876164,0.5873736338294393,0.7015073773666132,0.5954889507543988,0.6462771484043648,0.6287093393191376,0.6746908711007882,0.6167407245216832,0.6464720358864634,0.5908726526598774,0.0,0.6059583819483695,0.7065096040813574
