,MSFT,AAPL,AMZN,FB,GOOGL,GOOG,JNJ,V,PG,JPM,HD,UNH,MA,NVDA,VZ,NFLX,ADBE,INTC,PYPL,T,PFE,CSCO,MRK,CMCSA,PEP,BAC,KO,XOM,WMT,ABT,CRM,ABBV,CVX,TMO,MCD,AMGN,COST,ACN,NEE,LLY,BMY,LIN,MDT,DHR,PM,TXN,NKE
MSFT,0.0,0.41399526180940055,0.2867178372144374,0.31991369929037045,0.39814134586504074,0.4130358728285665,0.5893471583227837,0.29575435205147704,0.502896981945262,0.4428264919279753,0.4272311875006811,0.5545181186914991,0.25916310528831643,0.3508829411292705,0.500211019576509,0.5323106160281226,0.30316984089038485,0.3652605793846789,0.3633815449291964,0.5356190079171496,0.5462481346328802,0.4301580638284404,0.4498482630288244,0.3436095901009829,0.465433793776671,0.44999030923619177,0.5245939682878579,0.4198030954609785,0.5152093273767386,0.33945245106233213,0.4925612501622312,0.5059351352863061,0.4655620504289098,0.40612558627745526,0.4524712971937725,0.6188980769350079,0.4712745829683264,0.2873670833063384,0.587396980751611,0.4180631697539832,0.5077022256142723,0.47747267083404443,0.40496170653338365,0.3522111102972503,0.6338919575676271,0.3479390286146224,0.39937238358653465
AAPL,0.41399526180940055,0.0,0.38891473137132915,0.4208582971493474,0.4601254913512235,0.47014627546087173,0.5804995252014411,0.4445731108150567,0.5357563226436527,0.4139963941403942,0.4549612294081709,0.6102893844559268,0.43732419481995044,0.38627982540565003,0.5705943188524569,0.5613732228217758,0.4282877395352135,0.34842382043779807,0.4580324148047511,0.5229278241045597,0.5418532452480043,0.4276868913532532,0.5162237050168119,0.4004511466779641,0.4896105767045556,0.4301725076724139,0.565241456677059,0.41537943408278594,0.5550477641048339,0.40458662228148523,0.5133652580898067,0.5314926605686368,0.4522726996468925,0.45559426444514955,0.548144833504591,0.5686070001222872,0.5569949627616848,0.44603029345336165,0.6470098817463226,0.4851163780561472,0.5357288054096836,0.5747487933369173,0.479668606500007,0.43550766178103006,0.5812790545731485,0.40735128319425556,0.40012271847375797
AMZN,0.2867178372144374,0.38891473137132915,0.0,0.2891086973849188,0.48085354848284406,0.49066455006323934,0.5758325698547978,0.35875141020090384,0.5546504892456726,0.4040586502601152,0.4520272956529638,0.5388886391808086,0.3307351539416271,0.33361966893018485,0.547036304823073,0.5189279391124063,0.3867580512340749,0.3538312462580177,0.36856490042181345,0.5455309691741295,0.5083327057822884,0.4727433445143767,0.5190033993700675,0.3292710845970354,0.5121078154459354,0.43751278643832514,0.5514503386106956,0.40792277478094513,0.49706240270388297,0.3954073073364836,0.4826546053774055,0.5555439866813894,0.46585149259188663,0.44024807285016077,0.5275140471197534,0.6311719286525842,0.503618869300972,0.3899293945939422,0.6315720295900658,0.46738651467888487,0.5479731795860386,0.5065687049491902,0.4677768207696215,0.4446605258998177,0.6314095667820994,0.37867226003073534,0.39160039548089765
FB,0.31991369929037045,0.4208582971493474,0.2891086973849188,0.0,0.46585567764141833,0.4741799976536505,0.5915060032475159,0.39894706018764914,0.569201466501092,0.4087462323183277,0.49821125463228133,0.5203196403558024,0.39544340912483866,0.3673326783711564,0.5763946832173561,0.5395582781843504,0.3849169287973142,0.38577594775662866,0.3940489458878974,0.5285650395132832,0.5455098130875511,0.5025125722127076,0.5359101410162431,0.35451790851730686,0.5378517733935108,0.422814932373528,0.587457770420623,0.44274569345936915,0.49749251201371675,0.4076312739945173,0.4073934435404899,0.562144949441749,0.4598390681644808,0.4591264688422785,0.5541069438857608,0.6026803494523678,0.5075860080880494,0.42636195497620694,0.6723133505121403,0.46569717667937466,0.5803940005354616,0.5344644731875562,0.4995107800596176,0.46283394767746283,0.6873013024692264,0.4079211226246475,0.4732467136040376
GOOGL,0.39814134586504074,0.4601254913512235,0.48085354848284406,0.46585567764141833,0.0,0.033790680187024164,0.6230815817796908,0.42985102780182727,0.5306220165332036,0.4564462264766646,0.5000432065957057,0.5462678880731913,0.42990097360371976,0.44279221057257284,0.4978264215115809,0.5248156431038224,0.4327089962056797,0.4943026247500735,0.47595830904317343,0.5519452349282865,0.521924456879365,0.5121706103919296,0.5745209895220854,0.47295886921421293,0.4825936671062217,0.4497824940395978,0.5110335362886393,0.48002961462060206,0.5334728271823339,0.4750551741815305,0.5338863341368302,0.5197221480119788,0.5608661327909086,0.5115969322287846,0.5407738819052158,0.6186617489576068,0.5461835227160136,0.4251382525323854,0.6467074837292706,0.5155913542646214,0.5693687370931696,0.53901403377236,0.5318386391540546,0.5142335959926385,0.6340052782340476,0.4856546998242745,0.4718774006878028
GOOG,0.4130358728285665,0.47014627546087173,0.49066455006323934,0.4741799976536505,0.033790680187024164,0.0,0.6303946422809623,0.4414966746162929,0.5400196811503339,0.46412426157707143,0.5085305128813103,0.5465331215208066,0.4444267105081941,0.4526516572915681,0.5068479598763561,0.5286567507905992,0.44220500758149833,0.5089366421931472,0.48316536273523275,0.5576865738115684,0.5206646954443735,0.5176084561560739,0.5848280360880135,0.48060112849411674,0.4916040326225589,0.4560957460642617,0.5170856789450567,0.4905030624766349,0.5423247266367867,0.49009373782536925,0.536371877185657,0.5244411324573851,0.5694357846890782,0.5256098287185208,0.5491407805482174,0.6191895472678308,0.5542673145794557,0.44189548157163955,0.6490879626587387,0.5218719058986411,0.578239253743543,0.5458696468485732,0.5418204785323285,0.5283074756802567,0.6376753370651383,0.49740032660716416,0.4821249153292339
JNJ,0.5893471583227837,0.5804995252014411,0.5758325698547978,0.5915060032475159,0.6230815817796908,0.6303946422809623,0.0,0.6267137874880494,0.6556925327598604,0.5646217443919194,0.6457543814882641,0.5802143936035058,0.639516804304682,0.5951385505856043,0.4646022392144002,0.6323633624689768,0.6320509774651267,0.5893261206369341,0.6669359661417565,0.4856009597505487,0.653932999684338,0.5878683531415063,0.5612428792594403,0.5077550771183202,0.6212106788418301,0.5991495684302721,0.6509611478387207,0.5955298649419768,0.6227797034432937,0.5647884969463567,0.6609978025291858,0.6208791139273235,0.5747396300146749,0.5774868636713438,0.6904777649986975,0.6440914550851211,0.5899289766118616,0.5973967180199115,0.6644263894173412,0.542029385174879,0.5402596786646177,0.6181748582018325,0.6084139172644872,0.5787834200359683,0.6608091170703324,0.5649152058571089,0.6363499268190317
V,0.29575435205147704,0.4445731108150567,0.35875141020090384,0.39894706018764914,0.42985102780182727,0.4414966746162929,0.6267137874880494,0.0,0.4666963005017425,0.5098836081835192,0.4379142964660602,0.6189498377485618,0.16891055507239772,0.42691483761572163,0.5284477969220434,0.5781989295988892,0.3191255420138774,0.442400276613963,0.3494028779362095,0.5892495598613966,0.5470932829717294,0.5394227087547273,0.46035383045934786,0.4031992794001925,0.40965589501598043,0.5227054544881772,0.49548995094097115,0.47525686980280607,0.4742990428524655,0.4024403558331032,0.5134570670806696,0.5801667132136225,0.5303159713395624,0.441114327842502,0.43810932062773694,0.5658792763023782,0.44331837555292425,0.2621075858085643,0.557575946388328,0.44431113136253986,0.5270627027031722,0.5509397514523251,0.40555282489107375,0.3909508595105586,0.6141794769847445,0.3845437985076356,0.4527869612422779
PG,0.502896981945262,0.5357563226436527,0.5546504892456726,0.569201466501092,0.5306220165332036,0.5400196811503339,0.6556925327598604,0.4666963005017425,0.0,0.6092456536925415,0.5838113093932816,0.702695601923553,0.455018553834364,0.5863181645359439,0.5630136358410314,0.6469460466825292,0.5319795322655867,0.5722762365561417,0.5463457013357693,0.6032454119441003,0.6996377177782264,0.6009347369693079,0.4875567726584282,0.5376289138340912,0.3967321778541789,0.5884095645779305,0.5283261628424335,0.5437145058970343,0.4684117267464575,0.5161840757000599,0.6232468275738824,0.5551719247961587,0.6079520276942838,0.531605193419666,0.4882460335101474,0.6283221936482785,0.5245327312660273,0.4404384542558556,0.5194830171925223,0.5473113422810125,0.5808207105415694,0.6090331975113532,0.4570242424181346,0.4544574524623386,0.6268677451010158,0.5528827888282555,0.5280320205342438
JPM,0.4428264919279753,0.4139963941403942,0.4040586502601152,0.4087462323183277,0.4564462264766646,0.46412426157707143,0.5646217443919194,0.5098836081835192,0.6092456536925415,0.0,0.4494463751261605,0.48806178370772046,0.515601461507355,0.398509275026354,0.5245814467866189,0.5454617042968642,0.5069290036099717,0.3903932499581847,0.5196867504925894,0.5084527054367289,0.4758650351215001,0.4875137877661919,0.5664292123935027,0.37398024325764956,0.5851488813004442,0.17856725389157674,0.5773880426012844,0.3359661012432536,0.5248747310180961,0.4178734211287693,0.5154701334468182,0.5110983236754304,0.40825747455593586,0.432347099682216,0.6041337816188216,0.5955873680950785,0.5665192167798171,0.4909352643967691,0.69451016686941,0.48099352703652976,0.5612316921421446,0.5258927737890747,0.5336776817209735,0.49725424591502715,0.6212752674761403,0.46775936328698087,0.45755321325352294
HD,0.4272311875006811,0.4549612294081709,0.4520272956529638,0.49821125463228133,0.5000432065957057,0.5085305128813103,0.6457543814882641,0.4379142964660602,0.5838113093932816,0.4494463751261605,0.0,0.6099562574297275,0.4405548880877221,0.4477760323333619,0.5511378592240459,0.5423870453148336,0.49096440049131596,0.45418798138216077,0.5124101735809703,0.548852932493911,0.565191105709698,0.5119869768679288,0.5651240720224359,0.43242395968969294,0.5226406431349423,0.4643440968713349,0.5925069719318249,0.4324307877896096,0.553854096772117,0.48237691786620357,0.5361510184126301,0.545776989267046,0.496436395012335,0.49548785454592703,0.5410227970859818,0.6620613939659458,0.5282637800349694,0.45468862129223553,0.66399237780963,0.5396331258976582,0.5384186744997828,0.577362681445201,0.4182743647599713,0.5101278032579051,0.6350031096279336,0.4509133080995021,0.43054576367812825
UNH,0.5545181186914991,0.6102893844559268,0.5388886391808086,0.5203196403558024,0.5462678880731913,0.5465331215208066,0.5802143936035058,0.6189498377485618,0.702695601923553,0.48806178370772046,0.6099562574297275,0.0,0.6172975810601856,0.5469502430357014,0.5535069272885276,0.5988963898216237,0.6178730785268852,0.5989007010577598,0.6039423971472387,0.5687254334701648,0.6145982199894925,0.6014519882867859,0.6110994700712994,0.5759821941107612,0.6657466850614572,0.5327035422989476,0.6460575159015116,0.5748829059220497,0.6035611243660777,0.5392393271336647,0.5862312620810932,0.6366033979854531,0.6007201239580446,0.5833135578328227,0.6633699354194535,0.6702455618724944,0.6843606160744324,0.6217541968996858,0.6839384487718465,0.5532484579309948,0.6261322393499315,0.6024292893858144,0.6144617196371006,0.6347468650869845,0.6416291247179116,0.6305458792733992,0.6571452323112931
MA,0.25916310528831643,0.43732419481995044,0.3307351539416271,0.39544340912483866,0.42990097360371976,0.4444267105081941,0.639516804304682,0.16891055507239772,0.455018553834364,0.515601461507355,0.4405548880877221,0.6172975810601856,0.0,0.42776510854982325,0.538725995481023,0.5602635281931929,0.3165440871759739,0.43158169576599936,0.32217057728990633,0.6055226370571573,0.5589501124403844,0.5216901103596054,0.4478024422550463,0.39780132314185807,0.41250026086483416,0.5302300091841665,0.5039598212911879,0.471792300497805,0.4690643208910767,0.3749183676734526,0.5256460218944864,0.5584577399318302,0.5282888532278945,0.41025405829493256,0.3952258650700005,0.58934328227156,0.44119449741391464,0.23314529472860043,0.5561387486378835,0.46683328737926283,0.5232530462322106,0.5211191039686275,0.39718576914883663,0.36332890467616696,0.6216381400440942,0.39231475785653913,0.39708091655699096
NVDA,0.3508829411292705,0.38627982540565003,0.33361966893018485,0.3673326783711564,0.44279221057257284,0.4526516572915681,0.5951385505856043,0.42691483761572163,0.5863181645359439,0.398509275026354,0.4477760323333619,0.5469502430357014,0.42776510854982325,0.0,0.5386374661301142,0.5339304230166309,0.41173261419421947,0.34059020255259,0.41816516889187594,0.5327971561141677,0.5408474437995303,0.42599343434080433,0.5674991743727925,0.3755805427588083,0.5435023590205548,0.3884046012674357,0.5580879283580394,0.40827295187476537,0.5762216155671118,0.4165468740378483,0.4909820411610656,0.48965695243963525,0.48263343860750385,0.48157375852098405,0.5884171062236808,0.6391485065252249,0.5311092885983089,0.4658581792095642,0.6870883187646132,0.5418753594513798,0.5829930830781994,0.5477039605822772,0.5210350257749152,0.49880118189430694,0.612884946596505,0.3570210255475814,0.41827206261037747
VZ,0.500211019576509,0.5705943188524569,0.547036304823073,0.5763946832173561,0.4978264215115809,0.5068479598763561,0.4646022392144002,0.5284477969220434,0.5630136358410314,0.5245814467866189,0.5511378592240459,0.5535069272885276,0.538725995481023,0.5386374661301142,0.0,0.5942829040643803,0.555468570845807,0.5272437929741731,0.5737735955096279,0.4185319992333759,0.5208356685361828,0.5838340326009528,0.5364429687889803,0.4714980488028958,0.48547374488208056,0.5439868189697352,0.5262326199766563,0.5263976837345771,0.508265569205607,0.47977863332187887,0.5869927027004814,0.48130825573248404,0.5267218014885381,0.5046416882770305,0.5788896206323504,0.6525122556860365,0.5234416736879389,0.4931749968668823,0.5930230933451289,0.49936263292430644,0.44811335064124547,0.4840049922913995,0.5151521958798775,0.4891315774449094,0.6231198362945357,0.5092338849629191,0.569713624905939
NFLX,0.5323106160281226,0.5613732228217758,0.5189279391124063,0.5395582781843504,0.5248156431038224,0.5286567507905992,0.6323633624689768,0.5781989295988892,0.6469460466825292,0.5454617042968642,0.5423870453148336,0.5988963898216237,0.5602635281931929,0.5339304230166309,0.5942829040643803,0.0,0.5348407449833241,0.5633871585921933,0.625802907335071,0.5470027683041595,0.6254604559459365,0.6309821902574669,0.6601414679690646,0.5410203350207896,0.6053513802104588,0.5381630061902758,0.6527760190457179,0.5264436388962453,0.6216586455231881,0.6481990483644343,0.6172715722056447,0.629212655621237,0.6088526678756008,0.6256574958471056,0.6655608677754886,0.643364216296568,0.6323602556162122,0.5603794954639886,0.701591576513655,0.6468840112486869,0.5731994103740227,0.6550287462261317,0.6528435887409711,0.639893340726954,0.6773408571351824,0.5345608010176285,0.5077888956977024
ADBE,0.30316984089038485,0.4282877395352135,0.3867580512340749,0.3849169287973142,0.4327089962056797,0.44220500758149833,0.6320509774651267,0.3191255420138774,0.5319795322655867,0.5069290036099717,0.49096440049131596,0.6178730785268852,0.3165440871759739,0.41173261419421947,0.555468570845807,0.5348407449833241,0.0,0.43522995883819776,0.37480110907891395,0.5666671580641163,0.547041164781419,0.47297249280091946,0.4902197770923562,0.4559241539859305,0.4713148523515695,0.48871980971071705,0.5526793478963256,0.444251690582407,0.5492729961666811,0.418843068240379,0.43241953705026115,0.5176155025563066,0.5039669064079652,0.44443170239266994,0.5025890551755885,0.5926793305281042,0.5009542901049122,0.32578845047587934,0.5624830126488809,0.47340948930489535,0.5186215881801842,0.5398494848001802,0.4827325913338565,0.4374326261678446,0.6602155953946787,0.4077514069018723,0.41511369066500453
INTC,0.3652605793846789,0.34842382043779807,0.3538312462580177,0.38577594775662866,0.4943026247500735,0.5089366421931472,0.5893261206369341,0.442400276613963,0.5722762365561417,0.3903932499581847,0.45418798138216077,0.5989007010577598,0.43158169576599936,0.34059020255259,0.5272437929741731,0.5633871585921933,0.43522995883819776,0.0,0.4516971400196101,0.510109244086769,0.5422207265421749,0.4226919760324727,0.577010947619572,0.3569159861678624,0.5162674511301555,0.40472956739921495,0.5783072377543008,0.3662960277005075,0.5475416970955341,0.3923441655393095,0.5231486352643404,0.5274936086344825,0.4341410568681325,0.42527704269698513,0.5754511845258098,0.6682407487261355,0.5276588614092701,0.4371063716791928,0.6722443941048158,0.5525818709684954,0.5920270045339762,0.5166642247173542,0.4898289403005853,0.4571305955208311,0.608324216645011,0.3066786613554148,0.3991577643620682
PYPL,0.3633815449291964,0.4580324148047511,0.36856490042181345,0.3940489458878974,0.47595830904317343,0.48316536273523275,0.6669359661417565,0.3494028779362095,0.5463457013357693,0.5196867504925894,0.5124101735809703,0.6039423971472387,0.32217057728990633,0.41816516889187594,0.5737735955096279,0.625802907335071,0.37480110907891395,0.4516971400196101,0.0,0.6290755509957345,0.5893109725959421,0.5325601223923128,0.4889521859036495,0.4316695742650941,0.5148495179131228,0.5272519882184323,0.5096991035144982,0.5243071578509133,0.5329771404377551,0.40324290328211027,0.44914102520005783,0.4980953047086885,0.5631419341192409,0.4754561200512718,0.5214411488949248,0.6080975405290256,0.5053615382068691,0.36907525864322965,0.6325367793719862,0.5144015606878248,0.6279629273123583,0.48245187813420737,0.4557101411056385,0.4143899132851687,0.6695174687447165,0.4229715628823531,0.47548487747395085
T,0.5356190079171496,0.5229278241045597,0.5455309691741295,0.5285650395132832,0.5519452349282865,0.5576865738115684,0.4856009597505487,0.5892495598613966,0.6032454119441003,0.5084527054367289,0.548852932493911,0.5687254334701648,0.6055226370571573,0.5327971561141677,0.4185319992333759,0.5470027683041595,0.5666671580641163,0.510109244086769,0.6290755509957345,0.0,0.5389293260367439,0.5468241680244202,0.563479260938389,0.5104209564166521,0.5837647396672447,0.5055059177494182,0.631035637325518,0.5251113872577178,0.5560006617294894,0.529647374851441,0.5548568092270372,0.5309976516703505,0.5449022038149014,0.5539493143373712,0.6319963815316928,0.6413702352037489,0.623482231340794,0.5582449683303903,0.6122603202259375,0.5146272399781613,0.4773359377413446,0.6222566474822914,0.5424084686803974,0.5468783541183596,0.6164181730024935,0.4763517297658617,0.5789461352270915
PFE,0.5462481346328802,0.5418532452480043,0.5083327057822884,0.5455098130875511,0.521924456879365,0.5206646954443735,0.653932999684338,0.5470932829717294,0.6996377177782264,0.4758650351215001,0.565191105709698,0.6145982199894925,0.5589501124403844,0.5408474437995303,0.5208356685361828,0.6254604559459365,0.547041164781419,0.5422207265421749,0.5893109725959421,0.5389293260367439,0.0,0.5630289683017667,0.6160900528851455,0.5510685252879424,0.5538683562989055,0.4968136462934311,0.5753353287786876,0.49898348292511036,0.567266920654598,0.5534974637621376,0.596543310268782,0.526533344490662,0.5464692852674343,0.5069519504500488,0.5864184154465152,0.6541878038748383,0.6183578409327769,0.5597804832231162,0.6351681503570674,0.520875034494331,0.5025737201671752,0.572100493620767,0.5986862536638516,0.5749586471774527,0.6195267880835946,0.5962438495282464,0.5608851203962897
CSCO,0.4301580638284404,0.4276868913532532,0.4727433445143767,0.5025125722127076,0.5121706103919296,0.5176084561560739,0.5878683531415063,0.5394227087547273,0.6009347369693079,0.4875137877661919,0.5119869768679288,0.6014519882867859,0.5216901103596054,0.42599343434080433,0.5838340326009528,0.6309821902574669,0.47297249280091946,0.4226919760324727,0.5325601223923128,0.5468241680244202,0.5630289683017667,0.0,0.5337575886387284,0.45158774685262376,0.5861888667530387,0.4799550507191701,0.643905871716992,0.42124583667311366,0.7002785894181847,0.4408056821740827,0.5787507532076961,0.4742463840364773,0.4586256967956775,0.49043083104619917,0.5882536370918084,0.643483597428355,0.5732739870195247,0.5107700727419993,0.6588603010780624,0.5090976309989748,0.5655495763405123,0.5553897355382558,0.5328937388716644,0.4848534999734773,0.6486198031586093,0.4711648360984169,0.4224077123753253
MRK,0.4498482630288244,0.5162237050168119,0.5190033993700675,0.5359101410162431,0.5745209895220854,0.5848280360880135,0.5612428792594403,0.46035383045934786,0.4875567726584282,0.5664292123935027,0.5651240720224359,0.6110994700712994,0.4478024422550463,0.5674991743727925,0.5364429687889803,0.6601414679690646,0.4902197770923562,0.577010947619572,0.4889521859036495,0.563479260938389,0.6160900528851455,0.5337575886387284,0.0,0.5344987736926717,0.4796572550074097,0.5984744104274344,0.5205065833425498,0.5478942891648175,0.6214072901234765,0.3825792291846947,0.583909081098266,0.5278463732840258,0.5705707282883324,0.43809837155464765,0.46412141758701225,0.4838555849601989,0.5619613552236129,0.38002961490659226,0.5294421546251243,0.366407056381203,0.4704165704098275,0.5112919947076979,0.4120440938901623,0.3290433123173079,0.6263614740247149,0.5491882296998237,0.5391464804808876
CMCSA,0.3436095901009829,0.4004511466779641,0.3292710845970354,0.35451790851730686,0.47295886921421293,0.48060112849411674,0.5077550771183202,0.4031992794001925,0.5376289138340912,0.37398024325764956,0.43242395968969294,0.5759821941107612,0.39780132314185807,0.3755805427588083,0.4714980488028958,0.5410203350207896,0.4559241539859305,0.3569159861678624,0.4316695742650941,0.5104209564166521,0.5510685252879424,0.45158774685262376,0.5344987736926717,0.0,0.4983992826627521,0.3983175236969035,0.5510097699258988,0.42087487139011287,0.5076676503951717,0.40541131309921163,0.5196393093782433,0.5151509109927034,0.43824372465801864,0.46556158874466197,0.5322573006173764,0.5913019879436888,0.47949762684610797,0.417223501457296,0.6675802849240313,0.4789733202759854,0.50553993394897,0.5157922697161457,0.4654795809456142,0.4327718966182972,0.6523199198157982,0.3714293247017428,0.4273317389749903
PEP,0.465433793776671,0.4896105767045556,0.5121078154459354,0.5378517733935108,0.4825936671062217,0.4916040326225589,0.6212106788418301,0.40965589501598043,0.3967321778541789,0.5851488813004442,0.5226406431349423,0.6657466850614572,0.41250026086483416,0.5435023590205548,0.48547374488208056,0.6053513802104588,0.4713148523515695,0.5162674511301555,0.5148495179131228,0.5837647396672447,0.5538683562989055,0.5861888667530387,0.4796572550074097,0.4983992826627521,0.0,0.6007818113484845,0.38599889812401644,0.5314381462742506,0.4541925004386008,0.47285494118172916,0.6052169570922542,0.5551652746520502,0.5810751073040141,0.4875558117722451,0.44479075387480244,0.614783014978581,0.4813650374555327,0.40856539369709105,0.4909951272828103,0.5097608402555847,0.49880900594782834,0.562839355802737,0.420237490447778,0.4559740721365753,0.6171354016935973,0.5139385348966977,0.511395900942689
BAC,0.44999030923619177,0.4301725076724139,0.43751278643832514,0.422814932373528,0.4497824940395978,0.4560957460642617,0.5991495684302721,0.5227054544881772,0.5884095645779305,0.17856725389157674,0.4643440968713349,0.5327035422989476,0.5302300091841665,0.3884046012674357,0.5439868189697352,0.5381630061902758,0.48871980971071705,0.40472956739921495,0.5272519882184323,0.5055059177494182,0.4968136462934311,0.4799550507191701,0.5984744104274344,0.3983175236969035,0.6007818113484845,0.0,0.5783486077749886,0.33177805029263585,0.5525585951975851,0.45018221943339837,0.5182883468354639,0.5000430697837617,0.39995889281233005,0.4753327658906341,0.6292016486668934,0.6146709648106105,0.5815439747123313,0.5179338037778172,0.6856632760598151,0.5205315614027624,0.5732050444525992,0.5635568626710082,0.5530343786802427,0.5227954020300547,0.6145671911593198,0.4502602932601983,0.44610526680769375
KO,0.5245939682878579,0.565241456677059,0.5514503386106956,0.587457770420623,0.5110335362886393,0.5170856789450567,0.6509611478387207,0.49548995094097115,0.5283261628424335,0.5773880426012844,0.5925069719318249,0.6460575159015116,0.5039598212911879,0.5580879283580394,0.5262326199766563,0.6527760190457179,0.5526793478963256,0.5783072377543008,0.5096991035144982,0.631035637325518,0.5753353287786876,0.643905871716992,0.5205065833425498,0.5510097699258988,0.38599889812401644,0.5783486077749886,0.0,0.5708110629909224,0.5352640842906546,0.5260043686348499,0.6422960147396036,0.5872664412631988,0.6054051685178335,0.5632706118518056,0.5496139603199923,0.6520511013164295,0.5643884807172447,0.5028792210841702,0.5899848443339203,0.539667384627595,0.5737012618930712,0.5348144783671996,0.5257678274955583,0.524040359649117,0.6261375564066598,0.5539356329012126,0.5684268348853372
XOM,0.4198030954609785,0.41537943408278594,0.40792277478094513,0.44274569345936915,0.48002961462060206,0.4905030624766349,0.5955298649419768,0.47525686980280607,0.5437145058970343,0.3359661012432536,0.4324307877896096,0.5748829059220497,0.471792300497805,0.40827295187476537,0.5263976837345771,0.5264436388962453,0.444251690582407,0.3662960277005075,0.5243071578509133,0.5251113872577178,0.49898348292511036,0.42124583667311366,0.5478942891648175,0.42087487139011287,0.5314381462742506,0.33177805029263585,0.5708110629909224,0.0,0.5648757069481068,0.4557419313311823,0.5544635049427166,0.4509803809416917,0.29553624556633007,0.43480800151032506,0.6012241092951199,0.6305705773310213,0.5529759582674294,0.44503037548171753,0.6840458526040455,0.4926630021834923,0.5443872453311662,0.5272855788359441,0.4894774806889646,0.4750297173013775,0.6281077568323143,0.43595143958017385,0.39876030261906376
WMT,0.5152093273767386,0.5550477641048339,0.49706240270388297,0.49749251201371675,0.5334728271823339,0.5423247266367867,0.6227797034432937,0.4742990428524655,0.4684117267464575,0.5248747310180961,0.553854096772117,0.6035611243660777,0.4690643208910767,0.5762216155671118,0.508265569205607,0.6216586455231881,0.5492729961666811,0.5475416970955341,0.5329771404377551,0.5560006617294894,0.567266920654598,0.7002785894181847,0.6214072901234765,0.5076676503951717,0.4541925004386008,0.5525585951975851,0.5352640842906546,0.5648757069481068,0.0,0.546599004122388,0.5686231947214192,0.630349417386011,0.5950744062497111,0.5348741461013513,0.5222811299366178,0.6882448646739135,0.5081282731532486,0.4975764341456516,0.5620811106033443,0.5644097333607137,0.5871728242915297,0.6094257487706242,0.5380576974945687,0.5439119991020263,0.6037377881528334,0.5632474768593108,0.584630088413758
ABT,0.33945245106233213,0.40458662228148523,0.3954073073364836,0.4076312739945173,0.4750551741815305,0.49009373782536925,0.5647884969463567,0.4024403558331032,0.5161840757000599,0.4178734211287693,0.48237691786620357,0.5392393271336647,0.3749183676734526,0.4165468740378483,0.47977863332187887,0.6481990483644343,0.418843068240379,0.3923441655393095,0.40324290328211027,0.529647374851441,0.5534974637621376,0.4408056821740827,0.3825792291846947,0.40541131309921163,0.47285494118172916,0.45018221943339837,0.5260043686348499,0.4557419313311823,0.546599004122388,0.0,0.49380868150500346,0.48068165611362473,0.46407809487767915,0.34879637553845316,0.42228637121100915,0.5488014264437887,0.4808009569851234,0.34241775523694956,0.5970163047200189,0.4128168411359449,0.5193326735826729,0.4672268287994999,0.39620454236193575,0.27779269504682413,0.5914589739973891,0.42715824263183466,0.43837535483105927
CRM,0.4925612501622312,0.5133652580898067,0.4826546053774055,0.4073934435404899,0.5338863341368302,0.536371877185657,0.6609978025291858,0.5134570670806696,0.6232468275738824,0.5154701334468182,0.5361510184126301,0.5862312620810932,0.5256460218944864,0.4909820411610656,0.5869927027004814,0.6172715722056447,0.43241953705026115,0.5231486352643404,0.44914102520005783,0.5548568092270372,0.596543310268782,0.5787507532076961,0.583909081098266,0.5196393093782433,0.6052169570922542,0.5182883468354639,0.6422960147396036,0.5544635049427166,0.5686231947214192,0.49380868150500346,0.0,0.5693082469538691,0.5485928239059861,0.5435217143768796,0.6375881704455583,0.6632097151447995,0.6267782031803918,0.5007388794223083,0.6664214662897333,0.5612630078877853,0.6054501620965616,0.5597810977454379,0.5356635795291295,0.5312596150722351,0.7065639920370466,0.5096826042531581,0.5558309741052275
ABBV,0.5059351352863061,0.5314926605686368,0.5555439866813894,0.562144949441749,0.5197221480119788,0.5244411324573851,0.6208791139273235,0.5801667132136225,0.5551719247961587,0.5110983236754304,0.545776989267046,0.6366033979854531,0.5584577399318302,0.48965695243963525,0.48130825573248404,0.629212655621237,0.5176155025563066,0.5274936086344825,0.4980953047086885,0.5309976516703505,0.526533344490662,0.4742463840364773,0.5278463732840258,0.5151509109927034,0.5551652746520502,0.5000430697837617,0.5872664412631988,0.4509803809416917,0.630349417386011,0.48068165611362473,0.5693082469538691,0.0,0.5209184254121338,0.5317777970006775,0.5706275608159143,0.641744505551761,0.6120485121367184,0.5108790089110137,0.6517361247656124,0.5413365860710592,0.5519473680279195,0.47169909863002246,0.5152584316750936,0.4995430053602703,0.6608798929406995,0.5512304422837583,0.526919898438502
CVX,0.4655620504289098,0.4522726996468925,0.46585149259188663,0.4598390681644808,0.5608661327909086,0.5694357846890782,0.5747396300146749,0.5303159713395624,0.6079520276942838,0.40825747455593586,0.496436395012335,0.6007201239580446,0.5282888532278945,0.48263343860750385,0.5267218014885381,0.6088526678756008,0.5039669064079652,0.4341410568681325,0.5631419341192409,0.5449022038149014,0.5464692852674343,0.4586256967956775,0.5705707282883324,0.43824372465801864,0.5810751073040141,0.39995889281233005,0.6054051685178335,0.29553624556633007,0.5950744062497111,0.46407809487767915,0.5485928239059861,0.5209184254121338,0.0,0.5059744585821583,0.621133360620402,0.6257947439549825,0.5597826286196915,0.5192239812791293,0.6834177491572545,0.5031709879972734,0.5533188584716033,0.5332349740711774,0.5256939348289944,0.4822393706185182,0.6297941869688842,0.4780492179112163,0.5025194446302278
TMO,0.40612558627745526,0.45559426444514955,0.44024807285016077,0.4591264688422785,0.5115969322287846,0.5256098287185208,0.5774868636713438,0.441114327842502,0.531605193419666,0.432347099682216,0.49548785454592703,0.5833135578328227,0.41025405829493256,0.48157375852098405,0.5046416882770305,0.6256574958471056,0.44443170239266994,0.42527704269698513,0.4754561200512718,0.5539493143373712,0.5069519504500488,0.49043083104619917,0.43809837155464765,0.46556158874466197,0.4875558117722451,0.4753327658906341,0.5632706118518056,0.43480800151032506,0.5348741461013513,0.34879637553845316,0.5435217143768796,0.5317777970006775,0.5059744585821583,0.0,0.5158142527687749,0.6368562490525905,0.5327448163647858,0.3644095479193122,0.6170755396877018,0.46531990253653965,0.49759419725176574,0.4759139389742067,0.4136575564321772,0.3147861186884179,0.6228342285818335,0.4868668983473073,0.4678645983158852
MCD,0.4524712971937725,0.548144833504591,0.5275140471197534,0.5541069438857608,0.5407738819052158,0.5491407805482174,0.6904777649986975,0.43810932062773694,0.4882460335101474,0.6041337816188216,0.5410227970859818,0.6633699354194535,0.3952258650700005,0.5884171062236808,0.5788896206323504,0.6655608677754886,0.5025890551755885,0.5754511845258098,0.5214411488949248,0.6319963815316928,0.5864184154465152,0.5882536370918084,0.46412141758701225,0.5322573006173764,0.44479075387480244,0.6292016486668934,0.5496139603199923,0.6012241092951199,0.5222811299366178,0.42228637121100915,0.6375881704455583,0.5706275608159143,0.621133360620402,0.5158142527687749,0.0,0.5769443302789988,0.5012958633417193,0.4300746214778122,0.5211835424082059,0.5212163689844544,0.5239816768639682,0.5678348324545919,0.5082602111548301,0.4324227929702874,0.6204985849445188,0.572749751888168,0.4889615784041971
AMGN,0.6188980769350079,0.5686070001222872,0.6311719286525842,0.6026803494523678,0.6186617489576068,0.6191895472678308,0.6440914550851211,0.5658792763023782,0.6283221936482785,0.5955873680950785,0.6620613939659458,0.6702455618724944,0.58934328227156,0.6391485065252249,0.6525122556860365,0.643364216296568,0.5926793305281042,0.6682407487261355,0.6080975405290256,0.6413702352037489,0.6541878038748383,0.643483597428355,0.4838555849601989,0.5913019879436888,0.614783014978581,0.6146709648106105,0.6520511013164295,0.6305705773310213,0.6882448646739135,0.5488014264437887,0.6632097151447995,0.641744505551761,0.6257947439549825,0.6368562490525905,0.5769443302789988,0.0,0.5995874673339463,0.5701026770551995,0.6776061860618894,0.520411278920246,0.6161631283258446,0.6428364283849477,0.6406619121755465,0.5694331928422011,0.7000463258956009,0.6617187740029755,0.6212419222391206
COST,0.4712745829683264,0.5569949627616848,0.503618869300972,0.5075860080880494,0.5461835227160136,0.5542673145794557,0.5899289766118616,0.44331837555292425,0.5245327312660273,0.5665192167798171,0.5282637800349694,0.6843606160744324,0.44119449741391464,0.5311092885983089,0.5234416736879389,0.6323602556162122,0.5009542901049122,0.5276588614092701,0.5053615382068691,0.623482231340794,0.6183578409327769,0.5732739870195247,0.5619613552236129,0.47949762684610797,0.4813650374555327,0.5815439747123313,0.5643884807172447,0.5529759582674294,0.5081282731532486,0.4808009569851234,0.6267782031803918,0.6120485121367184,0.5597826286196915,0.5327448163647858,0.5012958633417193,0.5995874673339463,0.0,0.45524332516754407,0.6231100412416862,0.5827472951101791,0.6156925127018819,0.560672442844128,0.5343006644106547,0.4892404913636556,0.6917667132662835,0.5116368208137736,0.49422182565216094
ACN,0.2873670833063384,0.44603029345336165,0.3899293945939422,0.42636195497620694,0.4251382525323854,0.44189548157163955,0.5973967180199115,0.2621075858085643,0.4404384542558556,0.4909352643967691,0.45468862129223553,0.6217541968996858,0.23314529472860043,0.4658581792095642,0.4931749968668823,0.5603794954639886,0.32578845047587934,0.4371063716791928,0.36907525864322965,0.5582449683303903,0.5597804832231162,0.5107700727419993,0.38002961490659226,0.417223501457296,0.40856539369709105,0.5179338037778172,0.5028792210841702,0.44503037548171753,0.4975764341456516,0.34241775523694956,0.5007388794223083,0.5108790089110137,0.5192239812791293,0.3644095479193122,0.4300746214778122,0.5701026770551995,0.45524332516754407,0.0,0.5492225812615784,0.4163817901689583,0.48065574270374617,0.48795424816546124,0.34980399987679367,0.29213803776708647,0.6323111375026409,0.4102210599037044,0.43457541716892206
NEE,0.587396980751611,0.6470098817463226,0.6315720295900658,0.6723133505121403,0.6467074837292706,0.6490879626587387,0.6644263894173412,0.557575946388328,0.5194830171925223,0.69451016686941,0.66399237780963,0.6839384487718465,0.5561387486378835,0.6870883187646132,0.5930230933451289,0.701591576513655,0.5624830126488809,0.6722443941048158,0.6325367793719862,0.6122603202259375,0.6351681503570674,0.6588603010780624,0.5294421546251243,0.6675802849240313,0.4909951272828103,0.6856632760598151,0.5899848443339203,0.6840458526040455,0.5620811106033443,0.5970163047200189,0.6664214662897333,0.6517361247656124,0.6834177491572545,0.6170755396877018,0.5211835424082059,0.6776061860618894,0.6231100412416862,0.5492225812615784,0.0,0.5578363578522497,0.6156612881976614,0.6597471261440405,0.525620555860774,0.5693007996069366,0.6155602401557139,0.6045987307651969,0.6501005791314632
LLY,0.4180631697539832,0.4851163780561472,0.46738651467888487,0.46569717667937466,0.5155913542646214,0.5218719058986411,0.542029385174879,0.44431113136253986,0.5473113422810125,0.48099352703652976,0.5396331258976582,0.5532484579309948,0.46683328737926283,0.5418753594513798,0.49936263292430644,0.6468840112486869,0.47340948930489535,0.5525818709684954,0.5144015606878248,0.5146272399781613,0.520875034494331,0.5090976309989748,0.366407056381203,0.4789733202759854,0.5097608402555847,0.5205315614027624,0.539667384627595,0.4926630021834923,0.5644097333607137,0.4128168411359449,0.5612630078877853,0.5413365860710592,0.5031709879972734,0.46531990253653965,0.5212163689844544,0.520411278920246,0.5827472951101791,0.4163817901689583,0.5578363578522497,0.0,0.4816667508998756,0.5494899247413242,0.4570221893412869,0.41989734362544445,0.6437739116491915,0.5358633199041963,0.5651587282809019
BMY,0.5077022256142723,0.5357288054096836,0.5479731795860386,0.5803940005354616,0.5693687370931696,0.578239253743543,0.5402596786646177,0.5270627027031722,0.5808207105415694,0.5612316921421446,0.5384186744997828,0.6261322393499315,0.5232530462322106,0.5829930830781994,0.44811335064124547,0.5731994103740227,0.5186215881801842,0.5920270045339762,0.6279629273123583,0.4773359377413446,0.5025737201671752,0.5655495763405123,0.4704165704098275,0.50553993394897,0.49880900594782834,0.5732050444525992,0.5737012618930712,0.5443872453311662,0.5871728242915297,0.5193326735826729,0.6054501620965616,0.5519473680279195,0.5533188584716033,0.49759419725176574,0.5239816768639682,0.6161631283258446,0.6156925127018819,0.48065574270374617,0.6156612881976614,0.4816667508998756,0.0,0.5941570221502083,0.5008782606177571,0.48723814324508014,0.6465492345439268,0.5585537790084666,0.5724928683585851
LIN,0.47747267083404443,0.5747487933369173,0.5065687049491902,0.5344644731875562,0.53901403377236,0.5458696468485732,0.6181748582018325,0.5509397514523251,0.6090331975113532,0.5258927737890747,0.577362681445201,0.6024292893858144,0.5211191039686275,0.5477039605822772,0.4840049922913995,0.6550287462261317,0.5398494848001802,0.5166642247173542,0.48245187813420737,0.6222566474822914,0.572100493620767,0.5553897355382558,0.5112919947076979,0.5157922697161457,0.562839355802737,0.5635568626710082,0.5348144783671996,0.5272855788359441,0.6094257487706242,0.4672268287994999,0.5597810977454379,0.47169909863002246,0.5332349740711774,0.4759139389742067,0.5678348324545919,0.6428364283849477,0.560672442844128,0.48795424816546124,0.6597471261440405,0.5494899247413242,0.5941570221502083,0.0,0.5389218545461775,0.452397295062158,0.6675423735976326,0.5653424671950334,0.5585824628319429
MDT,0.40496170653338365,0.479668606500007,0.4677768207696215,0.4995107800596176,0.5318386391540546,0.5418204785323285,0.6084139172644872,0.40555282489107375,0.4570242424181346,0.5336776817209735,0.4182743647599713,0.6144617196371006,0.39718576914883663,0.5210350257749152,0.5151521958798775,0.6528435887409711,0.4827325913338565,0.4898289403005853,0.4557101411056385,0.5424084686803974,0.5986862536638516,0.5328937388716644,0.4120440938901623,0.4654795809456142,0.420237490447778,0.5530343786802427,0.5257678274955583,0.4894774806889646,0.5380576974945687,0.39620454236193575,0.5356635795291295,0.5152584316750936,0.5256939348289944,0.4136575564321772,0.5082602111548301,0.6406619121755465,0.5343006644106547,0.34980399987679367,0.525620555860774,0.4570221893412869,0.5008782606177571,0.5389218545461775,0.0,0.3701757017048567,0.6491436370885306,0.4355454016852851,0.5530378831890237
DHR,0.3522111102972503,0.43550766178103006,0.4446605258998177,0.46283394767746283,0.5142335959926385,0.5283074756802567,0.5787834200359683,0.3909508595105586,0.4544574524623386,0.49725424591502715,0.5101278032579051,0.6347468650869845,0.36332890467616696,0.49880118189430694,0.4891315774449094,0.639893340726954,0.4374326261678446,0.4571305955208311,0.4143899132851687,0.5468783541183596,0.5749586471774527,0.4848534999734773,0.3290433123173079,0.4327718966182972,0.4559740721365753,0.5227954020300547,0.524040359649117,0.4750297173013775,0.5439119991020263,0.27779269504682413,0.5312596150722351,0.4995430053602703,0.4822393706185182,0.3147861186884179,0.4324227929702874,0.5694331928422011,0.4892404913636556,0.29213803776708647,0.5693007996069366,0.41989734362544445,0.48723814324508014,0.452397295062158,0.3701757017048567,0.0,0.622754380908064,0.4516366347890723,0.4690707910418296
