,MSFT,AAPL,AMZN,FB,GOOGL,GOOG,JNJ,V,PG,JPM,HD,UNH,MA,NVDA,VZ,NFLX,ADBE,INTC,PYPL,T,PFE,CSCO,MRK,CMCSA,PEP,BAC,KO,XOM,WMT,ABT,CRM,ABBV,CVX,TMO,MCD,AMGN,COST,ACN,NEE,LLY,BMY,LIN,MDT,DHR,PM,TXN,NKE
MSFT,0.0,0.5435924897012058,0.4627708881502425,0.5168338548688874,0.4388379601441355,0.4400271793654533,0.5997127105842575,0.36907586144028165,0.704266801947244,0.5539223694384879,0.5954208623117655,0.6346564328880704,0.3494257391663659,0.4814189061284739,0.6783719311314722,0.5221593150631892,0.4375496288093717,0.5022991347984637,0.4216282173541934,0.6567518901314044,0.6006091749402863,0.6240840194363976,0.599633628112718,0.6544253845435283,0.626808746234519,0.5840434878430485,0.6805963169655922,0.6260893807731791,0.6048793477091388,0.5115281990402302,0.4531403558625687,0.5682409804445095,0.6168737144298476,0.5211017399504101,0.6477034736371959,0.6426342578999867,0.6319196007109256,0.5212932134968314,0.6754897068855947,0.6220624506850223,0.6915204940150608,0.5106306420905183,0.5091325005388831,0.5879144213857049,0.6327047621750134,0.5694755796428901,0.6447671121990518
AAPL,0.5435924897012058,0.0,0.5533652099055878,0.553568879803816,0.5000533820323392,0.4992569581173408,0.692022265730676,0.5482520884828948,0.6796932669438016,0.5092411200855715,0.5932821790734774,0.7024480575652345,0.5622474220802802,0.5667064926697508,0.7044388056097449,0.6369495780963916,0.6004702136770245,0.540810154212134,0.6023336456935615,0.6205032941774689,0.6516946693864651,0.5997359196422417,0.6809235173122387,0.6263185351899597,0.6971365708822551,0.5322811794703325,0.6947885391025637,0.5616343766056933,0.6117611463042931,0.6429000262995654,0.6155448273663748,0.546788132192049,0.5812998393981663,0.5530853280821645,0.7033525346909051,0.6445125910328021,0.6948825092652041,0.6483334743619784,0.6555087724539388,0.6855681285404127,0.6751047266336254,0.6019807880960313,0.5960917887189445,0.6450271290809073,0.5646916731757524,0.601514347219751,0.5770523355990417
AMZN,0.4627708881502425,0.5533652099055878,0.0,0.49079165467067815,0.49841780908667965,0.4995607532290469,0.6328991696817597,0.4986180133204646,0.6922780902879071,0.5292600974900947,0.6131571828477973,0.6716103039351236,0.5159685519787621,0.5066852966578145,0.7057150174663291,0.5506559160106407,0.5687486560395573,0.6199098830839471,0.5176202303367617,0.7054277218970487,0.665501038453982,0.5869820364236579,0.6788036144465425,0.6497298372390019,0.688397377327322,0.5528439163551673,0.6853775952225291,0.6304682365437925,0.6421242741926465,0.6115783234543072,0.5550524743801365,0.5996697059717488,0.6685976578915501,0.6402831935036413,0.6439237024973876,0.6692595697496723,0.6241284669691836,0.6160419081251249,0.6672852223021509,0.6783996059145289,0.6988890637145798,0.6281454091206583,0.6486631321198643,0.6937541500316372,0.6557297459059953,0.5835552060463928,0.6413518387659555
FB,0.5168338548688874,0.553568879803816,0.49079165467067815,0.0,0.5259321974804732,0.5227938087991886,0.614713109407053,0.5168871106446008,0.5987005942462407,0.6170875479770882,0.6672208643465112,0.6517667510636208,0.5182498010219313,0.5574515086986673,0.6867261459964948,0.5165923752960357,0.6039468836653098,0.6016636186342276,0.5784618248074737,0.6895937542503143,0.589695110231616,0.6301334881565158,0.605914539746694,0.6445032833635987,0.6989808962028703,0.6254753375426603,0.6783699529428421,0.632695981138265,0.7053718560163368,0.6313578546576664,0.5600771648917994,0.6671057293432673,0.682602575619386,0.5750005873563812,0.6379589036854165,0.6647055162906118,0.6817161239772854,0.6164945015577783,0.6662399417444417,0.6562712756831012,0.6241347922925592,0.5902438747119394,0.6120248424310938,0.6402246023206707,0.5356965867479587,0.6319959488332716,0.6834429446921214
GOOGL,0.4388379601441355,0.5000533820323392,0.49841780908667965,0.5259321974804732,0.0,0.03692061671301668,0.6143590141382558,0.5550762506344101,0.655044578857856,0.5116566402457273,0.5789678781991853,0.5758992169692787,0.5596523827941742,0.552631258261524,0.6655378107661236,0.5834438587663816,0.592653938540354,0.5941197686442768,0.5804950029384318,0.5712819686604128,0.6477490380018723,0.65203387532011,0.698435395895175,0.6903817028381828,0.6712927342277428,0.5481140605976071,0.7045445400997012,0.5297231409343497,0.6556982267819924,0.5188552054702918,0.5424456712591316,0.5440148736477303,0.5782259101850599,0.5327844584419534,0.701610083720987,0.6672199892140952,0.6033943549747376,0.652827380049982,0.6575990408521626,0.6416031488679983,0.6323400862756013,0.5687357767092425,0.5807084158132896,0.59528896749302,0.6038311258198914,0.6316420180805983,0.6140945730717369
GOOG,0.4400271793654533,0.4992569581173408,0.4995607532290469,0.5227938087991886,0.03692061671301668,0.0,0.6205619167964279,0.5522283599083514,0.6502378601395477,0.5002371087289618,0.582427179187383,0.5719937198037242,0.556828011396919,0.5507569191140851,0.6652392532920348,0.5933603391813748,0.5952475070554499,0.5952970148871201,0.5827211122291756,0.573581290690081,0.6422799947509746,0.6495988598448016,0.6945281746856671,0.6863057167578624,0.6755180471016216,0.5397301664573125,0.7022467272615025,0.5287697405987899,0.6572904512388604,0.5155904816839153,0.5469735450342743,0.5381911105512458,0.5734171019145466,0.5313831134988823,0.7001792189814183,0.6640525874465232,0.6034592577222399,0.6495784630218885,0.6523493264379994,0.6408079409885631,0.6324852269286486,0.5653757301418805,0.5821120263458852,0.5942376898928973,0.6114932820971822,0.6262269438281152,0.6131328252786461
JNJ,0.5997127105842575,0.692022265730676,0.6328991696817597,0.614713109407053,0.6143590141382558,0.6205619167964279,0.0,0.6773656998285499,0.6949764772988776,0.6311868467973009,0.6785032159875825,0.5930211744422428,0.658243163983228,0.6457821030961365,0.6776558112687981,0.49762249391522845,0.6590565600969186,0.6450930103963767,0.678499724241336,0.6880433404025247,0.6062159016652315,0.6047556450620002,0.6968275210352027,0.6570704806787123,0.6267905728867476,0.6466089081358114,0.6832840429732306,0.681152936118592,0.6810806639233291,0.6242282798611233,0.668510423319462,0.6728001957779041,0.7043629458108899,0.6184959477577929,0.6958495851745544,0.6140324229079743,0.6883481284104808,0.7028885229178862,0.7029481511017573,0.6184007030221002,0.6426647063341602,0.6348677775785988,0.6139088105594488,0.6034334373100473,0.6826028510042118,0.675622955717907,0.654048166578974
V,0.36907586144028165,0.5482520884828948,0.4986180133204646,0.5168871106446008,0.5550762506344101,0.5522283599083514,0.6773656998285499,0.0,0.6933442860848587,0.6340660682567336,0.6420086681098133,0.6981847606717441,0.20786566245133103,0.5761510762150687,0.6602220531934622,0.5703490362102257,0.4576936773862047,0.5523562799262473,0.30483506921080905,0.6624915311614834,0.6412206801654435,0.6650911765229337,0.5962743541196208,0.59716170288912,0.6361882801624971,0.6704340049542176,0.6689081605813741,0.697282321887221,0.6355576028255401,0.5866388864576176,0.44125600936883885,0.6599199973771631,0.6802595721493175,0.5445862160583942,0.6244381756001198,0.6450773607786066,0.6744981688762205,0.4954711959705895,0.701758481081694,0.6511760429461169,0.689111998086755,0.5758319788169555,0.5383593328068742,0.6312289009075768,0.6779615814941263,0.5991336250987594,0.6641107196071537
PG,0.704266801947244,0.6796932669438016,0.6922780902879071,0.5987005942462407,0.655044578857856,0.6502378601395477,0.6949764772988776,0.6933442860848587,0.0,0.6828080612434809,0.6446794305075696,0.6676599771175027,0.6971304531121368,0.6378354785885355,0.6401980275268865,0.6346279546779519,0.6810540517471438,0.6399208520937218,0.6682271152233058,0.6797168199149843,0.6909395341352872,0.7053415686246471,0.6753860612476655,0.6877091128644756,0.4302632182544698,0.637602161789921,0.5068961667966193,0.6007426445117064,0.6495610399361428,0.6993063316763235,0.7050519141022511,0.6935269215075709,0.5807817315575273,0.6285625398216124,0.6411269257494914,0.6760973212274182,0.6877854638635277,0.6317299483026884,0.43416931554992216,0.6968205006106262,0.5961829771778999,0.6765283268436253,0.6546246854261515,0.6471216038217089,0.7017132007177198,0.6393792994757568,0.7023651552200612
JPM,0.5539223694384879,0.5092411200855715,0.5292600974900947,0.6170875479770882,0.5116566402457273,0.5002371087289618,0.6311868467973009,0.6340660682567336,0.6828080612434809,0.0,0.6070960128974241,0.5530528814014474,0.6370997799428444,0.4662503082716492,0.6068885153939948,0.650844491068084,0.6689318379035352,0.5341278183372151,0.6500333143154889,0.6208060307564355,0.5804661744239499,0.5817663018721515,0.6909715062404523,0.5745245103950233,0.6995689605154626,0.25286449380256887,0.6724322871308491,0.44699156334736023,0.6057092281305864,0.5707714172521741,0.6371919610085354,0.49285200068840823,0.5109088854590159,0.5807567829757756,0.6745165823369677,0.5948034932672832,0.6401294201923465,0.6233042226224664,0.6080801154141459,0.6490680736188554,0.6025047531790605,0.5478303125236689,0.6592665943280059,0.6456556741653845,0.660204276932449,0.5218357083579741,0.5887445426332953
HD,0.5954208623117655,0.5932821790734774,0.6131571828477973,0.6672208643465112,0.5789678781991853,0.582427179187383,0.6785032159875825,0.6420086681098133,0.6446794305075696,0.6070960128974241,0.0,0.666718269821281,0.6642546037427597,0.6032973859764306,0.6334874277137348,0.6478352377612558,0.6779459079284612,0.6401398304813849,0.6531690769425673,0.47269133459938545,0.6670213431916199,0.6978117759044961,0.6966283636584535,0.6451945319232821,0.6438056441505277,0.6556336341112919,0.6607190697398422,0.6973543483905075,0.5926483339756345,0.6547702726444261,0.6591451909786826,0.580535258925198,0.6622974780977122,0.6898307714180535,0.6630440057652098,0.7063769783458952,0.5628433931622451,0.6064542050275807,0.6639509057292754,0.6230377402712226,0.5639108880982184,0.6161556777536166,0.6372618301768183,0.6832503501613485,0.6311123903403714,0.6206733008340628,0.5712634723113156
UNH,0.6346564328880704,0.7024480575652345,0.6716103039351236,0.6517667510636208,0.5758992169692787,0.5719937198037242,0.5930211744422428,0.6981847606717441,0.6676599771175027,0.5530528814014474,0.666718269821281,0.0,0.7036687978477586,0.6176903812796389,0.5900802406170195,0.6777717930784831,0.6819516679870178,0.6563623050356925,0.6894312464542521,0.6251318593506753,0.5583316334367432,0.6438720596376902,0.6929359677127082,0.6901705796640697,0.6739414482618243,0.5978532902683394,0.6806806371084393,0.6702463999936722,0.6771229091487451,0.4923049080710378,0.66581147014788,0.6032582799145989,0.6950503501620586,0.6527499025077897,0.6730628855786939,0.5491150427505165,0.661093388881316,0.6899694507996655,0.7045259253060523,0.5972332877558015,0.6712315052721377,0.6253100301967722,0.5922494931001897,0.6128851107437499,0.6874282102113248,0.6352877415336347,0.6342615378887935
MA,0.3494257391663659,0.5622474220802802,0.5159685519787621,0.5182498010219313,0.5596523827941742,0.556828011396919,0.658243163983228,0.20786566245133103,0.6971304531121368,0.6370997799428444,0.6642546037427597,0.7036687978477586,0.0,0.5590379224139731,0.6775963693000703,0.5283072317563757,0.49803435765733395,0.565977327762588,0.3401178438194763,0.6760134069783783,0.6326846749505896,0.6633537542504692,0.5536081792403671,0.650147296090806,0.6312906714866245,0.6675040878402341,0.666357483730487,0.6905975335603779,0.6547495112945076,0.5531424829335346,0.4839483882620552,0.6355638315461646,0.6915008551174917,0.5433205165167396,0.6077048630437822,0.6371971007948916,0.68610471726721,0.4834360339438507,0.6975304988704508,0.6624921013909834,0.675539884552287,0.543180690826023,0.4813898719390292,0.6045440597423122,0.6718255504281633,0.5828035550703486,0.6530203966083842
NVDA,0.4814189061284739,0.5667064926697508,0.5066852966578145,0.5574515086986673,0.552631258261524,0.5507569191140851,0.6457821030961365,0.5761510762150687,0.6378354785885355,0.4662503082716492,0.6032973859764306,0.6176903812796389,0.5590379224139731,0.0,0.6706818164951971,0.5384630311889554,0.5944409979203696,0.4391951322219097,0.5785255393867615,0.6803939638011888,0.6666338711515752,0.5651687979874447,0.6902026627478758,0.6608075697478528,0.6425097071054674,0.4932319120323762,0.6469717961076182,0.5883592643443667,0.6091013060277984,0.622686049138904,0.5945493942622267,0.6016688435438311,0.5357671196902353,0.6258152803636919,0.6682681822307621,0.6771491130121751,0.6223262466882821,0.624472541998241,0.6423965937762399,0.5963685454014516,0.6899886178382494,0.5109217951668823,0.6748096104487973,0.670252138913095,0.6645362151041186,0.5039220845173178,0.646312433821248
VZ,0.6783719311314722,0.7044388056097449,0.7057150174663291,0.6867261459964948,0.6655378107661236,0.6652392532920348,0.6776558112687981,0.6602220531934622,0.6401980275268865,0.6068885153939948,0.6334874277137348,0.5900802406170195,0.6775963693000703,0.6706818164951971,0.0,0.6931982691097281,0.6968817377997626,0.6905801502756144,0.6968202465681528,0.6186967952879934,0.6184556604684343,0.7028509763816976,0.613331310762043,0.6572908584577397,0.6084270462391007,0.6570275506240607,0.5469209369098,0.6708155463015594,0.5989019372497398,0.5844542970617986,0.6741629667374407,0.6954821182265274,0.6857787288299699,0.5912913810439877,0.6488722399451127,0.6385603673371079,0.5518772825344523,0.6253670613580118,0.6186870101831718,0.6546694324210072,0.5534858742241263,0.5569039769404242,0.6082932720435921,0.5911894816986947,0.6085172544942897,0.65875966947992,0.6407655553830445
NFLX,0.5221593150631892,0.6369495780963916,0.5506559160106407,0.5165923752960357,0.5834438587663816,0.5933603391813748,0.49762249391522845,0.5703490362102257,0.6346279546779519,0.650844491068084,0.6478352377612558,0.6777717930784831,0.5283072317563757,0.5384630311889554,0.6931982691097281,0.0,0.6173304361651607,0.5856332013321899,0.5664375371978875,0.700893583629169,0.6129909477359208,0.6767243587709771,0.6833717221673188,0.6809158024616536,0.6911758347531202,0.6260780299144294,0.6662392877244343,0.6444536656108766,0.671104910760408,0.6403086190769262,0.5817862232801569,0.6350920223876875,0.686588102724182,0.6115903304079156,0.6782031173551302,0.6500421354092132,0.6642432952944485,0.6643040346477743,0.6553415531196001,0.6440005509685658,0.6432444808057746,0.5899281905571003,0.5993052376398387,0.6531811568874387,0.6782472320841203,0.6593363176915105,0.6729392990375953
ADBE,0.4375496288093717,0.6004702136770245,0.5687486560395573,0.6039468836653098,0.592653938540354,0.5952475070554499,0.6590565600969186,0.4576936773862047,0.6810540517471438,0.6689318379035352,0.6779459079284612,0.6819516679870178,0.49803435765733395,0.5944409979203696,0.6968817377997626,0.6173304361651607,0.0,0.5977395537839314,0.46302663086310725,0.6678642191784964,0.6815750431185025,0.6292685108079052,0.6233052005910203,0.6440520840127218,0.6836325507476309,0.6667958485314842,0.6921113243549756,0.6487823479258636,0.6273269374796097,0.5759026546955439,0.4760406416086644,0.7040761861765339,0.6811397949931082,0.6192529398179331,0.5890254768769309,0.6108065275146037,0.6820470876327559,0.5555644229771171,0.701426936464221,0.6942799716606456,0.6589773858718827,0.6028975831766527,0.6041620408902015,0.6654882369107106,0.6573740923828442,0.6192834318613907,0.65505831712199
INTC,0.5022991347984637,0.540810154212134,0.6199098830839471,0.6016636186342276,0.5941197686442768,0.5952970148871201,0.6450930103963767,0.5523562799262473,0.6399208520937218,0.5341278183372151,0.6401398304813849,0.6563623050356925,0.565977327762588,0.4391951322219097,0.6905801502756144,0.5856332013321899,0.5977395537839314,0.0,0.5552021941270487,0.6921112315356989,0.6226217510721641,0.5823782375561048,0.6993406686400117,0.6150319653855542,0.6800469344573865,0.5256025624888828,0.6216139424780367,0.6036991491358182,0.6257305889304263,0.6169598445407486,0.5938479310966424,0.6404641940091511,0.5645572788727384,0.6092124533608153,0.6847227778161985,0.6879994245797709,0.6687779793945254,0.6562320899795249,0.64146212986836,0.590946162512107,0.6705031683006626,0.5611475577537604,0.6517404171927286,0.6811747122229131,0.6633037220649809,0.515453247665049,0.6822912023135985
PYPL,0.4216282173541934,0.6023336456935615,0.5176202303367617,0.5784618248074737,0.5804950029384318,0.5827211122291756,0.678499724241336,0.30483506921080905,0.6682271152233058,0.6500333143154889,0.6531690769425673,0.6894312464542521,0.3401178438194763,0.5785255393867615,0.6968202465681528,0.5664375371978875,0.46302663086310725,0.5552021941270487,0.0,0.6097587290775724,0.6811955288715362,0.7002897358506892,0.6394625931830017,0.6973040825585766,0.641898986471113,0.674561415670253,0.6824091432663086,0.67999131757876,0.6810575149216351,0.5777531218328553,0.498575237876275,0.6667301045103879,0.6685997640477443,0.6134323889137321,0.654065901005097,0.65406680715556,0.69370523218447,0.5603350599813485,0.668828629538403,0.6788170006258126,0.6599417144355689,0.6299292778887925,0.5545801698509705,0.6622173623903895,0.6661359393888889,0.613119547442533,0.6768847422584151
T,0.6567518901314044,0.6205032941774689,0.7054277218970487,0.6895937542503143,0.5712819686604128,0.573581290690081,0.6880433404025247,0.6624915311614834,0.6797168199149843,0.6208060307564355,0.47269133459938545,0.6251318593506753,0.6760134069783783,0.6803939638011888,0.6186967952879934,0.700893583629169,0.6678642191784964,0.6921112315356989,0.6097587290775724,0.0,0.6327598739170426,0.6805161286278639,0.6841994940569702,0.652230922880148,0.6993301071855975,0.65330520771035,0.6973280183471035,0.636661105953802,0.6597540917889775,0.6319769595681634,0.6959306912776585,0.5892889561258282,0.6526546732802931,0.6994354764385347,0.6974144456841391,0.6781020154514776,0.5883397713332129,0.7011318318465798,0.6591078908453329,0.6008797028475314,0.5606223030391467,0.623421910767076,0.670201453095311,0.6952095713429834,0.6288785846957293,0.6364364894616817,0.5818355879735511
PFE,0.6006091749402863,0.6516946693864651,0.665501038453982,0.589695110231616,0.6477490380018723,0.6422799947509746,0.6062159016652315,0.6412206801654435,0.6909395341352872,0.5804661744239499,0.6670213431916199,0.5583316334367432,0.6326846749505896,0.6666338711515752,0.6184556604684343,0.6129909477359208,0.6815750431185025,0.6226217510721641,0.6811955288715362,0.6327598739170426,0.0,0.6091369883233027,0.5642877510654277,0.6591984473695843,0.6631806274796402,0.5825220260337373,0.6843713617005975,0.6553136780509048,0.6260859786317662,0.5538071612895448,0.6395117338799812,0.5547661857551137,0.6767115492750116,0.5289800905786014,0.693217063351261,0.4435764820588342,0.7043755520085163,0.6403052755118851,0.6956236450222855,0.5927429469314677,0.6414330765972579,0.5753245073394558,0.535277013217708,0.4642356328371437,0.6774838379695859,0.6241882158989356,0.7066804609591727
CSCO,0.6240840194363976,0.5997359196422417,0.5869820364236579,0.6301334881565158,0.65203387532011,0.6495988598448016,0.6047556450620002,0.6650911765229337,0.7053415686246471,0.5817663018721515,0.6978117759044961,0.6438720596376902,0.6633537542504692,0.5651687979874447,0.7028509763816976,0.6767243587709771,0.6292685108079052,0.5823782375561048,0.7002897358506892,0.6805161286278639,0.6091369883233027,0.0,0.6661486684478256,0.6643591361749003,0.676386234779806,0.549096518598555,0.668634612943514,0.6499030247722412,0.6577798492744878,0.5918721834714885,0.6479984084218074,0.6277240852225044,0.6292617915416552,0.6413674588230839,0.6490750415068294,0.6437943101560442,0.6473595718611483,0.6869946369408693,0.6475388079491621,0.5811858229589978,0.6449078227168955,0.6007605184133306,0.6653514139899909,0.5910031202759806,0.6088138162144244,0.5709948835840866,0.6260472514737617
MRK,0.599633628112718,0.6809235173122387,0.6788036144465425,0.605914539746694,0.698435395895175,0.6945281746856671,0.6968275210352027,0.5962743541196208,0.6753860612476655,0.6909715062404523,0.6966283636584535,0.6929359677127082,0.5536081792403671,0.6902026627478758,0.613331310762043,0.6833717221673188,0.6233052005910203,0.6993406686400117,0.6394625931830017,0.6841994940569702,0.5642877510654277,0.6661486684478256,0.0,0.6765631020755467,0.5949126879254433,0.6925804705008266,0.5073807636749688,0.6718270507685169,0.6404135860788507,0.49141729648993143,0.6226133518182323,0.682758167303027,0.6901859566699773,0.5045574915787855,0.4589305993728615,0.6601842435687326,0.6836483440093121,0.4763476146800188,0.6475934396931303,0.7059888640708677,0.6540847916686677,0.5844111934548606,0.46417278950323365,0.504022667627056,0.702808975530289,0.6688120526908438,0.6856655434990684
CMCSA,0.6544253845435283,0.6263185351899597,0.6497298372390019,0.6445032833635987,0.6903817028381828,0.6863057167578624,0.6570704806787123,0.59716170288912,0.6877091128644756,0.5745245103950233,0.6451945319232821,0.6901705796640697,0.650147296090806,0.6608075697478528,0.6572908584577397,0.6809158024616536,0.6440520840127218,0.6150319653855542,0.6973040825585766,0.652230922880148,0.6591984473695843,0.6643591361749003,0.6765631020755467,0.0,0.6827873822549926,0.597192331956758,0.6966128729974815,0.6479266584778273,0.5838362160209515,0.6842320804712806,0.6140984840335666,0.7050332986532264,0.6450053295346553,0.6531432650329292,0.6326650992583976,0.6898710089512838,0.6928673566476059,0.650652475026518,0.6761134926927569,0.7046447684423995,0.6336117858655576,0.5912961312303208,0.6962267303781963,0.6858833230233261,0.6992369501870945,0.6125682595878201,0.6651965105706248
PEP,0.626808746234519,0.6971365708822551,0.688397377327322,0.6989808962028703,0.6712927342277428,0.6755180471016216,0.6267905728867476,0.6361882801624971,0.4302632182544698,0.6995689605154626,0.6438056441505277,0.6739414482618243,0.6312906714866245,0.6425097071054674,0.6084270462391007,0.6911758347531202,0.6836325507476309,0.6800469344573865,0.641898986471113,0.6993301071855975,0.6631806274796402,0.676386234779806,0.5949126879254433,0.6827873822549926,0.0,0.655660511337465,0.41081404490157103,0.6793332282741402,0.6219350990108785,0.6430710943027265,0.7036383663553597,0.6997331469519061,0.6431428415434858,0.5361871615012163,0.6292072067783592,0.6972738171517464,0.6821294167801119,0.5120611801170633,0.4608503504610496,0.6828123280660021,0.6137275698886602,0.6945050041633748,0.587230798163169,0.5723484044251482,0.7022201136524836,0.6862885026252381,0.667100558545577
BAC,0.5840434878430485,0.5322811794703325,0.5528439163551673,0.6254753375426603,0.5481140605976071,0.5397301664573125,0.6466089081358114,0.6704340049542176,0.637602161789921,0.25286449380256887,0.6556336341112919,0.5978532902683394,0.6675040878402341,0.4932319120323762,0.6570275506240607,0.6260780299144294,0.6667958485314842,0.5256025624888828,0.674561415670253,0.65330520771035,0.5825220260337373,0.549096518598555,0.6925804705008266,0.597192331956758,0.655660511337465,0.0,0.6197189103447138,0.4191907314019951,0.6326346806795572,0.5666402719893134,0.6794950974182804,0.5264791208769363,0.4651305328996965,0.6081021696715657,0.676149076476432,0.6194527678948818,0.6545395753080056,0.6467695072697063,0.5406565504621412,0.7059833316553028,0.6501164963624366,0.5136805516021256,0.6634677263721572,0.6389143556371868,0.631689755990409,0.5467178506048666,0.6134132719759688
KO,0.6805963169655922,0.6947885391025637,0.6853775952225291,0.6783699529428421,0.7045445400997012,0.7022467272615025,0.6832840429732306,0.6689081605813741,0.5068961667966193,0.6724322871308491,0.6607190697398422,0.6806806371084393,0.666357483730487,0.6469717961076182,0.5469209369098,0.6662392877244343,0.6921113243549756,0.6216139424780367,0.6824091432663086,0.6973280183471035,0.6843713617005975,0.668634612943514,0.5073807636749688,0.6966128729974815,0.41081404490157103,0.6197189103447138,0.0,0.6003186988151364,0.6609623046699159,0.5896810150875023,0.6882345449148083,0.6856555646240822,0.6008853022598104,0.5473980145315255,0.5563325949352417,0.6868527965920402,0.6519448504244916,0.5208167949846617,0.4909073563296482,0.7064388131327111,0.6251575088767005,0.6811187294151944,0.5534081591793721,0.5912108698481788,0.6784497794932138,0.6754188571263794,0.6917761173785398
XOM,0.6260893807731791,0.5616343766056933,0.6304682365437925,0.632695981138265,0.5297231409343497,0.5287697405987899,0.681152936118592,0.697282321887221,0.6007426445117064,0.44699156334736023,0.6973543483905075,0.6702463999936722,0.6905975335603779,0.5883592643443667,0.6708155463015594,0.6444536656108766,0.6487823479258636,0.6036991491358182,0.67999131757876,0.636661105953802,0.6553136780509048,0.6499030247722412,0.6718270507685169,0.6479266584778273,0.6793332282741402,0.4191907314019951,0.6003186988151364,0.0,0.640636616673048,0.6901793942097348,0.6689211426307075,0.6426186887815387,0.3494082448181642,0.6337158959687454,0.6563115508472509,0.6611387824768391,0.6666953821254322,0.7020002020616202,0.5621658079707956,0.6519699906460853,0.6553121127833671,0.6277819373055995,0.6892165724532514,0.653716674018849,0.6309884628571039,0.6122849425371321,0.6514293712405319
WMT,0.6048793477091388,0.6117611463042931,0.6421242741926465,0.7053718560163368,0.6556982267819924,0.6572904512388604,0.6810806639233291,0.6355576028255401,0.6495610399361428,0.6057092281305864,0.5926483339756345,0.6771229091487451,0.6547495112945076,0.6091013060277984,0.5989019372497398,0.671104910760408,0.6273269374796097,0.6257305889304263,0.6810575149216351,0.6597540917889775,0.6260859786317662,0.6577798492744878,0.6404135860788507,0.5838362160209515,0.6219350990108785,0.6326346806795572,0.6609623046699159,0.640636616673048,0.0,0.6964864409869248,0.6587335838591667,0.7052754746853829,0.6418448792162763,0.7041269572703763,0.6423787670314187,0.660626443921851,0.499570292272989,0.6457313814759934,0.6872439668476517,0.6938235305841827,0.6417644875606261,0.628862077999494,0.6639369172764017,0.6479533948637309,0.7015576031270543,0.6576414079398609,0.606171161296739
ABT,0.5115281990402302,0.6429000262995654,0.6115783234543072,0.6313578546576664,0.5188552054702918,0.5155904816839153,0.6242282798611233,0.5866388864576176,0.6993063316763235,0.5707714172521741,0.6547702726444261,0.4923049080710378,0.5531424829335346,0.622686049138904,0.5844542970617986,0.6403086190769262,0.5759026546955439,0.6169598445407486,0.5777531218328553,0.6319769595681634,0.5538071612895448,0.5918721834714885,0.49141729648993143,0.6842320804712806,0.6430710943027265,0.5666402719893134,0.5896810150875023,0.6901793942097348,0.6964864409869248,0.0,0.5838832307344719,0.5837592366056307,0.6822903857484424,0.4533469753776015,0.6172043244076266,0.6113233220964011,0.6264247760579019,0.5258862265242618,0.691765227836415,0.6270796812689033,0.6189001157881509,0.4983924084968356,0.38728504078114273,0.4861243716437905,0.6436938846732967,0.6142491445468857,0.6381072521756561
CRM,0.4531403558625687,0.6155448273663748,0.5550524743801365,0.5600771648917994,0.5424456712591316,0.5469735450342743,0.668510423319462,0.44125600936883885,0.7050519141022511,0.6371919610085354,0.6591451909786826,0.66581147014788,0.4839483882620552,0.5945493942622267,0.6741629667374407,0.5817862232801569,0.4760406416086644,0.5938479310966424,0.498575237876275,0.6959306912776585,0.6395117338799812,0.6479984084218074,0.6226133518182323,0.6140984840335666,0.7036383663553597,0.6794950974182804,0.6882345449148083,0.6689211426307075,0.6587335838591667,0.5838832307344719,0.0,0.6592395197531898,0.6915552022768575,0.5452499937859538,0.6529361618536202,0.6070777837891244,0.7054065990341603,0.6044824961800297,0.6655452366550805,0.6451829607149167,0.6949581049570827,0.6151870357202472,0.5938880379198398,0.6735231955887767,0.650334796750283,0.7028933844596451,0.6795336344152113
ABBV,0.5682409804445095,0.546788132192049,0.5996697059717488,0.6671057293432673,0.5440148736477303,0.5381911105512458,0.6728001957779041,0.6599199973771631,0.6935269215075709,0.49285200068840823,0.580535258925198,0.6032582799145989,0.6355638315461646,0.6016688435438311,0.6954821182265274,0.6350920223876875,0.7040761861765339,0.6404641940091511,0.6667301045103879,0.5892889561258282,0.5547661857551137,0.6277240852225044,0.682758167303027,0.7050332986532264,0.6997331469519061,0.5264791208769363,0.6856555646240822,0.6426186887815387,0.7052754746853829,0.5837592366056307,0.6592395197531898,0.0,0.6333322732665564,0.5944261676098337,0.6883959083439012,0.5421243738140754,0.6490298514718731,0.6312653391178653,0.6340373382455654,0.6456550603326516,0.6247204481012303,0.5843492317719734,0.6048281377986107,0.572202421638682,0.6237430220484367,0.5945032928765859,0.6497036417261064
CVX,0.6168737144298476,0.5812998393981663,0.6685976578915501,0.682602575619386,0.5782259101850599,0.5734171019145466,0.7043629458108899,0.6802595721493175,0.5807817315575273,0.5109088854590159,0.6622974780977122,0.6950503501620586,0.6915008551174917,0.5357671196902353,0.6857787288299699,0.686588102724182,0.6811397949931082,0.5645572788727384,0.6685997640477443,0.6526546732802931,0.6767115492750116,0.6292617915416552,0.6901859566699773,0.6450053295346553,0.6431428415434858,0.4651305328996965,0.6008853022598104,0.3494082448181642,0.6418448792162763,0.6822903857484424,0.6915552022768575,0.6333322732665564,0.0,0.6446163435853111,0.6138427881592899,0.6879988297643084,0.6378488187966844,0.7026416529922318,0.5934403365797263,0.693422039904349,0.6260207186543285,0.5753289581891238,0.6921801542900065,0.6698074783835277,0.6663749342449451,0.5662690489056771,0.63666826712521
TMO,0.5211017399504101,0.5530853280821645,0.6402831935036413,0.5750005873563812,0.5327844584419534,0.5313831134988823,0.6184959477577929,0.5445862160583942,0.6285625398216124,0.5807567829757756,0.6898307714180535,0.6527499025077897,0.5433205165167396,0.6258152803636919,0.5912913810439877,0.6115903304079156,0.6192529398179331,0.6092124533608153,0.6134323889137321,0.6994354764385347,0.5289800905786014,0.6413674588230839,0.5045574915787855,0.6531432650329292,0.5361871615012163,0.6081021696715657,0.5473980145315255,0.6337158959687454,0.7041269572703763,0.4533469753776015,0.5452499937859538,0.5944261676098337,0.6446163435853111,0.0,0.6539380716289631,0.6295016050808314,0.7016014973777062,0.5007510859302564,0.6474918558456239,0.6640645987350303,0.6161961310990299,0.5294293052311096,0.4494005105116606,0.42145044988205743,0.6309919328423569,0.6937144184481444,0.6997796851061809
MCD,0.6477034736371959,0.7033525346909051,0.6439237024973876,0.6379589036854165,0.701610083720987,0.7001792189814183,0.6958495851745544,0.6244381756001198,0.6411269257494914,0.6745165823369677,0.6630440057652098,0.6730628855786939,0.6077048630437822,0.6682681822307621,0.6488722399451127,0.6782031173551302,0.5890254768769309,0.6847227778161985,0.654065901005097,0.6974144456841391,0.693217063351261,0.6490750415068294,0.4589305993728615,0.6326650992583976,0.6292072067783592,0.676149076476432,0.5563325949352417,0.6563115508472509,0.6423787670314187,0.6172043244076266,0.6529361618536202,0.6883959083439012,0.6138427881592899,0.6539380716289631,0.0,0.6976399323953113,0.6534830651274595,0.554363864893728,0.6398537220821227,0.6247925636941108,0.7006510531967474,0.6737544705899609,0.555908245871499,0.612177166017935,0.673218227545875,0.6823438765637976,0.6162175870284743
AMGN,0.6426342578999867,0.6445125910328021,0.6692595697496723,0.6647055162906118,0.6672199892140952,0.6640525874465232,0.6140324229079743,0.6450773607786066,0.6760973212274182,0.5948034932672832,0.7063769783458952,0.5491150427505165,0.6371971007948916,0.6771491130121751,0.6385603673371079,0.6500421354092132,0.6108065275146037,0.6879994245797709,0.65406680715556,0.6781020154514776,0.4435764820588342,0.6437943101560442,0.6601842435687326,0.6898710089512838,0.6972738171517464,0.6194527678948818,0.6868527965920402,0.6611387824768391,0.660626443921851,0.6113233220964011,0.6070777837891244,0.5421243738140754,0.6879988297643084,0.6295016050808314,0.6976399323953113,0.0,0.7029597954581972,0.686404828699545,0.7050379342373239,0.6400450140306052,0.6838659965298375,0.6378187889137236,0.5925192617849067,0.5779694357799685,0.7067241755199912,0.6235163971846042,0.6976810294749094
COST,0.6319196007109256,0.6948825092652041,0.6241284669691836,0.6817161239772854,0.6033943549747376,0.6034592577222399,0.6883481284104808,0.6744981688762205,0.6877854638635277,0.6401294201923465,0.5628433931622451,0.661093388881316,0.68610471726721,0.6223262466882821,0.5518772825344523,0.6642432952944485,0.6820470876327559,0.6687779793945254,0.69370523218447,0.5883397713332129,0.7043755520085163,0.6473595718611483,0.6836483440093121,0.6928673566476059,0.6821294167801119,0.6545395753080056,0.6519448504244916,0.6666953821254322,0.499570292272989,0.6264247760579019,0.7054065990341603,0.6490298514718731,0.6378488187966844,0.7016014973777062,0.6534830651274595,0.7029597954581972,0.0,0.6631157733172232,0.683608149469371,0.685770622657847,0.5853361154745539,0.578743653882476,0.703312793605588,0.6688985728488407,0.651453548817836,0.6346239362620361,0.5899796870330093
ACN,0.5212932134968314,0.6483334743619784,0.6160419081251249,0.6164945015577783,0.652827380049982,0.6495784630218885,0.7028885229178862,0.4954711959705895,0.6317299483026884,0.6233042226224664,0.6064542050275807,0.6899694507996655,0.4834360339438507,0.624472541998241,0.6253670613580118,0.6643040346477743,0.5555644229771171,0.6562320899795249,0.5603350599813485,0.7011318318465798,0.6403052755118851,0.6869946369408693,0.4763476146800188,0.650652475026518,0.5120611801170633,0.6467695072697063,0.5208167949846617,0.7020002020616202,0.6457313814759934,0.5258862265242618,0.6044824961800297,0.6312653391178653,0.7026416529922318,0.5007510859302564,0.554363864893728,0.686404828699545,0.6631157733172232,0.0,0.6290426139804096,0.698324292284691,0.7053592040501923,0.5361760100649824,0.508973978721262,0.592614444813162,0.6345965501355133,0.6089689894517706,0.6403689677931761
NEE,0.6754897068855947,0.6555087724539388,0.6672852223021509,0.6662399417444417,0.6575990408521626,0.6523493264379994,0.7029481511017573,0.701758481081694,0.43416931554992216,0.6080801154141459,0.6639509057292754,0.7045259253060523,0.6975304988704508,0.6423965937762399,0.6186870101831718,0.6553415531196001,0.701426936464221,0.64146212986836,0.668828629538403,0.6591078908453329,0.6956236450222855,0.6475388079491621,0.6475934396931303,0.6761134926927569,0.4608503504610496,0.5406565504621412,0.4909073563296482,0.5621658079707956,0.6872439668476517,0.691765227836415,0.6655452366550805,0.6340373382455654,0.5934403365797263,0.6474918558456239,0.6398537220821227,0.7050379342373239,0.683608149469371,0.6290426139804096,0.0,0.6796539917204066,0.6528301823667255,0.6892110708928186,0.62797957214079,0.6356789024575129,0.674367153474146,0.6736511388492122,0.6872758099919325
LLY,0.6220624506850223,0.6855681285404127,0.6783996059145289,0.6562712756831012,0.6416031488679983,0.6408079409885631,0.6184007030221002,0.6511760429461169,0.6968205006106262,0.6490680736188554,0.6230377402712226,0.5972332877558015,0.6624921013909834,0.5963685454014516,0.6546694324210072,0.6440005509685658,0.6942799716606456,0.590946162512107,0.6788170006258126,0.6008797028475314,0.5927429469314677,0.5811858229589978,0.7059888640708677,0.7046447684423995,0.6828123280660021,0.7059833316553028,0.7064388131327111,0.6519699906460853,0.6938235305841827,0.6270796812689033,0.6451829607149167,0.6456550603326516,0.693422039904349,0.6640645987350303,0.6247925636941108,0.6400450140306052,0.685770622657847,0.698324292284691,0.6796539917204066,0.0,0.6444787099344541,0.6897040930639293,0.65259615654795,0.6370297130890175,0.682101124269618,0.5378332291234778,0.6082389263334315
BMY,0.6915204940150608,0.6751047266336254,0.6988890637145798,0.6241347922925592,0.6323400862756013,0.6324852269286486,0.6426647063341602,0.689111998086755,0.5961829771778999,0.6025047531790605,0.5639108880982184,0.6712315052721377,0.675539884552287,0.6899886178382494,0.5534858742241263,0.6432444808057746,0.6589773858718827,0.6705031683006626,0.6599417144355689,0.5606223030391467,0.6414330765972579,0.6449078227168955,0.6540847916686677,0.6336117858655576,0.6137275698886602,0.6501164963624366,0.6251575088767005,0.6553121127833671,0.6417644875606261,0.6189001157881509,0.6949581049570827,0.6247204481012303,0.6260207186543285,0.6161961310990299,0.7006510531967474,0.6838659965298375,0.5853361154745539,0.7053592040501923,0.6528301823667255,0.6444787099344541,0.0,0.6011463831673274,0.6612902538172278,0.6435258305270292,0.6838358324427872,0.6443600663357706,0.6724431601511002
LIN,0.5106306420905183,0.6019807880960313,0.6281454091206583,0.5902438747119394,0.5687357767092425,0.5653757301418805,0.6348677775785988,0.5758319788169555,0.6765283268436253,0.5478303125236689,0.6161556777536166,0.6253100301967722,0.543180690826023,0.5109217951668823,0.5569039769404242,0.5899281905571003,0.6028975831766527,0.5611475577537604,0.6299292778887925,0.623421910767076,0.5753245073394558,0.6007605184133306,0.5844111934548606,0.5912961312303208,0.6945050041633748,0.5136805516021256,0.6811187294151944,0.6277819373055995,0.628862077999494,0.4983924084968356,0.6151870357202472,0.5843492317719734,0.5753289581891238,0.5294293052311096,0.6737544705899609,0.6378187889137236,0.578743653882476,0.5361760100649824,0.6892110708928186,0.6897040930639293,0.6011463831673274,0.0,0.5386202127013621,0.5779122840844744,0.6483106714433822,0.5683604555266023,0.6809341047611639
MDT,0.5091325005388831,0.5960917887189445,0.6486631321198643,0.6120248424310938,0.5807084158132896,0.5821120263458852,0.6139088105594488,0.5383593328068742,0.6546246854261515,0.6592665943280059,0.6372618301768183,0.5922494931001897,0.4813898719390292,0.6748096104487973,0.6082932720435921,0.5993052376398387,0.6041620408902015,0.6517404171927286,0.5545801698509705,0.670201453095311,0.535277013217708,0.6653514139899909,0.46417278950323365,0.6962267303781963,0.587230798163169,0.6634677263721572,0.5534081591793721,0.6892165724532514,0.6639369172764017,0.38728504078114273,0.5938880379198398,0.6048281377986107,0.6921801542900065,0.4494005105116606,0.555908245871499,0.5925192617849067,0.703312793605588,0.508973978721262,0.62797957214079,0.65259615654795,0.6612902538172278,0.5386202127013621,0.0,0.43437271005390343,0.6403808397305697,0.6146183766864582,0.6279613108845383
DHR,0.5879144213857049,0.6450271290809073,0.6937541500316372,0.6402246023206707,0.59528896749302,0.5942376898928973,0.6034334373100473,0.6312289009075768,0.6471216038217089,0.6456556741653845,0.6832503501613485,0.6128851107437499,0.6045440597423122,0.670252138913095,0.5911894816986947,0.6531811568874387,0.6654882369107106,0.6811747122229131,0.6622173623903895,0.6952095713429834,0.4642356328371437,0.5910031202759806,0.504022667627056,0.6858833230233261,0.5723484044251482,0.6389143556371868,0.5912108698481788,0.653716674018849,0.6479533948637309,0.4861243716437905,0.6735231955887767,0.572202421638682,0.6698074783835277,0.42145044988205743,0.612177166017935,0.5779694357799685,0.6688985728488407,0.592614444813162,0.6356789024575129,0.6370297130890175,0.6435258305270292,0.5779122840844744,0.43437271005390343,0.0,0.6451789606929614,0.6309934338789899,0.6397676299901941
PM,0.6327047621750134,0.5646916731757524,0.6557297459059953,0.5356965867479587,0.6038311258198914,0.6114932820971822,0.6826028510042118,0.6779615814941263,0.7017132007177198,0.660204276932449,0.6311123903403714,0.6874282102113248,0.6718255504281633,0.6645362151041186,0.6085172544942897,0.6782472320841203,0.6573740923828442,0.6633037220649809,0.6661359393888889,0.6288785846957293,0.6774838379695859,0.6088138162144244,0.702808975530289,0.6992369501870945,0.7022201136524836,0.631689755990409,0.6784497794932138,0.6309884628571039,0.7015576031270543,0.6436938846732967,0.650334796750283,0.6237430220484367,0.6663749342449451,0.6309919328423569,0.673218227545875,0.7067241755199912,0.651453548817836,0.6345965501355133,0.674367153474146,0.682101124269618,0.6838358324427872,0.6483106714433822,0.6403808397305697,0.6451789606929614,0.0,0.6792127303948008,0.6808630971886239
