,MSFT,AAPL,AMZN,FB,GOOGL,GOOG,JNJ,V,PG,JPM,HD,UNH,MA,NVDA,VZ,NFLX,ADBE,INTC,PYPL,T,PFE,CSCO,MRK,CMCSA,PEP,BAC,KO,XOM,WMT,ABT,CRM,ABBV,CVX,TMO,MCD,AMGN,COST,ACN,NEE,LLY,BMY,LIN,MDT,DHR,PM,TXN,NKE
MSFT,0.0,0.41986609248683815,0.3218793151122787,0.3376670185237928,0.4151392391647559,0.42967823654267534,0.6002053362401587,0.30885238397132503,0.4876861089473605,0.46882260980967677,0.43638825031146444,0.5723924734303139,0.27063455425849503,0.36194870710491156,0.5101588684068646,0.530487696815755,0.3181042060049955,0.3807039270619087,0.3787749862587565,0.5399673721563362,0.5754743544716296,0.433846874856758,0.5279542770164147,0.3581435971594799,0.4623261827612242,0.47043843616744874,0.5334356040594507,0.429514333284202,0.5240738267508875,0.3914203908730354,0.5057525220894826,0.5191096093638796,0.47331853026319454,0.4088939169192044,0.4456549553575661,0.6380464017239605,0.4840837052274943,0.29653672378259727,0.5961223557068809,0.4616852027577915,0.5451115030262556,0.4817232674665829,0.43634018002732977,0.35876876349045117,0.6439774406325157,0.35729542886698495,0.4053134935672903
AAPL,0.41986609248683815,0.0,0.3989654522884495,0.41506360407405646,0.4586319887132225,0.469092369193873,0.6154291941933768,0.46227261554958726,0.5502824446829275,0.4303910581201401,0.48098716614039383,0.616145910639451,0.45414275295843887,0.3759978129644158,0.5769525770782263,0.5746036353365049,0.44986514996019983,0.36784589497921133,0.4722066464588583,0.5233117088031677,0.5504457717321399,0.42840086424390733,0.5415732064922386,0.41540945928036027,0.4887644762513634,0.4566603380345222,0.56681082633035,0.4433672921598083,0.5744836367154131,0.42297914001653025,0.5233339141735686,0.5272925405103631,0.47302496762434587,0.47009473967857723,0.5401710798163053,0.5724410335447216,0.573662452125124,0.4633433865059963,0.662457704413287,0.49122839909128146,0.5607194546953473,0.5961350012684727,0.503071529824628,0.45380931619222625,0.5906006493339264,0.4052476842147303,0.43525190666565
AMZN,0.3218793151122787,0.3989654522884495,0.0,0.28822936575742253,0.5005792438224994,0.5099272143247017,0.6125813271147309,0.37879105953593767,0.545113974190401,0.4487405750738151,0.4808746038117111,0.5904216928390427,0.35279809422326847,0.38861153414388655,0.5846383339052701,0.5151490971942883,0.41133972713655154,0.39385319334659724,0.3861600355058707,0.5586716332358869,0.5278988625274158,0.48168690227584743,0.5651074817140596,0.3469505737346313,0.5109304538943336,0.47840503796415684,0.5710384068090578,0.4234733139936508,0.5036879100689509,0.46469683553122504,0.5157637572879235,0.587041682443197,0.47380194725705205,0.47709741550724283,0.5188676497056417,0.6562553932528525,0.5223516371981806,0.42099611565282874,0.6483566437509661,0.48999381158654287,0.5782521228897824,0.5307133039344439,0.5043691896731919,0.47326588463554775,0.6441674104573177,0.39785817892156383,0.4186361752263705
FB,0.3376670185237928,0.41506360407405646,0.28822936575742253,0.0,0.47586696700632736,0.4849411641690851,0.650240427208521,0.41909152002664213,0.5343857927970221,0.42697667730509714,0.5165786292295746,0.5691336661558596,0.40219477073145005,0.41500848834077203,0.6057957355501287,0.5276230397277142,0.4052021114733951,0.4107020281461596,0.411530230667375,0.5358350020508148,0.5744445850932735,0.5102687047294033,0.5797053324915881,0.3467945946516083,0.5459065857158363,0.44707638190544086,0.6003041495772162,0.45435129731856067,0.4973243389157296,0.4779563454328784,0.458138492057226,0.5880374060975824,0.4643259365942298,0.4731132561730552,0.5438841229857222,0.630252986141402,0.5184406227639216,0.4299655646592769,0.6794628428780184,0.4902674727038635,0.6093537627468322,0.5581025299744674,0.5290159551279445,0.47929339625503187,0.6921002691256468,0.4181364739609401,0.48689642405030253
GOOGL,0.4151392391647559,0.4586319887132225,0.5005792438224994,0.47586696700632736,0.0,0.0343000771769992,0.651523262079172,0.4404563880587166,0.525883265916517,0.4761831622238603,0.5204753505520642,0.5730920688028751,0.4441002081931051,0.4579096164233112,0.515631392379701,0.5202682855448938,0.45013423655364765,0.5197521901323556,0.49183350446857327,0.5606673626216596,0.5347126379421551,0.5177965874745443,0.6091773306309761,0.4738710943325723,0.4747677611541488,0.4729012715264133,0.5184791672996631,0.498364147178,0.544204887062804,0.5148994566480742,0.5487782178161433,0.5398241177009165,0.5693050778399921,0.5323618989608448,0.5421963638970999,0.6295593929356775,0.559318586151012,0.4388335397659471,0.6612765206446526,0.5378606530410762,0.5972631398974284,0.5519239828149628,0.5542018070186729,0.5279021233253994,0.6414608278041601,0.49729293464974805,0.49534250492108245
GOOG,0.42967823654267534,0.469092369193873,0.5099272143247017,0.4849411641690851,0.0343000771769992,0.0,0.6568916181420763,0.4514614588600902,0.5348416711598721,0.4830934559071279,0.527729882588196,0.5735167733314167,0.45778081610796545,0.4684044865328507,0.5256646722268428,0.5232498777101414,0.4593255494477012,0.5341340068187361,0.4980098430457395,0.5667146609519131,0.5335495804674879,0.5239941951151301,0.6176187099280231,0.4825611867597984,0.48339835889160837,0.4776940471668949,0.5238293679776814,0.5078232658251955,0.5521657961735504,0.5282346396918441,0.5518459387815637,0.544029319904591,0.5781378124072586,0.5462775797447208,0.5503886969005144,0.6301404047792325,0.567123822279489,0.45473757497309486,0.6630822121302986,0.5441134211310595,0.6050712822624569,0.5597372606672997,0.5628096978623778,0.5407724591424712,0.6448809936229895,0.50908859052926,0.5036731226263819
JNJ,0.6002053362401587,0.6154291941933768,0.6125813271147309,0.650240427208521,0.651523262079172,0.6568916181420763,0.0,0.6407284563209619,0.6560231211668051,0.6512069667744866,0.6859463502412725,0.6828230073774513,0.6565784056558864,0.6262770118068981,0.5397156095165716,0.6402441779303971,0.661497058234975,0.6520491630910581,0.6884582227164553,0.5286405132867834,0.6478931735337188,0.6272037391197179,0.5602847357190192,0.5989897941368961,0.5937166391450066,0.6436570727418017,0.6624109064761913,0.6123056082785356,0.6445702065611651,0.5624964138329779,0.679819780859644,0.6249330332029702,0.5987617503159707,0.5725045059388592,0.6664133981843654,0.6313580715826964,0.6108238143413097,0.6480494154139204,0.6221583128233471,0.5521667525549758,0.5509184090121902,0.64816964627534,0.6030961084016759,0.5470059095689496,0.6821470181208963,0.5966936676808529,0.6545364505095961
V,0.30885238397132503,0.46227261554958726,0.37879105953593767,0.41909152002664213,0.4404563880587166,0.4514614588600902,0.6407284563209619,0.0,0.46084567701411644,0.5340916320683876,0.4539535416033951,0.6218020394685563,0.17403419030917508,0.4358665719367592,0.5494867312151853,0.5746377624888545,0.33989389235975914,0.46780263001096095,0.3569093211218384,0.6018002129273607,0.5806151073174506,0.5554821472086886,0.5397254056402466,0.42019139176973175,0.42256033259282705,0.5407096310235231,0.5074127112100691,0.4985803980361401,0.4782003167681063,0.43083183685191345,0.5277867732570483,0.6032618032424704,0.5475907861777126,0.4601132909606163,0.4328034192804685,0.5914955482809416,0.453173895448704,0.2693080259159513,0.5651850244327309,0.4846491522671483,0.5765425218070233,0.5655312155814259,0.4209753773162932,0.40682461066760545,0.6243912753554415,0.40242246747918664,0.4726997641005484
PG,0.4876861089473605,0.5502824446829275,0.545113974190401,0.5343857927970221,0.525883265916517,0.5348416711598721,0.6560231211668051,0.46084567701411644,0.0,0.5948077453921911,0.5697152687148759,0.6480480685970423,0.4526603692947974,0.5522001356711767,0.5390343132192017,0.6481754736014919,0.5311411470265118,0.5626841560473147,0.5374119378748435,0.5983436514642538,0.7058898315196891,0.6034453348155258,0.5474242364800681,0.5311791929705812,0.40514452327087497,0.5843315104224029,0.5299933312566083,0.5460225422253658,0.4577497185067376,0.5094050216870986,0.605386078129947,0.5589072993449241,0.6075420378527779,0.5516484006081253,0.4891763023198437,0.62967344051166,0.5160202672709747,0.44329752013553,0.5527389675939021,0.5542515294257266,0.6044572702437411,0.5894825141680354,0.4717791798411209,0.4820092700911846,0.6320676521766364,0.5555170342628928,0.526942968563126
JPM,0.46882260980967677,0.4303910581201401,0.4487405750738151,0.42697667730509714,0.4761831622238603,0.4830934559071279,0.6512069667744866,0.5340916320683876,0.5948077453921911,0.0,0.45140535694037537,0.5315842589397206,0.5377699518424536,0.4176934342545385,0.5772057488486206,0.5535461186652838,0.5379745919593257,0.43324629527044295,0.5570657206167255,0.5276988448379272,0.5166713069154616,0.4935516441805283,0.6347689594640517,0.39139749589338285,0.5903386658285227,0.21242657235376214,0.5776776725908881,0.3669950412135147,0.5289143633694722,0.4880694866976546,0.5616472846708985,0.5453412873560715,0.4284291081897727,0.47829340446570956,0.5919543041203734,0.6249628056991513,0.5673945940768665,0.5103132027626066,0.6726919796618379,0.5351252257065774,0.6010556839004529,0.5662981466855468,0.5750496141610278,0.5268677891330523,0.6293062252704279,0.4934566052362272,0.465076724291474
HD,0.43638825031146444,0.48098716614039383,0.4808746038117111,0.5165786292295746,0.5204753505520642,0.527729882588196,0.6859463502412725,0.4539535416033951,0.5697152687148759,0.45140535694037537,0.0,0.5810926652208617,0.44708466233270616,0.4488409399672703,0.5616897390084735,0.5610078631587356,0.5056551715061821,0.45875076801183806,0.5280283770352908,0.5620504877757521,0.6099979640946006,0.5127474441139664,0.6359776144049237,0.45947485814913464,0.5372643137576213,0.47274590252023796,0.5932495057918593,0.44909152203061714,0.5557988262351421,0.5205839086010835,0.5521503998974769,0.56546941905569,0.5180303789751087,0.5001300523247796,0.5316393131693112,0.6907189331978861,0.5221853749899211,0.44810098936403553,0.6683187632292351,0.5993093972258197,0.5812256048671708,0.5825238483202001,0.43711595299621914,0.5295237169590016,0.6381361060221173,0.45732298892343176,0.4221732506356189
UNH,0.5723924734303139,0.616145910639451,0.5904216928390427,0.5691336661558596,0.5730920688028751,0.5735167733314167,0.6828230073774513,0.6218020394685563,0.6480480685970423,0.5315842589397206,0.5810926652208617,0.0,0.6182594702424912,0.5552667746770704,0.6155608339202182,0.6003437804630016,0.6184459822314834,0.6106953221292885,0.6243790647226974,0.6112794493397343,0.6714405131126913,0.5932154441646037,0.6874522611773585,0.5814305792437479,0.6446391512848014,0.5439611730978648,0.641792792402513,0.5687224315649361,0.590423342586476,0.5886009396981354,0.5974487879323479,0.6806431679205268,0.5890896557555044,0.6073272652126056,0.6491677878304487,0.684239942598852,0.659392248161857,0.6085972345556778,0.6921661056310434,0.671944205636421,0.7068596030975837,0.6276718257854286,0.6092141703247749,0.6265073707652712,0.6334912728619971,0.6485261937229756,0.6345534941741542
MA,0.27063455425849503,0.45414275295843887,0.35279809422326847,0.40219477073145005,0.4441002081931051,0.45778081610796545,0.6565784056558864,0.17403419030917508,0.4526603692947974,0.5377699518424536,0.44708466233270616,0.6182594702424912,0.0,0.43191731823408497,0.5620628528480575,0.5613296909773123,0.33459949926671234,0.4494706485636384,0.33001325410423044,0.617870609133973,0.5940400357234962,0.5319949099135076,0.5359139695949059,0.4094075851182155,0.42448108049686883,0.5501646647127388,0.5156037885947978,0.49381767119951175,0.4728864501669952,0.4155532147386577,0.5361942105502909,0.5766167279948614,0.5454673947822685,0.43190264335914696,0.3869475382667918,0.6158562728644141,0.4487724220671601,0.23646500580210622,0.5729140910023205,0.5063691414354645,0.5699401531433229,0.5326170854780735,0.424903854473788,0.3894481354063693,0.6322013686923696,0.4056572185824985,0.41216926982059043
NVDA,0.36194870710491156,0.3759978129644158,0.38861153414388655,0.41500848834077203,0.4579096164233112,0.4684044865328507,0.6262770118068981,0.4358665719367592,0.5522001356711767,0.4176934342545385,0.4488409399672703,0.5552667746770704,0.43191731823408497,0.0,0.5646724864203887,0.5290523512338837,0.4261661941874254,0.3526255240599068,0.4355768370678007,0.5597648056076835,0.5800007877948187,0.4412189190316339,0.6271185531463284,0.37331793716324246,0.5449419017077187,0.39597295260621007,0.5572787401530782,0.42129935846824473,0.5664843643791595,0.45696395989414734,0.5137061651558046,0.5164758786010752,0.49599807944462265,0.4947837857455675,0.5915642268846856,0.6662565863526965,0.5303075032132943,0.4610394697529932,0.683265956604466,0.5935037183835375,0.6297071990952947,0.5727716674408868,0.5271683503442525,0.5022211731567378,0.6069891971447864,0.37897715502728363,0.43903286674836156
VZ,0.5101588684068646,0.5769525770782263,0.5846383339052701,0.6057957355501287,0.515631392379701,0.5256646722268428,0.5397156095165716,0.5494867312151853,0.5390343132192017,0.5772057488486206,0.5616897390084735,0.6155608339202182,0.5620628528480575,0.5646724864203887,0.0,0.6220595941052738,0.5809050817077491,0.5490480289573074,0.6050281664944123,0.42491493643035266,0.5317437437113388,0.592907166105683,0.5788903642677958,0.4877208348512883,0.44426242772679286,0.5894537782095888,0.5169141275281021,0.5421855613421387,0.5235122271949156,0.5344040919342408,0.6100694447850131,0.4998628919519501,0.5285298423123541,0.5362923444263612,0.5720336532163683,0.6618550054411817,0.5366724116084395,0.5142347048286101,0.5914677039252587,0.5362937064392203,0.4901187540242713,0.5103670345979054,0.5453531328050474,0.4902131712493194,0.629307938504144,0.5168320980129999,0.5795947825147774
NFLX,0.530487696815755,0.5746036353365049,0.5151490971942883,0.5276230397277142,0.5202682855448938,0.5232498777101414,0.6402441779303971,0.5746377624888545,0.6481754736014919,0.5535461186652838,0.5610078631587356,0.6003437804630016,0.5613296909773123,0.5290523512338837,0.6220595941052738,0.0,0.5385508402913234,0.5808409130254908,0.6346539234532094,0.5581763812253376,0.6363349013606204,0.6248729694337417,0.6683650206726336,0.5415562133712414,0.5996096669818498,0.555710759519185,0.6485926286113544,0.5371730455557323,0.6259030966287565,0.6577849679647162,0.617660361154284,0.649723337905376,0.625414455369579,0.6418281270763233,0.6597356935309434,0.6566449785304916,0.6357889233545324,0.552562664226388,0.7042676038045212,0.6418224041768887,0.5779512674107937,0.6851642866419805,0.6586928936829498,0.655250845104756,0.670361005614596,0.5274069245581198,0.5231707120420754
ADBE,0.3181042060049955,0.44986514996019983,0.41133972713655154,0.4052021114733951,0.45013423655364765,0.4593255494477012,0.661497058234975,0.33989389235975914,0.5311411470265118,0.5379745919593257,0.5056551715061821,0.6184459822314834,0.33459949926671234,0.4261661941874254,0.5809050817077491,0.5385508402913234,0.0,0.45185072165713586,0.39302036387870687,0.5843862135696278,0.5838137473757745,0.4911064645991646,0.5605267240272662,0.4806077359068831,0.4970321364737209,0.5067313549503335,0.5635714617694697,0.46865951209768025,0.5545287268700276,0.440111545522068,0.4506011735700541,0.550482053767504,0.5232263648285721,0.475327739067959,0.5039933356260423,0.6232584129913639,0.5136145177936097,0.33621352551865935,0.5660787377751654,0.5153870928148233,0.5717675791908425,0.5642099369683276,0.5060039185947568,0.4666995855364971,0.6710787877064893,0.43292368022363664,0.44418015903471203
INTC,0.3807039270619087,0.36784589497921133,0.39385319334659724,0.4107020281461596,0.5197521901323556,0.5341340068187361,0.6520491630910581,0.46780263001096095,0.5626841560473147,0.43324629527044295,0.45875076801183806,0.6106953221292885,0.4494706485636384,0.3526255240599068,0.5490480289573074,0.5808409130254908,0.45185072165713586,0.0,0.4800112762902257,0.5286258165093051,0.5812087424714274,0.4296942255156643,0.6400777832612232,0.3920141002761264,0.528121411808176,0.4341116218999507,0.5853845222436541,0.3887267492426687,0.5575221882197535,0.4460593726039469,0.5436928287893303,0.5413190196009041,0.45312246900475855,0.4566165612110147,0.5671209838673895,0.695603005418099,0.5302449686650647,0.4520628129014332,0.6824252719376689,0.6016066645335595,0.6389856124810674,0.5372905625943942,0.5280600252312093,0.48764739563173465,0.6160355825607726,0.3244851726714739,0.41454398839852896
PYPL,0.3787749862587565,0.4722066464588583,0.3861600355058707,0.411530230667375,0.49183350446857327,0.4980098430457395,0.6884582227164553,0.3569093211218384,0.5374119378748435,0.5570657206167255,0.5280283770352908,0.6243790647226974,0.33001325410423044,0.4355768370678007,0.6050281664944123,0.6346539234532094,0.39302036387870687,0.4800112762902257,0.0,0.6467233044481455,0.6157404365556951,0.5413454395472629,0.5547903262476962,0.44748084311284086,0.5193392724140421,0.5561225856334926,0.5215680047507968,0.5480294928949373,0.5361102617142015,0.44671958757892977,0.45989090122200305,0.5298984246240128,0.5788742590618262,0.5046715705723483,0.5106924866809258,0.6330425155310974,0.5085952321594606,0.3847110019916279,0.638201438699938,0.5478687717881354,0.6651730659504754,0.4922592652299771,0.47365402659433986,0.4290136296003648,0.6802870622747347,0.4385565055809994,0.4920358104609854
T,0.5399673721563362,0.5233117088031677,0.5586716332358869,0.5358350020508148,0.5606673626216596,0.5667146609519131,0.5286405132867834,0.6018002129273607,0.5983436514642538,0.5276988448379272,0.5620504877757521,0.6112794493397343,0.617870609133973,0.5597648056076835,0.42491493643035266,0.5581763812253376,0.5843862135696278,0.5286258165093051,0.6467233044481455,0.0,0.5452950156146305,0.5506776648473071,0.581412074807407,0.5231438829031577,0.571738921048876,0.5293615133889065,0.6316415375719233,0.5298214246383086,0.567505531899281,0.5700612980496004,0.5793669438337864,0.5459000840755569,0.5469613463458965,0.5639423152315954,0.6306130198684496,0.6457594202851118,0.6393371784590409,0.5709211283700385,0.6162772433138588,0.5274995948761126,0.48787817274537365,0.6407805173316768,0.5686323193450872,0.5522624260956732,0.6229133431859657,0.47630165838389016,0.5818279384227952
PFE,0.5754743544716296,0.5504457717321399,0.5278988625274158,0.5744445850932735,0.5347126379421551,0.5335495804674879,0.6478931735337188,0.5806151073174506,0.7058898315196891,0.5166713069154616,0.6099979640946006,0.6714405131126913,0.5940400357234962,0.5800007877948187,0.5317437437113388,0.6363349013606204,0.5838137473757745,0.5812087424714274,0.6157404365556951,0.5452950156146305,0.0,0.5852827054464094,0.6048324060029855,0.5637087293032874,0.5616281720355732,0.5407436296451176,0.5934090689467786,0.5356160534362722,0.5881059508476033,0.5877732782163007,0.626503754265609,0.5474288543615995,0.5692219373204667,0.5220702591898531,0.5945063693491452,0.6508373217050922,0.6531871675515335,0.6005690962052944,0.6402686140862867,0.4997993085166823,0.5123193211668273,0.5985640213635564,0.6267585971381658,0.5905034824862145,0.6339976511216933,0.6165791273063428,0.6050961274853651
CSCO,0.433846874856758,0.42840086424390733,0.48168690227584743,0.5102687047294033,0.5177965874745443,0.5239941951151301,0.6272037391197179,0.5554821472086886,0.6034453348155258,0.4935516441805283,0.5127474441139664,0.5932154441646037,0.5319949099135076,0.4412189190316339,0.592907166105683,0.6248729694337417,0.4911064645991646,0.4296942255156643,0.5413454395472629,0.5506776648473071,0.5852827054464094,0.0,0.5922694766652233,0.4523431207324017,0.5974485477664822,0.4869965936619536,0.6533209214402189,0.4200676328108187,0.6947452857567897,0.4761412321405644,0.6012050415139548,0.4957423381372132,0.45388744406974707,0.5153009429218912,0.5965646394338198,0.6650408078361145,0.5835690605790804,0.5194487303179665,0.6797798911741969,0.5429105423978009,0.6088062014927952,0.5657510935813268,0.5541410467760443,0.5021920778056954,0.6503612172552955,0.48323702530510126,0.43634952109929165
MRK,0.5279542770164147,0.5415732064922386,0.5651074817140596,0.5797053324915881,0.6091773306309761,0.6176187099280231,0.5602847357190192,0.5397254056402466,0.5474242364800681,0.6347689594640517,0.6359776144049237,0.6874522611773585,0.5359139695949059,0.6271185531463284,0.5788903642677958,0.6683650206726336,0.5605267240272662,0.6400777832612232,0.5547903262476962,0.581412074807407,0.6048324060029855,0.5922694766652233,0.0,0.587471709200149,0.5312603265536827,0.6561695771439142,0.5766558066360161,0.6206124231029931,0.6670661568510756,0.4575761317681981,0.6373973412909187,0.5437630212211624,0.6217133454874993,0.48686389894086807,0.5023895391957882,0.46648540753408446,0.6348658360378486,0.5103308308669339,0.5812740405722417,0.3343993485902305,0.46576461661814045,0.5596427518170235,0.49875977107149655,0.4024016854132026,0.6664727279177127,0.5922604107010283,0.6158382851460882
CMCSA,0.3581435971594799,0.41540945928036027,0.3469505737346313,0.3467945946516083,0.4738710943325723,0.4825611867597984,0.5989897941368961,0.42019139176973175,0.5311791929705812,0.39139749589338285,0.45947485814913464,0.5814305792437479,0.4094075851182155,0.37331793716324246,0.4877208348512883,0.5415562133712414,0.4806077359068831,0.3920141002761264,0.44748084311284086,0.5231438829031577,0.5637087293032874,0.4523431207324017,0.587471709200149,0.0,0.4776358031337109,0.441404585647659,0.5505374630389078,0.44311011031224673,0.525315913788378,0.46223104869315024,0.5415058442119484,0.5180491627932988,0.4499395178729269,0.49623902775873685,0.5153117459403737,0.6066302079338121,0.48251716144035617,0.4283830786596607,0.684396331186721,0.5141114321540191,0.5520703600958697,0.5348029331637717,0.4927478835989919,0.458387915408821,0.6533967125814568,0.3834935814300773,0.4616124916105843
PEP,0.4623261827612242,0.4887644762513634,0.5109304538943336,0.5459065857158363,0.4747677611541488,0.48339835889160837,0.5937166391450066,0.42256033259282705,0.40514452327087497,0.5903386658285227,0.5372643137576213,0.6446391512848014,0.42448108049686883,0.5449419017077187,0.44426242772679286,0.5996096669818498,0.4970321364737209,0.528121411808176,0.5193392724140421,0.571738921048876,0.5616281720355732,0.5974485477664822,0.5312603265536827,0.4776358031337109,0.0,0.6171753335992264,0.4043424550686104,0.5468968965014205,0.45702294311563085,0.5020622227416999,0.6027220060067234,0.5696683609177775,0.580212205491476,0.4936826966058491,0.4632357012903987,0.6148861283180285,0.4968367152056097,0.4282895310478436,0.5021391423987148,0.49449461769310726,0.5261446743348764,0.5364084012235831,0.4409873006282804,0.47092710979761787,0.6226519561159265,0.5188684089620281,0.5305253248725672
BAC,0.47043843616744874,0.4566603380345222,0.47840503796415684,0.44707638190544086,0.4729012715264133,0.4776940471668949,0.6436570727418017,0.5407096310235231,0.5843315104224029,0.21242657235376214,0.47274590252023796,0.5439611730978648,0.5501646647127388,0.39597295260621007,0.5894537782095888,0.555710759519185,0.5067313549503335,0.4341116218999507,0.5561225856334926,0.5293615133889065,0.5407436296451176,0.4869965936619536,0.6561695771439142,0.441404585647659,0.6171753335992264,0.0,0.579266909028556,0.36296075483620377,0.5566659809536045,0.4767136400055063,0.541087678469101,0.5378171572833151,0.43003913861404053,0.5104162971820049,0.6228909620639647,0.6461308164491115,0.5847522222532544,0.535054339805929,0.676354059954187,0.5744587076178316,0.6149655689373074,0.6005017733060666,0.5785282365610847,0.5476088557514538,0.6273933453625142,0.47433962173713257,0.45787369464668487
KO,0.5334356040594507,0.56681082633035,0.5710384068090578,0.6003041495772162,0.5184791672996631,0.5238293679776814,0.6624109064761913,0.5074127112100691,0.5299933312566083,0.5776776725908881,0.5932495057918593,0.641792792402513,0.5156037885947978,0.5572787401530782,0.5169141275281021,0.6485926286113544,0.5635714617694697,0.5853845222436541,0.5215680047507968,0.6316415375719233,0.5934090689467786,0.6533209214402189,0.5766558066360161,0.5505374630389078,0.4043424550686104,0.579266909028556,0.0,0.5837666882308856,0.5399166278808287,0.5482947465302228,0.6489043836049168,0.6062234023740102,0.6064874012308212,0.5703802969363669,0.5645894625140816,0.660167195617852,0.5703496379930449,0.5156350798099413,0.6065147255641625,0.5657893428156351,0.5992574033531812,0.5050856789607947,0.5440866945407629,0.5362729746241132,0.6328209406606196,0.5636935590728634,0.5740047037863988
XOM,0.429514333284202,0.4433672921598083,0.4234733139936508,0.45435129731856067,0.498364147178,0.5078232658251955,0.6123056082785356,0.4985803980361401,0.5460225422253658,0.3669950412135147,0.44909152203061714,0.5687224315649361,0.49381767119951175,0.42129935846824473,0.5421855613421387,0.5371730455557323,0.46865951209768025,0.3887267492426687,0.5480294928949373,0.5298214246383086,0.5356160534362722,0.4200676328108187,0.6206124231029931,0.44311011031224673,0.5468968965014205,0.36296075483620377,0.5837666882308856,0.0,0.5745703929416335,0.5046751611974851,0.571359734922002,0.4837714883156541,0.30301169686066254,0.47655800335737775,0.5998692090026615,0.6595122518686383,0.5633090161257207,0.4724530560217536,0.6963103068709336,0.5207625814432028,0.5864508365386363,0.5458960394334482,0.5359943968153816,0.5127860838890125,0.641173804874535,0.4595833577694776,0.41422216424972264
WMT,0.5240738267508875,0.5744836367154131,0.5036879100689509,0.4973243389157296,0.544204887062804,0.5521657961735504,0.6445702065611651,0.4782003167681063,0.4577497185067376,0.5289143633694722,0.5557988262351421,0.590423342586476,0.4728864501669952,0.5664843643791595,0.5235122271949156,0.6259030966287565,0.5545287268700276,0.5575221882197535,0.5361102617142015,0.567505531899281,0.5881059508476033,0.6947452857567897,0.6670661568510756,0.525315913788378,0.45702294311563085,0.5566659809536045,0.5399166278808287,0.5745703929416335,0.0,0.5572985230080972,0.565992820872248,0.6418082775278812,0.6047577610917227,0.5327894721692544,0.5122751564480785,0.7031434570299872,0.5038327153373124,0.49893325638243635,0.5696310306690164,0.5980013922567412,0.6173369298662008,0.6121442733319323,0.5491171668196331,0.5556481760817377,0.612091309452564,0.5675575355900455,0.5783534436405258
ABT,0.3914203908730354,0.42297914001653025,0.46469683553122504,0.4779563454328784,0.5148994566480742,0.5282346396918441,0.5624964138329779,0.43083183685191345,0.5094050216870986,0.4880694866976546,0.5205839086010835,0.5886009396981354,0.4155532147386577,0.45696395989414734,0.5344040919342408,0.6577849679647162,0.440111545522068,0.4460593726039469,0.44671958757892977,0.5700612980496004,0.5877732782163007,0.4761412321405644,0.4575761317681981,0.46223104869315024,0.5020622227416999,0.4767136400055063,0.5482947465302228,0.5046751611974851,0.5572985230080972,0.0,0.5165898695212116,0.5416530201430303,0.499714395799327,0.37441571111881927,0.42029179195694844,0.5696633186849251,0.49994929965328716,0.39111776710846174,0.5904258841719915,0.47607056125318703,0.5664792887232217,0.5025428372163709,0.41564852177825884,0.28753233066698486,0.6126969696972593,0.4890618536379285,0.4812848364996831
CRM,0.5057525220894826,0.5233339141735686,0.5157637572879235,0.458138492057226,0.5487782178161433,0.5518459387815637,0.679819780859644,0.5277867732570483,0.605386078129947,0.5616472846708985,0.5521503998974769,0.5974487879323479,0.5361942105502909,0.5137061651558046,0.6100694447850131,0.617660361154284,0.4506011735700541,0.5436928287893303,0.45989090122200305,0.5793669438337864,0.626503754265609,0.6012050415139548,0.6373973412909187,0.5415058442119484,0.6027220060067234,0.541087678469101,0.6489043836049168,0.571359734922002,0.565992820872248,0.5165898695212116,0.0,0.5843421332436786,0.5622906297485392,0.5670120537719922,0.6357474803597826,0.6880557175163238,0.6328165183024357,0.5103050143942593,0.6548664204762704,0.607340610874319,0.6600672174812803,0.583799247361596,0.5345000703996641,0.5285092828479587,0.7036985672105576,0.5338087384237133,0.5805042668100024
ABBV,0.5191096093638796,0.5272925405103631,0.587041682443197,0.5880374060975824,0.5398241177009165,0.544029319904591,0.6249330332029702,0.6032618032424704,0.5589072993449241,0.5453412873560715,0.56546941905569,0.6806431679205268,0.5766167279948614,0.5164758786010752,0.4998628919519501,0.649723337905376,0.550482053767504,0.5413190196009041,0.5298984246240128,0.5459000840755569,0.5474288543615995,0.4957423381372132,0.5437630212211624,0.5180491627932988,0.5696683609177775,0.5378171572833151,0.6062234023740102,0.4837714883156541,0.6418082775278812,0.5416530201430303,0.5843421332436786,0.0,0.5460571329418926,0.5386799850967184,0.5810025141362487,0.639306356222042,0.6315679846433163,0.5345286454716192,0.6550027597583032,0.5356185950312731,0.5563383912939588,0.4753835533309679,0.5501131851586145,0.5177087375558438,0.6641230288278862,0.5564215584269936,0.5639327877830242
CVX,0.47331853026319454,0.47302496762434587,0.47380194725705205,0.4643259365942298,0.5693050778399921,0.5781378124072586,0.5987617503159707,0.5475907861777126,0.6075420378527779,0.4284291081897727,0.5180303789751087,0.5890896557555044,0.5454673947822685,0.49599807944462265,0.5285298423123541,0.625414455369579,0.5232263648285721,0.45312246900475855,0.5788742590618262,0.5469613463458965,0.5692219373204667,0.45388744406974707,0.6217133454874993,0.4499395178729269,0.580212205491476,0.43003913861404053,0.6064874012308212,0.30301169686066254,0.6047577610917227,0.499714395799327,0.5622906297485392,0.5460571329418926,0.0,0.540053980315448,0.6161679113754989,0.6490673117240628,0.5696861468990608,0.5337261001571445,0.6890866060699523,0.5284575732607713,0.5900195555532671,0.556474235977422,0.5574557460221921,0.5084077062133066,0.6365276935191884,0.4947021052658274,0.5206477529538643
TMO,0.4088939169192044,0.47009473967857723,0.47709741550724283,0.4731132561730552,0.5323618989608448,0.5462775797447208,0.5725045059388592,0.4601132909606163,0.5516484006081253,0.47829340446570956,0.5001300523247796,0.6073272652126056,0.43190264335914696,0.4947837857455675,0.5362923444263612,0.6418281270763233,0.475327739067959,0.4566165612110147,0.5046715705723483,0.5639423152315954,0.5220702591898531,0.5153009429218912,0.48686389894086807,0.49623902775873685,0.4936826966058491,0.5104162971820049,0.5703802969363669,0.47655800335737775,0.5327894721692544,0.37441571111881927,0.5670120537719922,0.5386799850967184,0.540053980315448,0.0,0.49442375908993363,0.6432872979707295,0.5456837429813168,0.4075347426889692,0.6406599303119498,0.457637119551325,0.5185817079485193,0.5096848431508351,0.4625767056923742,0.3268241646299908,0.6430270069351451,0.5282560175719653,0.4931996818572506
MCD,0.4456549553575661,0.5401710798163053,0.5188676497056417,0.5438841229857222,0.5421963638970999,0.5503886969005144,0.6664133981843654,0.4328034192804685,0.4891763023198437,0.5919543041203734,0.5316393131693112,0.6491677878304487,0.3869475382667918,0.5915642268846856,0.5720336532163683,0.6597356935309434,0.5039933356260423,0.5671209838673895,0.5106924866809258,0.6306130198684496,0.5945063693491452,0.5965646394338198,0.5023895391957882,0.5153117459403737,0.4632357012903987,0.6228909620639647,0.5645894625140816,0.5998692090026615,0.5122751564480785,0.42029179195694844,0.6357474803597826,0.5810025141362487,0.6161679113754989,0.49442375908993363,0.0,0.5827466277120625,0.512219487190898,0.41988085700696204,0.5401893457718318,0.5201844119752396,0.5353470847158681,0.5418386700411777,0.5097157669131988,0.43025431164936806,0.6218711143484743,0.5675737979129544,0.4872788246902258
AMGN,0.6380464017239605,0.5724410335447216,0.6562553932528525,0.630252986141402,0.6295593929356775,0.6301404047792325,0.6313580715826964,0.5914955482809416,0.62967344051166,0.6249628056991513,0.6907189331978861,0.684239942598852,0.6158562728644141,0.6662565863526965,0.6618550054411817,0.6566449785304916,0.6232584129913639,0.695603005418099,0.6330425155310974,0.6457594202851118,0.6508373217050922,0.6650408078361145,0.46648540753408446,0.6066302079338121,0.6148861283180285,0.6461308164491115,0.660167195617852,0.6595122518686383,0.7031434570299872,0.5696633186849251,0.6880557175163238,0.639306356222042,0.6490673117240628,0.6432872979707295,0.5827466277120625,0.0,0.6322832351600004,0.6009174009466721,0.6756758341914549,0.5020110963141368,0.6047600448013485,0.6666165429172016,0.6560621684298639,0.5690796168029617,0.7053684490694792,0.6737554234229114,0.6554600348493542
COST,0.4840837052274943,0.573662452125124,0.5223516371981806,0.5184406227639216,0.559318586151012,0.567123822279489,0.6108238143413097,0.453173895448704,0.5160202672709747,0.5673945940768665,0.5221853749899211,0.659392248161857,0.4487724220671601,0.5303075032132943,0.5366724116084395,0.6357889233545324,0.5136145177936097,0.5302449686650647,0.5085952321594606,0.6393371784590409,0.6531871675515335,0.5835690605790804,0.6348658360378486,0.48251716144035617,0.4968367152056097,0.5847522222532544,0.5703496379930449,0.5633090161257207,0.5038327153373124,0.49994929965328716,0.6328165183024357,0.6315679846433163,0.5696861468990608,0.5456837429813168,0.512219487190898,0.6322832351600004,0.0,0.4472515181504776,0.6386080435009214,0.6267794800976475,0.6616363172444999,0.564611243532849,0.5421472233015907,0.5073055873861603,0.6897300699738917,0.5225930865051446,0.5018646716154003
ACN,0.29653672378259727,0.4633433865059963,0.42099611565282874,0.4299655646592769,0.4388335397659471,0.45473757497309486,0.6480494154139204,0.2693080259159513,0.44329752013553,0.5103132027626066,0.44810098936403553,0.6085972345556778,0.23646500580210622,0.4610394697529932,0.5142347048286101,0.552562664226388,0.33621352551865935,0.4520628129014332,0.3847110019916279,0.5709211283700385,0.6005690962052944,0.5194487303179665,0.5103308308669339,0.4283830786596607,0.4282895310478436,0.535054339805929,0.5156350798099413,0.4724530560217536,0.49893325638243635,0.39111776710846174,0.5103050143942593,0.5345286454716192,0.5337261001571445,0.4075347426889692,0.41988085700696204,0.6009174009466721,0.4472515181504776,0.0,0.5769050381970702,0.4848307625403503,0.5455756925541988,0.48477458905205284,0.38744337849616844,0.3332869425888613,0.6445555485373679,0.4345287803026959,0.44788496407734923
NEE,0.5961223557068809,0.662457704413287,0.6483566437509661,0.6794628428780184,0.6612765206446526,0.6630822121302986,0.6221583128233471,0.5651850244327309,0.5527389675939021,0.6726919796618379,0.6683187632292351,0.6921661056310434,0.5729140910023205,0.683265956604466,0.5914677039252587,0.7042676038045212,0.5660787377751654,0.6824252719376689,0.638201438699938,0.6162772433138588,0.6402686140862867,0.6797798911741969,0.5812740405722417,0.684396331186721,0.5021391423987148,0.676354059954187,0.6065147255641625,0.6963103068709336,0.5696310306690164,0.5904258841719915,0.6548664204762704,0.6550027597583032,0.6890866060699523,0.6406599303119498,0.5401893457718318,0.6756758341914549,0.6386080435009214,0.5769050381970702,0.0,0.5697442570227939,0.6398804504760259,0.6592641826533648,0.5429471498636379,0.5857159583960989,0.6292917929614072,0.6268821585748358,0.6626933522261618
LLY,0.4616852027577915,0.49122839909128146,0.48999381158654287,0.4902674727038635,0.5378606530410762,0.5441134211310595,0.5521667525549758,0.4846491522671483,0.5542515294257266,0.5351252257065774,0.5993093972258197,0.671944205636421,0.5063691414354645,0.5935037183835375,0.5362937064392203,0.6418224041768887,0.5153870928148233,0.6016066645335595,0.5478687717881354,0.5274995948761126,0.4997993085166823,0.5429105423978009,0.3343993485902305,0.5141114321540191,0.49449461769310726,0.5744587076178316,0.5657893428156351,0.5207625814432028,0.5980013922567412,0.47607056125318703,0.607340610874319,0.5356185950312731,0.5284575732607713,0.457637119551325,0.5201844119752396,0.5020110963141368,0.6267794800976475,0.4848307625403503,0.5697442570227939,0.0,0.45537761790540493,0.578792120094216,0.5004612046099686,0.4322747241791136,0.6603543753750054,0.5566180161286547,0.6071084073070833
BMY,0.5451115030262556,0.5607194546953473,0.5782521228897824,0.6093537627468322,0.5972631398974284,0.6050712822624569,0.5509184090121902,0.5765425218070233,0.6044572702437411,0.6010556839004529,0.5812256048671708,0.7068596030975837,0.5699401531433229,0.6297071990952947,0.4901187540242713,0.5779512674107937,0.5717675791908425,0.6389856124810674,0.6651730659504754,0.48787817274537365,0.5123193211668273,0.6088062014927952,0.46576461661814045,0.5520703600958697,0.5261446743348764,0.6149655689373074,0.5992574033531812,0.5864508365386363,0.6173369298662008,0.5664792887232217,0.6600672174812803,0.5563383912939588,0.5900195555532671,0.5185817079485193,0.5353470847158681,0.6047600448013485,0.6616363172444999,0.5455756925541988,0.6398804504760259,0.45537761790540493,0.0,0.6297870485476412,0.5539028458747777,0.5164291088194688,0.6684355093474974,0.5880326380864352,0.6103994764557253
LIN,0.4817232674665829,0.5961350012684727,0.5307133039344439,0.5581025299744674,0.5519239828149628,0.5597372606672997,0.64816964627534,0.5655312155814259,0.5894825141680354,0.5662981466855468,0.5825238483202001,0.6276718257854286,0.5326170854780735,0.5727716674408868,0.5103670345979054,0.6851642866419805,0.5642099369683276,0.5372905625943942,0.4922592652299771,0.6407805173316768,0.5985640213635564,0.5657510935813268,0.5596427518170235,0.5348029331637717,0.5364084012235831,0.6005017733060666,0.5050856789607947,0.5458960394334482,0.6121442733319323,0.5025428372163709,0.583799247361596,0.4753835533309679,0.556474235977422,0.5096848431508351,0.5418386700411777,0.6666165429172016,0.564611243532849,0.48477458905205284,0.6592641826533648,0.578792120094216,0.6297870485476412,0.0,0.56300110418634,0.45322288640092,0.6730082282777782,0.5851795458060067,0.5660257210289652
MDT,0.43634018002732977,0.503071529824628,0.5043691896731919,0.5290159551279445,0.5542018070186729,0.5628096978623778,0.6030961084016759,0.4209753773162932,0.4717791798411209,0.5750496141610278,0.43711595299621914,0.6092141703247749,0.424903854473788,0.5271683503442525,0.5453531328050474,0.6586928936829498,0.5060039185947568,0.5280600252312093,0.47365402659433986,0.5686323193450872,0.6267585971381658,0.5541410467760443,0.49875977107149655,0.4927478835989919,0.4409873006282804,0.5785282365610847,0.5440866945407629,0.5359943968153816,0.5491171668196331,0.41564852177825884,0.5345000703996641,0.5501131851586145,0.5574557460221921,0.4625767056923742,0.5097157669131988,0.6560621684298639,0.5421472233015907,0.38744337849616844,0.5429471498636379,0.5004612046099686,0.5539028458747777,0.56300110418634,0.0,0.40074754324787654,0.6709637273314609,0.4786455820702593,0.5816060967056468
DHR,0.35876876349045117,0.45380931619222625,0.47326588463554775,0.47929339625503187,0.5279021233253994,0.5407724591424712,0.5470059095689496,0.40682461066760545,0.4820092700911846,0.5268677891330523,0.5295237169590016,0.6265073707652712,0.3894481354063693,0.5022211731567378,0.4902131712493194,0.655250845104756,0.4666995855364971,0.48764739563173465,0.4290136296003648,0.5522624260956732,0.5905034824862145,0.5021920778056954,0.4024016854132026,0.458387915408821,0.47092710979761787,0.5476088557514538,0.5362729746241132,0.5127860838890125,0.5556481760817377,0.28753233066698486,0.5285092828479587,0.5177087375558438,0.5084077062133066,0.3268241646299908,0.43025431164936806,0.5690796168029617,0.5073055873861603,0.3332869425888613,0.5857159583960989,0.4322747241791136,0.5164291088194688,0.45322288640092,0.40074754324787654,0.0,0.6414881734520567,0.47587795723325604,0.4947361188172654
PM,0.6439774406325157,0.5906006493339264,0.6441674104573177,0.6921002691256468,0.6414608278041601,0.6448809936229895,0.6821470181208963,0.6243912753554415,0.6320676521766364,0.6293062252704279,0.6381361060221173,0.6334912728619971,0.6322013686923696,0.6069891971447864,0.629307938504144,0.670361005614596,0.6710787877064893,0.6160355825607726,0.6802870622747347,0.6229133431859657,0.6339976511216933,0.6503612172552955,0.6664727279177127,0.6533967125814568,0.6226519561159265,0.6273933453625142,0.6328209406606196,0.641173804874535,0.612091309452564,0.6126969696972593,0.7036985672105576,0.6641230288278862,0.6365276935191884,0.6430270069351451,0.6218711143484743,0.7053684490694792,0.6897300699738917,0.6445555485373679,0.6292917929614072,0.6603543753750054,0.6684355093474974,0.6730082282777782,0.6709637273314609,0.6414881734520567,0.0,0.6339328628152738,0.6206434032976025
