,MSFT,AAPL,AMZN,FB,GOOGL,GOOG,JNJ,V,PG,JPM,HD,UNH,MA,NVDA,VZ,NFLX,ADBE,INTC,PYPL,T,PFE,CSCO,MRK,CMCSA,PEP,BAC,KO,XOM,WMT,ABT,CRM,ABBV,CVX,TMO,MCD,AMGN,COST,ACN,NEE,LLY,BMY,LIN,MDT,DHR,PM,TXN,NKE
MSFT,0.0,0.5526205069392244,0.3351903519938491,0.4310146351839848,0.3437912202304881,0.34039870664576627,0.5709023767534244,0.43258442001019504,0.6549608422828018,0.5929276326298113,0.575823842167785,0.5316625608853357,0.4808114476119086,0.3970717968800548,0.6370905841257478,0.4921982974505082,0.3703246208292801,0.4277483685834101,0.41747146996718065,0.6856462193396744,0.6176012482004669,0.453705380726042,0.5758122300054715,0.6310914524340172,0.6810253074203251,0.6026033358387937,0.6178821015050253,0.6320830703487831,0.6704766267440506,0.4007221921017956,0.41058564495436217,0.476494898322418,0.6338348333281674,0.5261090628760409,0.6795083794434268,0.5557624931082055,0.673790610479498,0.46173495208532744,0.6831723600298927,0.6077947509941373,0.6724856710264578,0.5049787297721497,0.47228387238932334,0.48284058150678794,0.6448772597286275,0.5301853857981375,0.624158244879659
AAPL,0.5526205069392244,0.0,0.5849886558637899,0.5540449443486021,0.525820023171877,0.514438542677482,0.6839749606307247,0.583883935508646,0.650279718238053,0.6396160905791618,0.6280531210608374,0.6611372201657769,0.4336714048717825,0.49232481400358197,0.6475037493501674,0.5612317833664274,0.5515059988307855,0.5266961896568114,0.5930971121298816,0.6920625344953185,0.6363662141560904,0.5827610411763433,0.7046447509797441,0.6480317456128105,0.6969460577015,0.6692923786892663,0.7067516636168343,0.6353087825477901,0.6950852619219781,0.5947465547423759,0.5368860995801066,0.6304767943784525,0.6613021341418526,0.5680215199250914,0.5929919550222748,0.6391452165284613,0.6800004270996307,0.584248816350464,0.6873630319478942,0.6954254854980142,0.6866258794077386,0.5659691239874234,0.6233619072210981,0.5863886933410448,0.6022165280254789,0.48528785548529024,0.672079201518269
AMZN,0.3351903519938491,0.5849886558637899,0.0,0.42918460309018996,0.40715056354077417,0.38966761611347145,0.6639322142725256,0.4291945228071296,0.7044452254149653,0.6099014244503307,0.5710293684316059,0.5785644684543143,0.47951859193870866,0.4517992184946356,0.6771473828730689,0.4289474727457124,0.46816125592521196,0.5281277563609031,0.4819463825612049,0.6352084657255401,0.6813269748396912,0.48565864477642007,0.660272204613827,0.6919981236105256,0.6973843210485943,0.6163456825143231,0.6276670170577038,0.6815977088969638,0.686018757442081,0.5070811680597421,0.41582315333217523,0.5478019475824609,0.6160080844808108,0.5894734100255766,0.6387830347236725,0.61430794376445,0.6595781664405344,0.4773634328121469,0.7020796451247816,0.648095001957851,0.6821774384209514,0.5580431930047853,0.5697321984290381,0.5564075261510824,0.7068860669167562,0.5958888536874379,0.6437876730779453
FB,0.4310146351839848,0.5540449443486021,0.42918460309018996,0.0,0.3823188555336382,0.38817114817596654,0.6195344110115613,0.39409602786100617,0.7035279759710895,0.6337385754482621,0.5304507032040687,0.6082755757851458,0.45453858801230734,0.4591185178199328,0.6678091938705605,0.48426728221174226,0.4777595114845263,0.503892311824755,0.47752015422502697,0.5508735224642632,0.6591020018284746,0.5634006443722,0.6742253435446025,0.6919210936874524,0.6609186237805665,0.6396959668015904,0.6447436103493526,0.5988127156269103,0.6629627265399073,0.5241398718514338,0.46572831471333764,0.5299352581314307,0.6401995728196826,0.6354585531044561,0.6465098262230895,0.6123312093268631,0.676741684288855,0.5741128981977682,0.6387745714486616,0.5884725558398842,0.6929067446050954,0.4615466641311355,0.5689737100374951,0.5862741134027586,0.6949786374232206,0.6123731335411505,0.6690169875772726
GOOGL,0.3437912202304881,0.525820023171877,0.40715056354077417,0.3823188555336382,0.0,0.05814968712835527,0.591154721985927,0.4330266051637745,0.685661256393061,0.5615461177484256,0.5992048570220094,0.5612205071908164,0.46704648087738315,0.43830226651911397,0.6887805384088045,0.4775251841305531,0.4197050461464327,0.465894275762344,0.39564726969867453,0.6739331870954581,0.6707914795338031,0.47892788132152186,0.5985505324190593,0.6052189689155993,0.6878248370148495,0.579514550098712,0.6233545748705579,0.5936281468201926,0.6785791126524124,0.4201933461856436,0.42349061626633994,0.5678117344667409,0.6541501469584715,0.5305138627456455,0.6418416544129615,0.5868456534025158,0.6420954461010167,0.4837850789446878,0.7020890977175521,0.6326167579888433,0.6915029956889365,0.46639180624243237,0.5078074668704293,0.5084231483750961,0.6973413325918353,0.5290693771942948,0.6461566346414205
GOOG,0.34039870664576627,0.514438542677482,0.38966761611347145,0.38817114817596654,0.05814968712835527,0.0,0.5937794757586579,0.43533371622187345,0.6848726580611575,0.5549883790409813,0.592586041320594,0.5485720605963154,0.4589917630568238,0.4371177239924093,0.6982285141498822,0.46798628369756684,0.4215705118853504,0.4620162578340856,0.399363118268629,0.6832025202731592,0.6704130424808119,0.47175607764377775,0.5941902819457704,0.6036025824153443,0.689581606677217,0.5728413623231012,0.6254654240688617,0.5982520444540074,0.692895138734382,0.413200282103759,0.41726274365301264,0.5616423653788752,0.6496319062396894,0.5197111232377386,0.6400794462830169,0.5756934728988438,0.6334996836946376,0.4751716342419733,0.6958855934076742,0.631203961387113,0.6872554853311333,0.46212781845413753,0.5115747594850035,0.49783881507457695,0.7030131255214104,0.5234414641863991,0.6442925150076699
JNJ,0.5709023767534244,0.6839749606307247,0.6639322142725256,0.6195344110115613,0.591154721985927,0.5937794757586579,0.0,0.5875535806667171,0.5057181345820965,0.5971409738495128,0.6194530954602664,0.5385908056929661,0.627881334807631,0.6140417516835244,0.512845317843229,0.6608251556068714,0.6341962275865938,0.5577591416523875,0.6042752277492559,0.6032761507308476,0.49944725165690423,0.5738891988453372,0.4289986402427766,0.570510099515261,0.5606611403564731,0.6060046716740102,0.5408927733371973,0.5787629770339455,0.6207845729565524,0.46641052286591084,0.641663937049998,0.5460898484824007,0.6511150952119418,0.49794175356803766,0.5833455218197521,0.5352772699630279,0.5732200516781217,0.5492286239419032,0.6860312025789375,0.49728044715483727,0.5160936526214244,0.5311337520557997,0.5450031405819388,0.4647703376777038,0.6226614706781082,0.5644263548730822,0.6593477105038715
V,0.43258442001019504,0.583883935508646,0.4291945228071296,0.39409602786100617,0.4330266051637745,0.43533371622187345,0.5875535806667171,0.0,0.6715874949988482,0.6007503932361062,0.5039379623104414,0.5966268060500006,0.3473078299815155,0.44456720743501993,0.6812048866624479,0.4902291248653657,0.4233035354211713,0.5181620152882852,0.3908136658787933,0.6230960488344084,0.6463102168876901,0.5018923000620202,0.6080988234493948,0.6529826051662484,0.6634253166148011,0.606791190606235,0.6371413602734914,0.5588885925429437,0.7011135281431013,0.4983830616323194,0.3739730222637663,0.5319135125893919,0.6431995255979162,0.5452572228503249,0.5548076437151631,0.647090524219072,0.6800952161380257,0.46792062974795384,0.6832305893029282,0.6278098447071454,0.6711056861357692,0.40798491436412737,0.5800600368938674,0.5202941357929303,0.6599357775718807,0.596214306649567,0.637620738595741
PG,0.6549608422828018,0.650279718238053,0.7044452254149653,0.7035279759710895,0.685661256393061,0.6848726580611575,0.5057181345820965,0.6715874949988482,0.0,0.681239141096778,0.5991856115537696,0.572264138002309,0.6929763925793857,0.613343691581453,0.53140348251446,0.7020048999816199,0.7013824021335575,0.5997927883110595,0.6557770858293411,0.5855815322171969,0.575362467933085,0.691461699903799,0.5505868192692603,0.6553101007019657,0.38070002860475166,0.7007423354049139,0.4389746381096753,0.6266908983580411,0.6107834555475908,0.5973704866448987,0.6991644106195208,0.5765001798724344,0.6735169551203011,0.593085920480686,0.5857129889071765,0.6059451034991623,0.47845062309061176,0.5990768315828473,0.6138287921086386,0.6487608525812609,0.5787488702524743,0.5825935569625585,0.6236622297933099,0.5202455772367955,0.4576665518175136,0.5655852566674707,0.67261060331551
JPM,0.5929276326298113,0.6396160905791618,0.6099014244503307,0.6337385754482621,0.5615461177484256,0.5549883790409813,0.5971409738495128,0.6007503932361062,0.681239141096778,0.0,0.634813641562391,0.6498503583487126,0.5886154224516412,0.5967465021403952,0.6807228670683811,0.614172393912996,0.631206827935287,0.6075409513109125,0.6134499607793753,0.6786244395427404,0.6474344959345143,0.5884971503344544,0.6210781711754878,0.6689806924570763,0.6866882560994754,0.18046759714957764,0.6882326322592057,0.607496752976719,0.6986995702006917,0.6031986336250258,0.6168830335988357,0.6187679672196783,0.6485305403333879,0.5887737730858535,0.6428524460991271,0.6362648743877874,0.6634159530423077,0.5414525519145167,0.5639016081397265,0.6498598346142301,0.681665278197833,0.5936713815499889,0.6088340963913451,0.6269366253150227,0.6609528863359541,0.6612501886731997,0.654989595779758
HD,0.575823842167785,0.6280531210608374,0.5710293684316059,0.5304507032040687,0.5992048570220094,0.592586041320594,0.6194530954602664,0.5039379623104414,0.5991856115537696,0.634813641562391,0.0,0.5839992644673937,0.5685052487144718,0.5824506435063086,0.6708805735520113,0.6634095761222507,0.6000679609888064,0.623584183351905,0.6009422511366377,0.6735978084083314,0.6113220559482229,0.6507031843238691,0.6050489295822804,0.6615162254672965,0.6469150991905055,0.6637926573297421,0.6182163939632397,0.601684193744027,0.6256604927145094,0.5513977001296165,0.5878190198832074,0.49352768180273726,0.5877081922517752,0.5424167859198389,0.6133346108885392,0.5701187133569886,0.5601476620679784,0.5657647027305197,0.6761411603673577,0.5578834718184282,0.6956554256176803,0.5630076371360817,0.6487100789157002,0.4901749370608813,0.6415859728232225,0.63731896693192,0.640251771160837
UNH,0.5316625608853357,0.6611372201657769,0.5785644684543143,0.6082755757851458,0.5612205071908164,0.5485720605963154,0.5385908056929661,0.5966268060500006,0.572264138002309,0.6498503583487126,0.5839992644673937,0.0,0.6187775919099903,0.5900567116912283,0.5183682467285202,0.5943339147160362,0.6392190186055302,0.5296341541254638,0.5969003419622865,0.6392593834419884,0.6036262457474596,0.6064916263180572,0.5632951893488144,0.6034913501906316,0.6121861526209295,0.6396582054304945,0.5674027621080515,0.6483950739164897,0.569316180892024,0.4390261656020647,0.64509225052719,0.5332771980382379,0.634700542575471,0.44723226290467166,0.6222607134431901,0.5080017027311624,0.5535765602478152,0.5921991299111634,0.6754157403630325,0.5835537559582479,0.6637146401624477,0.49053650425377865,0.6013793278813346,0.4215402657647221,0.6551043537630609,0.5638364169231441,0.6137890278468892
MA,0.4808114476119086,0.4336714048717825,0.47951859193870866,0.45453858801230734,0.46704648087738315,0.4589917630568238,0.627881334807631,0.3473078299815155,0.6929763925793857,0.5886154224516412,0.5685052487144718,0.6187775919099903,0.0,0.4525914909725826,0.6634445440873489,0.47237711404189936,0.49818646021164353,0.4943891898886498,0.4672543078989751,0.6503886649801649,0.6955458343417961,0.5166650479044383,0.6430546912143537,0.6668667934599062,0.7041588096074219,0.6187057288626638,0.6866145955010333,0.5911779749607308,0.7034509337917527,0.5486777275108081,0.39843741382147446,0.5936768146997747,0.6693305062107106,0.5506450462966368,0.6012862985976015,0.6598513858011328,0.6851535681346815,0.4618502166405843,0.6629598949804668,0.6843683584255025,0.6924872812173177,0.49545800283417896,0.6233429593098723,0.5534304047353783,0.6822648827359961,0.5457744145327262,0.6554257327307487
NVDA,0.3970717968800548,0.49232481400358197,0.4517992184946356,0.4591185178199328,0.43830226651911397,0.4371177239924093,0.6140417516835244,0.44456720743501993,0.613343691581453,0.5967465021403952,0.5824506435063086,0.5900567116912283,0.4525914909725826,0.0,0.6942546117722619,0.4625719418606745,0.4375354959386818,0.41075201532013,0.4155779595409665,0.6684912728079484,0.6210083620025351,0.5087679522884889,0.6168368868350963,0.6849716246442504,0.6757725800776496,0.6261764760944631,0.627860920310041,0.6487355493793927,0.653752976866157,0.46093695166929016,0.4421663766332395,0.527511625219123,0.6626320240717453,0.5437119737856932,0.5872310978897815,0.615291573602898,0.6879914720592207,0.5012413939279425,0.6978654302380571,0.6505333534428757,0.6922049514803789,0.5138013273078735,0.49990021856569694,0.5170671276014663,0.5771685766330897,0.49172131768394667,0.6577708411228287
VZ,0.6370905841257478,0.6475037493501674,0.6771473828730689,0.6678091938705605,0.6887805384088045,0.6982285141498822,0.512845317843229,0.6812048866624479,0.53140348251446,0.6807228670683811,0.6708805735520113,0.5183682467285202,0.6634445440873489,0.6942546117722619,0.0,0.6817097317382822,0.6306879356489282,0.6533499162783752,0.6684479967759415,0.4846093421767589,0.5436881853914204,0.650125647863744,0.5697478333542569,0.6262034664978493,0.5896737225274324,0.6581141103005731,0.5716639083149067,0.700097258596296,0.6451602338219875,0.5583880543025347,0.636060385135876,0.6290129603236694,0.6488658526675181,0.5708643296480517,0.6969015843810875,0.5605038066901634,0.6064417812325077,0.5821261619700671,0.6279861298146511,0.5396188821216608,0.6040317030462217,0.6684238159437533,0.5981482044364899,0.5665684523426214,0.6349882876839695,0.661052962758891,0.6892969870818206
NFLX,0.4921982974505082,0.5612317833664274,0.4289474727457124,0.48426728221174226,0.4775251841305531,0.46798628369756684,0.6608251556068714,0.4902291248653657,0.7020048999816199,0.614172393912996,0.6634095761222507,0.5943339147160362,0.47237711404189936,0.4625719418606745,0.6817097317382822,0.0,0.5414705393885988,0.5198542062578129,0.5033722929456895,0.6423787189519384,0.694358130696273,0.4767908587985407,0.6729412148140641,0.665038246090515,0.7029607248478036,0.6101484926849425,0.6903350378723451,0.6739469973905561,0.6947880449847251,0.5742002983785796,0.46044747958364024,0.6637947087514373,0.690879340398892,0.6260819848615022,0.6098205672860733,0.6208236297576178,0.6998425439362489,0.5519559530078898,0.7037559704176463,0.7046286945073864,0.6764234058089587,0.5717342703574974,0.6153980891860084,0.6093993689822951,0.6465534275373865,0.5935188475243307,0.6703687219223883
ADBE,0.3703246208292801,0.5515059988307855,0.46816125592521196,0.4777595114845263,0.4197050461464327,0.4215705118853504,0.6341962275865938,0.4233035354211713,0.7013824021335575,0.631206827935287,0.6000679609888064,0.6392190186055302,0.49818646021164353,0.4375354959386818,0.6306879356489282,0.5414705393885988,0.0,0.5277976718732822,0.36194009872306127,0.6142520221610138,0.6883997423010985,0.5322021868945694,0.584627358339035,0.6954715119298759,0.6940086967261232,0.6621061289273665,0.6442049324595694,0.6023389847332301,0.659593178023061,0.5097362466360555,0.3591737441824248,0.5455211890387858,0.6307161121292904,0.5598985688456051,0.647999521568249,0.5989322653424425,0.6748905879108207,0.5029340283958841,0.6731935160827848,0.6272132836227097,0.6941613177850032,0.5064512516209339,0.5835751270128595,0.5538343883818536,0.6189878745734082,0.5617625324441697,0.6206449925258972
INTC,0.4277483685834101,0.5266961896568114,0.5281277563609031,0.503892311824755,0.465894275762344,0.4620162578340856,0.5577591416523875,0.5181620152882852,0.5997927883110595,0.6075409513109125,0.623584183351905,0.5296341541254638,0.4943891898886498,0.41075201532013,0.6533499162783752,0.5198542062578129,0.5277976718732822,0.0,0.5036660612929654,0.7055336854123306,0.6278987839515023,0.49152815381104176,0.5921158135376225,0.5810403274098384,0.6358276542722744,0.6228141343203513,0.6331053959079923,0.6192598754458573,0.7044635025827634,0.47370970073981855,0.5566916611082672,0.4889118487228805,0.6601423846263764,0.510582380813654,0.6455223409603673,0.5856658436604104,0.6449829186998801,0.5104945288922388,0.6908668059303296,0.6277359901217294,0.572289974695266,0.4580880343726825,0.5194739031072643,0.46677955803088883,0.6064396106658827,0.41921254740823605,0.6085653584529491
PYPL,0.41747146996718065,0.5930971121298816,0.4819463825612049,0.47752015422502697,0.39564726969867453,0.399363118268629,0.6042752277492559,0.3908136658787933,0.6557770858293411,0.6134499607793753,0.6009422511366377,0.5969003419622865,0.4672543078989751,0.4155779595409665,0.6684479967759415,0.5033722929456895,0.36194009872306127,0.5036660612929654,0.0,0.6803474386923769,0.6182677399588647,0.5041964313849746,0.590852681376919,0.6301533975909898,0.6500443150326349,0.6473818816930071,0.5917491109659736,0.6061237080981702,0.6663104921415713,0.4777963224331112,0.4080683404812853,0.5679054488423493,0.6912359080028462,0.5115945153192787,0.6114319897780868,0.6436436489026973,0.6671963169546304,0.4580847462821448,0.6876094489790143,0.6348315286946403,0.6628413827993234,0.46712554697256287,0.5869387426884642,0.5200744989375448,0.6360568744829808,0.5573530956005144,0.6601887648355141
T,0.6856462193396744,0.6920625344953185,0.6352084657255401,0.5508735224642632,0.6739331870954581,0.6832025202731592,0.6032761507308476,0.6230960488344084,0.5855815322171969,0.6786244395427404,0.6735978084083314,0.6392593834419884,0.6503886649801649,0.6684912728079484,0.4846093421767589,0.6423787189519384,0.6142520221610138,0.7055336854123306,0.6803474386923769,0.0,0.6381192627823709,0.6478915053715822,0.6167901254669148,0.5584303969042174,0.6554514776711705,0.6712263006840656,0.6269349394881661,0.6749997623522206,0.6749937828045155,0.6540314352132789,0.6558436114004547,0.6982482197305158,0.6966848414631317,0.5647078616381804,0.6824471870877332,0.6348205478409861,0.6504947315681635,0.6458978279303605,0.6882340127391768,0.6528028564060052,0.6168297687634108,0.6997460776346197,0.6369882547170588,0.61201662526354,0.6352017265771274,0.606256621254787,0.6962093811574646
PFE,0.6176012482004669,0.6363662141560904,0.6813269748396912,0.6591020018284746,0.6707914795338031,0.6704130424808119,0.49944725165690423,0.6463102168876901,0.575362467933085,0.6474344959345143,0.6113220559482229,0.6036262457474596,0.6955458343417961,0.6210083620025351,0.5436881853914204,0.694358130696273,0.6883997423010985,0.6278987839515023,0.6182677399588647,0.6381192627823709,0.0,0.6850373634618501,0.44793819480791336,0.6946639914440812,0.5920798355451424,0.6611265419862098,0.5427064302539634,0.5952754565639354,0.6407774632909174,0.577256652522096,0.6852700539677389,0.6626333431624241,0.621535556350602,0.5905201421612687,0.6124473905245745,0.5084766772721888,0.6075166465065752,0.6296623186826521,0.6652358244536662,0.4727502186035642,0.5930154358636565,0.6563543939196647,0.6141939289029615,0.5681485071506046,0.6587958720657888,0.6679511589808332,0.6584113851835904
CSCO,0.453705380726042,0.5827610411763433,0.48565864477642007,0.5634006443722,0.47892788132152186,0.47175607764377775,0.5738891988453372,0.5018923000620202,0.691461699903799,0.5884971503344544,0.6507031843238691,0.6064916263180572,0.5166650479044383,0.5087679522884889,0.650125647863744,0.4767908587985407,0.5322021868945694,0.49152815381104176,0.5041964313849746,0.6478915053715822,0.6850373634618501,0.0,0.6313632739129239,0.618990991328947,0.7038776537212944,0.5662952286813505,0.6774304585194962,0.6557452542060267,0.6932017627255384,0.5614432415842093,0.4883153472152758,0.6015953912284531,0.6368075655563571,0.5564818698946769,0.6298384202727682,0.6639581841014844,0.6816925178175072,0.5069283016070265,0.6875840268911121,0.7030236342115428,0.6826249845015449,0.5317124814161375,0.5711439019535719,0.5326691441080041,0.6698271346700468,0.5289671993543729,0.6397410479794686
MRK,0.5758122300054715,0.7046447509797441,0.660272204613827,0.6742253435446025,0.5985505324190593,0.5941902819457704,0.4289986402427766,0.6080988234493948,0.5505868192692603,0.6210781711754878,0.6050489295822804,0.5632951893488144,0.6430546912143537,0.6168368868350963,0.5697478333542569,0.6729412148140641,0.584627358339035,0.5921158135376225,0.590852681376919,0.6167901254669148,0.44793819480791336,0.6313632739129239,0.0,0.600763297169215,0.6285884084527545,0.6308302893750458,0.5342920562441106,0.620440379506122,0.6368555205556983,0.5336764093704645,0.6419912983996902,0.5998034658973486,0.6662831047058229,0.514280731173569,0.6137463429599763,0.46746599324818744,0.5793862853037941,0.5475297095044125,0.6869272383777267,0.516652781647169,0.6056863517186635,0.5924585958436727,0.6064676272219685,0.5097950713751422,0.6191148920102976,0.6084439634410014,0.5945505335970703
CMCSA,0.6310914524340172,0.6480317456128105,0.6919981236105256,0.6919210936874524,0.6052189689155993,0.6036025824153443,0.570510099515261,0.6529826051662484,0.6553101007019657,0.6689806924570763,0.6615162254672965,0.6034913501906316,0.6668667934599062,0.6849716246442504,0.6262034664978493,0.665038246090515,0.6954715119298759,0.5810403274098384,0.6301533975909898,0.5584303969042174,0.6946639914440812,0.618990991328947,0.600763297169215,0.0,0.6389201419200448,0.6530289603836331,0.6807306418022969,0.6063715079506404,0.6923374985911314,0.5648385985515896,0.6781612918371392,0.6435458427285914,0.6422671320344168,0.5509611955697239,0.6659032912687224,0.6266913171479395,0.6814806162424177,0.6307323036258043,0.6942091665343831,0.6127005386246244,0.5499122478735385,0.5814166240656393,0.5563698093241389,0.5928869635533126,0.6819271419320829,0.5849401150637624,0.6646981911147453
PEP,0.6810253074203251,0.6969460577015,0.6973843210485943,0.6609186237805665,0.6878248370148495,0.689581606677217,0.5606611403564731,0.6634253166148011,0.38070002860475166,0.6866882560994754,0.6469150991905055,0.6121861526209295,0.7041588096074219,0.6757725800776496,0.5896737225274324,0.7029607248478036,0.6940086967261232,0.6358276542722744,0.6500443150326349,0.6554514776711705,0.5920798355451424,0.7038776537212944,0.6285884084527545,0.6389201419200448,0.0,0.6598060776654882,0.43056540926381104,0.641753434462548,0.597879345400724,0.6340661851513902,0.7039601527249685,0.6478263716090795,0.6898175849262389,0.6482939614093827,0.6426653427202461,0.6379949422449174,0.5880685851900724,0.6457105739999731,0.5249578422732368,0.6008013239259127,0.6177125552864243,0.5796284115699089,0.6464422340428533,0.6208160363125983,0.5910768756726625,0.6756345296660812,0.682945652407436
BAC,0.6026033358387937,0.6692923786892663,0.6163456825143231,0.6396959668015904,0.579514550098712,0.5728413623231012,0.6060046716740102,0.606791190606235,0.7007423354049139,0.18046759714957764,0.6637926573297421,0.6396582054304945,0.6187057288626638,0.6261764760944631,0.6581141103005731,0.6101484926849425,0.6621061289273665,0.6228141343203513,0.6473818816930071,0.6712263006840656,0.6611265419862098,0.5662952286813505,0.6308302893750458,0.6530289603836331,0.6598060776654882,0.0,0.7016167404329336,0.6253756910356467,0.7011078070023082,0.6176214967963709,0.6551063220541652,0.6398503197105421,0.6442694358490969,0.6079389643785125,0.6565471596287809,0.6388756749076429,0.6868830712023227,0.5654862176745098,0.5501428535141388,0.6528850024198539,0.6780637311615761,0.5947960001606374,0.6128339668785734,0.6543398562728541,0.6488600850435104,0.6798680046945725,0.6707027443826247
KO,0.6178821015050253,0.7067516636168343,0.6276670170577038,0.6447436103493526,0.6233545748705579,0.6254654240688617,0.5408927733371973,0.6371413602734914,0.4389746381096753,0.6882326322592057,0.6182163939632397,0.5674027621080515,0.6866145955010333,0.627860920310041,0.5716639083149067,0.6903350378723451,0.6442049324595694,0.6331053959079923,0.5917491109659736,0.6269349394881661,0.5427064302539634,0.6774304585194962,0.5342920562441106,0.6807306418022969,0.43056540926381104,0.7016167404329336,0.0,0.6696997465247526,0.6420891454971992,0.595163964439848,0.6713192602290614,0.6129441077870054,0.6811897069880336,0.5848413294000189,0.611048582684159,0.5431516318069244,0.5778591474060241,0.5462212958694114,0.6016930712012116,0.5645282325316355,0.6461903091689977,0.6004510770938057,0.6133556276161585,0.5447295719200339,0.5815256827986289,0.6966917717938174,0.6201593746559414
XOM,0.6320830703487831,0.6353087825477901,0.6815977088969638,0.5988127156269103,0.5936281468201926,0.5982520444540074,0.5787629770339455,0.5588885925429437,0.6266908983580411,0.607496752976719,0.601684193744027,0.6483950739164897,0.5911779749607308,0.6487355493793927,0.700097258596296,0.6739469973905561,0.6023389847332301,0.6192598754458573,0.6061237080981702,0.6749997623522206,0.5952754565639354,0.6557452542060267,0.620440379506122,0.6063715079506404,0.641753434462548,0.6253756910356467,0.6696997465247526,0.0,0.65309065132375,0.5654486328381328,0.6626294304040705,0.5815432688200025,0.4410675009067074,0.5414530796890014,0.5896273255321792,0.5923449326398291,0.633277410891652,0.5922465392646052,0.6821129305967502,0.5705244495300412,0.6392881131990592,0.4881020853903017,0.6291390886648296,0.5473391948471135,0.6834817994769802,0.6305673701164913,0.6771470764908296
WMT,0.6704766267440506,0.6950852619219781,0.686018757442081,0.6629627265399073,0.6785791126524124,0.692895138734382,0.6207845729565524,0.7011135281431013,0.6107834555475908,0.6986995702006917,0.6256604927145094,0.569316180892024,0.7034509337917527,0.653752976866157,0.6451602338219875,0.6947880449847251,0.659593178023061,0.7044635025827634,0.6663104921415713,0.6749937828045155,0.6407774632909174,0.6932017627255384,0.6368555205556983,0.6923374985911314,0.597879345400724,0.7011078070023082,0.6420891454971992,0.65309065132375,0.0,0.6859063122337868,0.6686381053200519,0.664732101635839,0.671963617054064,0.6467046101001813,0.613727824567465,0.6167131978629238,0.5090497917256765,0.6811964300090909,0.6633117223796642,0.6942606631845114,0.6395209092351094,0.6558024434636601,0.6738000086386375,0.6080867849915548,0.704607416764563,0.6935449881579188,0.6845753263258917
ABT,0.4007221921017956,0.5947465547423759,0.5070811680597421,0.5241398718514338,0.4201933461856436,0.413200282103759,0.46641052286591084,0.4983830616323194,0.5973704866448987,0.6031986336250258,0.5513977001296165,0.4390261656020647,0.5486777275108081,0.46093695166929016,0.5583880543025347,0.5742002983785796,0.5097362466360555,0.47370970073981855,0.4777963224331112,0.6540314352132789,0.577256652522096,0.5614432415842093,0.5336764093704645,0.5648385985515896,0.6340661851513902,0.6176214967963709,0.595163964439848,0.5654486328381328,0.6859063122337868,0.0,0.5611391803252817,0.4707398792127933,0.6220703553987932,0.38554923055156076,0.6445801634820529,0.538684013234079,0.6156579340519936,0.44909429853945093,0.6987327221259969,0.5174564768607379,0.5944832359103134,0.4576060683684335,0.40265016790275027,0.33592271313349287,0.6640307561270321,0.5154889341160859,0.6282961721272561
CRM,0.41058564495436217,0.5368860995801066,0.41582315333217523,0.46572831471333764,0.42349061626633994,0.41726274365301264,0.641663937049998,0.3739730222637663,0.6991644106195208,0.6168830335988357,0.5878190198832074,0.64509225052719,0.39843741382147446,0.4421663766332395,0.636060385135876,0.46044747958364024,0.3591737441824248,0.5566916611082672,0.4080683404812853,0.6558436114004547,0.6852700539677389,0.4883153472152758,0.6419912983996902,0.6781612918371392,0.7039601527249685,0.6551063220541652,0.6713192602290614,0.6626294304040705,0.6686381053200519,0.5611391803252817,0.0,0.5743946548182411,0.7013252928266284,0.6222460348072395,0.6383571733204234,0.6683770615316419,0.7046381987200547,0.5115598904166365,0.7005894112597799,0.689807452046327,0.6737429849012553,0.5301766540958702,0.6055040441382837,0.6005930436892664,0.6628777482537237,0.5766906181599378,0.6399449784341292
ABBV,0.476494898322418,0.6304767943784525,0.5478019475824609,0.5299352581314307,0.5678117344667409,0.5616423653788752,0.5460898484824007,0.5319135125893919,0.5765001798724344,0.6187679672196783,0.49352768180273726,0.5332771980382379,0.5936768146997747,0.527511625219123,0.6290129603236694,0.6637947087514373,0.5455211890387858,0.4889118487228805,0.5679054488423493,0.6982482197305158,0.6626333431624241,0.6015953912284531,0.5998034658973486,0.6435458427285914,0.6478263716090795,0.6398503197105421,0.6129441077870054,0.5815432688200025,0.664732101635839,0.4707398792127933,0.5743946548182411,0.0,0.5569848533216766,0.5116484220177702,0.6891464080787614,0.5842503926141532,0.583544037537685,0.5536205684015539,0.687267747212492,0.5915588935713609,0.6040661807014525,0.48897055290996055,0.5851659405382285,0.4454509488424525,0.6271644741767766,0.5517268724715638,0.6346258859738975
CVX,0.6338348333281674,0.6613021341418526,0.6160080844808108,0.6401995728196826,0.6541501469584715,0.6496319062396894,0.6511150952119418,0.6431995255979162,0.6735169551203011,0.6485305403333879,0.5877081922517752,0.634700542575471,0.6693305062107106,0.6626320240717453,0.6488658526675181,0.690879340398892,0.6307161121292904,0.6601423846263764,0.6912359080028462,0.6966848414631317,0.621535556350602,0.6368075655563571,0.6662831047058229,0.6422671320344168,0.6898175849262389,0.6442694358490969,0.6811897069880336,0.4410675009067074,0.671963617054064,0.6220703553987932,0.7013252928266284,0.5569848533216766,0.0,0.5751801584206004,0.623128549152856,0.6181012002985066,0.5974087771041443,0.6309412797113958,0.6703502992006274,0.6409490160756938,0.676753407738247,0.610202583031477,0.7034069681375004,0.5718632383105493,0.6752278312667243,0.6702754294577618,0.6788357229845943
TMO,0.5261090628760409,0.5680215199250914,0.5894734100255766,0.6354585531044561,0.5305138627456455,0.5197111232377386,0.49794175356803766,0.5452572228503249,0.593085920480686,0.5887737730858535,0.5424167859198389,0.44723226290467166,0.5506450462966368,0.5437119737856932,0.5708643296480517,0.6260819848615022,0.5598985688456051,0.510582380813654,0.5115945153192787,0.5647078616381804,0.5905201421612687,0.5564818698946769,0.514280731173569,0.5509611955697239,0.6482939614093827,0.6079389643785125,0.5848413294000189,0.5414530796890014,0.6467046101001813,0.38554923055156076,0.6222460348072395,0.5116484220177702,0.5751801584206004,0.0,0.6123441259038528,0.46966983890195424,0.6089021540832302,0.4643641157074129,0.6234820698249126,0.5477606948991842,0.6195239270575207,0.48366552072859426,0.5436371981723718,0.2893814360565769,0.620931793437199,0.4818394399599699,0.6055282770560192
MCD,0.6795083794434268,0.5929919550222748,0.6387830347236725,0.6465098262230895,0.6418416544129615,0.6400794462830169,0.5833455218197521,0.5548076437151631,0.5857129889071765,0.6428524460991271,0.6133346108885392,0.6222607134431901,0.6012862985976015,0.5872310978897815,0.6969015843810875,0.6098205672860733,0.647999521568249,0.6455223409603673,0.6114319897780868,0.6824471870877332,0.6124473905245745,0.6298384202727682,0.6137463429599763,0.6659032912687224,0.6426653427202461,0.6565471596287809,0.611048582684159,0.5896273255321792,0.613727824567465,0.6445801634820529,0.6383571733204234,0.6891464080787614,0.623128549152856,0.6123441259038528,0.0,0.6503395769983432,0.5607856418104898,0.6468009619163385,0.680361763720693,0.675873280366355,0.6712451796744566,0.6003137036650102,0.6538581641336594,0.5739099146178454,0.6355677076896937,0.6500833010730135,0.6539957883115841
AMGN,0.5557624931082055,0.6391452165284613,0.61430794376445,0.6123312093268631,0.5868456534025158,0.5756934728988438,0.5352772699630279,0.647090524219072,0.6059451034991623,0.6362648743877874,0.5701187133569886,0.5080017027311624,0.6598513858011328,0.615291573602898,0.5605038066901634,0.6208236297576178,0.5989322653424425,0.5856658436604104,0.6436436489026973,0.6348205478409861,0.5084766772721888,0.6639581841014844,0.46746599324818744,0.6266913171479395,0.6379949422449174,0.6388756749076429,0.5431516318069244,0.5923449326398291,0.6167131978629238,0.538684013234079,0.6683770615316419,0.5842503926141532,0.6181012002985066,0.46966983890195424,0.6503395769983432,0.0,0.5615721269116035,0.6099537182409805,0.7045870613901931,0.42838949407069254,0.70502117343819,0.592864612617322,0.5839086001540263,0.5070593042971906,0.6080167099167908,0.5825438307629139,0.6086824991117956
COST,0.673790610479498,0.6800004270996307,0.6595781664405344,0.676741684288855,0.6420954461010167,0.6334996836946376,0.5732200516781217,0.6800952161380257,0.47845062309061176,0.6634159530423077,0.5601476620679784,0.5535765602478152,0.6851535681346815,0.6879914720592207,0.6064417812325077,0.6998425439362489,0.6748905879108207,0.6449829186998801,0.6671963169546304,0.6504947315681635,0.6075166465065752,0.6816925178175072,0.5793862853037941,0.6814806162424177,0.5880685851900724,0.6868830712023227,0.5778591474060241,0.633277410891652,0.5090497917256765,0.6156579340519936,0.7046381987200547,0.583544037537685,0.5974087771041443,0.6089021540832302,0.5607856418104898,0.5615721269116035,0.0,0.6712196121212766,0.6818075978860021,0.6171766492287902,0.6536421640536371,0.609279266383869,0.665868570141034,0.5755523814969707,0.5737022426810784,0.6033731032195497,0.6586994988885033
ACN,0.46173495208532744,0.584248816350464,0.4773634328121469,0.5741128981977682,0.4837850789446878,0.4751716342419733,0.5492286239419032,0.46792062974795384,0.5990768315828473,0.5414525519145167,0.5657647027305197,0.5921991299111634,0.4618502166405843,0.5012413939279425,0.5821261619700671,0.5519559530078898,0.5029340283958841,0.5104945288922388,0.4580847462821448,0.6458978279303605,0.6296623186826521,0.5069283016070265,0.5475297095044125,0.6307323036258043,0.6457105739999731,0.5654862176745098,0.5462212958694114,0.5922465392646052,0.6811964300090909,0.44909429853945093,0.5115598904166365,0.5536205684015539,0.6309412797113958,0.4643641157074129,0.6468009619163385,0.6099537182409805,0.6712196121212766,0.0,0.659945622492098,0.5793940883964593,0.5967320834960023,0.507446214408037,0.5664248898646781,0.4718938974895892,0.6084076835305812,0.579051830573467,0.6673650976246098
NEE,0.6831723600298927,0.6873630319478942,0.7020796451247816,0.6387745714486616,0.7020890977175521,0.6958855934076742,0.6860312025789375,0.6832305893029282,0.6138287921086386,0.5639016081397265,0.6761411603673577,0.6754157403630325,0.6629598949804668,0.6978654302380571,0.6279861298146511,0.7037559704176463,0.6731935160827848,0.6908668059303296,0.6876094489790143,0.6882340127391768,0.6652358244536662,0.6875840268911121,0.6869272383777267,0.6942091665343831,0.5249578422732368,0.5501428535141388,0.6016930712012116,0.6821129305967502,0.6633117223796642,0.6987327221259969,0.7005894112597799,0.687267747212492,0.6703502992006274,0.6234820698249126,0.680361763720693,0.7045870613901931,0.6818075978860021,0.659945622492098,0.0,0.6671182815321924,0.6713275679423852,0.6856426948091622,0.6672949874950466,0.7023934422238497,0.6741572665574973,0.6462183497027133,0.6822930875406698
LLY,0.6077947509941373,0.6954254854980142,0.648095001957851,0.5884725558398842,0.6326167579888433,0.631203961387113,0.49728044715483727,0.6278098447071454,0.6487608525812609,0.6498598346142301,0.5578834718184282,0.5835537559582479,0.6843683584255025,0.6505333534428757,0.5396188821216608,0.7046286945073864,0.6272132836227097,0.6277359901217294,0.6348315286946403,0.6528028564060052,0.4727502186035642,0.7030236342115428,0.516652781647169,0.6127005386246244,0.6008013239259127,0.6528850024198539,0.5645282325316355,0.5705244495300412,0.6942606631845114,0.5174564768607379,0.689807452046327,0.5915588935713609,0.6409490160756938,0.5477606948991842,0.675873280366355,0.42838949407069254,0.6171766492287902,0.5793940883964593,0.6671182815321924,0.0,0.603092845166409,0.5930279429801085,0.5751516145569882,0.5665932742902372,0.6589844665701218,0.6391880568554029,0.6705005843568058
BMY,0.6724856710264578,0.6866258794077386,0.6821774384209514,0.6929067446050954,0.6915029956889365,0.6872554853311333,0.5160936526214244,0.6711056861357692,0.5787488702524743,0.681665278197833,0.6956554256176803,0.6637146401624477,0.6924872812173177,0.6922049514803789,0.6040317030462217,0.6764234058089587,0.6941613177850032,0.572289974695266,0.6628413827993234,0.6168297687634108,0.5930154358636565,0.6826249845015449,0.6056863517186635,0.5499122478735385,0.6177125552864243,0.6780637311615761,0.6461903091689977,0.6392881131990592,0.6395209092351094,0.5944832359103134,0.6737429849012553,0.6040661807014525,0.676753407738247,0.6195239270575207,0.6712451796744566,0.70502117343819,0.6536421640536371,0.5967320834960023,0.6713275679423852,0.603092845166409,0.0,0.6020921979099549,0.6059936212786168,0.6138038939384889,0.6025861433577592,0.5967984546737655,0.6769664351560256
LIN,0.5049787297721497,0.5659691239874234,0.5580431930047853,0.4615466641311355,0.46639180624243237,0.46212781845413753,0.5311337520557997,0.40798491436412737,0.5825935569625585,0.5936713815499889,0.5630076371360817,0.49053650425377865,0.49545800283417896,0.5138013273078735,0.6684238159437533,0.5717342703574974,0.5064512516209339,0.4580880343726825,0.46712554697256287,0.6997460776346197,0.6563543939196647,0.5317124814161375,0.5924585958436727,0.5814166240656393,0.5796284115699089,0.5947960001606374,0.6004510770938057,0.4881020853903017,0.6558024434636601,0.4576060683684335,0.5301766540958702,0.48897055290996055,0.610202583031477,0.48366552072859426,0.6003137036650102,0.592864612617322,0.609279266383869,0.507446214408037,0.6856426948091622,0.5930279429801085,0.6020921979099549,0.0,0.5762548327214263,0.46510645635625136,0.635704799803612,0.5127478035255524,0.611060795089123
MDT,0.47228387238932334,0.6233619072210981,0.5697321984290381,0.5689737100374951,0.5078074668704293,0.5115747594850035,0.5450031405819388,0.5800600368938674,0.6236622297933099,0.6088340963913451,0.6487100789157002,0.6013793278813346,0.6233429593098723,0.49990021856569694,0.5981482044364899,0.6153980891860084,0.5835751270128595,0.5194739031072643,0.5869387426884642,0.6369882547170588,0.6141939289029615,0.5711439019535719,0.6064676272219685,0.5563698093241389,0.6464422340428533,0.6128339668785734,0.6133556276161585,0.6291390886648296,0.6738000086386375,0.40265016790275027,0.6055040441382837,0.5851659405382285,0.7034069681375004,0.5436371981723718,0.6538581641336594,0.5839086001540263,0.665868570141034,0.5664248898646781,0.6672949874950466,0.5751516145569882,0.6059936212786168,0.5762548327214263,0.0,0.5187300477121088,0.6343574817794916,0.5889084881713368,0.6348689629420629
DHR,0.48284058150678794,0.5863886933410448,0.5564075261510824,0.5862741134027586,0.5084231483750961,0.49783881507457695,0.4647703376777038,0.5202941357929303,0.5202455772367955,0.6269366253150227,0.4901749370608813,0.4215402657647221,0.5534304047353783,0.5170671276014663,0.5665684523426214,0.6093993689822951,0.5538343883818536,0.46677955803088883,0.5200744989375448,0.61201662526354,0.5681485071506046,0.5326691441080041,0.5097950713751422,0.5928869635533126,0.6208160363125983,0.6543398562728541,0.5447295719200339,0.5473391948471135,0.6080867849915548,0.33592271313349287,0.6005930436892664,0.4454509488424525,0.5718632383105493,0.2893814360565769,0.5739099146178454,0.5070593042971906,0.5755523814969707,0.4718938974895892,0.7023934422238497,0.5665932742902372,0.6138038939384889,0.46510645635625136,0.5187300477121088,0.0,0.6037123048457221,0.4786798425529796,0.623317089952794
PM,0.6448772597286275,0.6022165280254789,0.7068860669167562,0.6949786374232206,0.6973413325918353,0.7030131255214104,0.6226614706781082,0.6599357775718807,0.4576665518175136,0.6609528863359541,0.6415859728232225,0.6551043537630609,0.6822648827359961,0.5771685766330897,0.6349882876839695,0.6465534275373865,0.6189878745734082,0.6064396106658827,0.6360568744829808,0.6352017265771274,0.6587958720657888,0.6698271346700468,0.6191148920102976,0.6819271419320829,0.5910768756726625,0.6488600850435104,0.5815256827986289,0.6834817994769802,0.704607416764563,0.6640307561270321,0.6628777482537237,0.6271644741767766,0.6752278312667243,0.620931793437199,0.6355677076896937,0.6080167099167908,0.5737022426810784,0.6084076835305812,0.6741572665574973,0.6589844665701218,0.6025861433577592,0.635704799803612,0.6343574817794916,0.6037123048457221,0.0,0.5583838875337304,0.6862115953810134
