,MSFT,AAPL,AMZN,FB,GOOGL,GOOG,JNJ,V,PG,JPM,HD,UNH,MA,NVDA,VZ,NFLX,ADBE,INTC,PYPL,T,PFE,CSCO,MRK,CMCSA,PEP,BAC,KO,XOM,WMT,ABT,CRM,ABBV,CVX,TMO,MCD,AMGN,COST,ACN,NEE,LLY,BMY,LIN,MDT,DHR,PM,TXN,NKE
MSFT,0.0,0.4517208957371639,0.6093247075705445,0.574950058984424,0.5068573422066,0.5106446042800783,0.6018821673785569,0.41842211416308056,0.6214399731650959,0.5112011401235496,0.5554049311616202,0.6367353380859297,0.38484982521707223,0.48624586439526885,0.6391606251402461,0.5419335479091082,0.4063487961322128,0.6108780070708228,0.4084022828049087,0.6899874911559758,0.6919358774871395,0.5272367597880363,0.5555017909831339,0.5798714424194904,0.5717679816399558,0.5482350944412137,0.5275178072438519,0.6629165894810244,0.6524442959141623,0.6042041876671009,0.49648490030893794,0.6160744804321198,0.591391173520322,0.6012639415285269,0.5555604274965736,0.5976183393260724,0.6168591552780855,0.4300757440991987,0.6857242614215044,0.5970574298326139,0.5891979566661258,0.4688139583045252,0.5566967956393063,0.521356592257434,0.5856881121104129,0.5494658306226738,0.5984977441022316
AAPL,0.4517208957371639,0.0,0.693298646259749,0.4922015076153356,0.5432835313390524,0.5458875741010439,0.5850480097848256,0.46068724482318785,0.6732443345266075,0.45698726217252233,0.5592987634647554,0.5478761786280718,0.4313910861913803,0.49106879438067697,0.6625959168439879,0.6029468964190929,0.4456412004956782,0.5131447455746744,0.4396962447225474,0.6922022787420616,0.675642203836894,0.4941083133184404,0.6635930508530736,0.5738633255543122,0.628288581122892,0.461749087777776,0.6458564089112258,0.5429890467790977,0.6690394133972426,0.5397114415222432,0.586576340467375,0.6255839745145413,0.5328941978308327,0.5405888953443787,0.5459626197573136,0.5268244115979696,0.6202570891886506,0.5104597929557342,0.6064877290266593,0.6035134662397397,0.6005908116690716,0.5015412860356783,0.5102608580459262,0.4945158253956382,0.5923370783836428,0.47592845660347727,0.48818771942260214
AMZN,0.6093247075705445,0.693298646259749,0.0,0.697293973453537,0.6541022374257062,0.6589715825458768,0.668267737310698,0.6686648324288381,0.621274034148573,0.6961903035263608,0.6942929954860243,0.6820018243738423,0.6989692926813662,0.6570650081545188,0.6820742257257489,0.6404072347566078,0.6506416527894938,0.6886283914333204,0.6575610736834702,0.6647262220731127,0.7025247656760782,0.6579579156720753,0.7053147590099145,0.6853770088922317,0.6517251092862522,0.6707935014613848,0.7040982777733416,0.6503571323219824,0.6504233464777551,0.6817816373341491,0.6288678451333881,0.6124523368397238,0.6555852480656338,0.6977620826985576,0.6843502611292923,0.6231432687417158,0.6835868074347535,0.6888240048915203,0.6206294053366599,0.6480247211651832,0.6778838373034226,0.688402161810815,0.6684027712570382,0.6087809087041557,0.7065155322782217,0.7003072586584428,0.7056404378867448
FB,0.574950058984424,0.4922015076153356,0.697293973453537,0.0,0.5719915949518612,0.5732428070041925,0.6259109969401433,0.5428314803916082,0.7032096696475304,0.6663667726392367,0.616801999355875,0.6082075206638656,0.5661151108340835,0.5908296708222189,0.6815212387807564,0.6016593524635536,0.6013505842860681,0.6606408016010207,0.5228834734015446,0.6671984390836961,0.6951675033621616,0.635744219530384,0.6231499446955366,0.6596278616232268,0.7060914223530704,0.6745536121451914,0.6230299051067466,0.6756197977821148,0.6842284220233877,0.6623438948225199,0.6325355572876441,0.6212162628748974,0.6793437969458538,0.4802866289916209,0.6434487533863833,0.5915843108651506,0.6166579579892649,0.6069500199565395,0.6692779792313568,0.6229357028667377,0.6677505607105304,0.5766785773437181,0.6514402555547536,0.6227378726170335,0.6155453601299516,0.622896544253186,0.5223738224230994
GOOGL,0.5068573422066,0.5432835313390524,0.6541022374257062,0.5719915949518612,0.0,0.03587875151653417,0.6586784013775607,0.5331250014568238,0.671458867454678,0.5734599808489337,0.5549952055364858,0.6491851188619865,0.4690927176283137,0.545741357122172,0.7047765695948832,0.6193371387817924,0.5483102576072756,0.6486951324916064,0.5390777205598728,0.7046633382733029,0.7047088578816052,0.5860672880148203,0.5993985055662209,0.7047213733723008,0.6122425483343978,0.6244621691920519,0.6519484248142648,0.6200352653997515,0.673330046153348,0.6233637340613742,0.5541006296347062,0.6188195418692365,0.6434713032016762,0.5985234244468579,0.5393385336535435,0.6413304108655142,0.6661476795432832,0.6066740996862573,0.6976409516548548,0.6761692195501426,0.568834587403804,0.5465923389875896,0.5865855181187266,0.5966329305252994,0.5626348182684152,0.5760842998292277,0.5600330476897456
GOOG,0.5106446042800783,0.5458875741010439,0.6589715825458768,0.5732428070041925,0.03587875151653417,0.0,0.6577214061227531,0.5310705525932875,0.6725664553992401,0.5682210178920447,0.5558038733105451,0.6465125756318967,0.46866166340570586,0.5478201543041645,0.7037174844113921,0.6261548897753731,0.5505885275650886,0.6522491083499671,0.5392062083363267,0.7059347860168433,0.7050756066658903,0.5901459197833793,0.601586954967682,0.7051062117448874,0.6159235423008533,0.6210842196597254,0.6555478467145712,0.6211663602264089,0.6746929997415828,0.6219519375832819,0.5592957144672615,0.6164154325390149,0.6445457738594411,0.5978554181151253,0.5364149855086291,0.6409626702073815,0.6654777828897223,0.6096544886044422,0.6920297554904518,0.6731824295388983,0.5689914778994815,0.5485007389811711,0.5804246899337558,0.5931986708776931,0.5701751017626369,0.5714089754727654,0.5550322409518346
JNJ,0.6018821673785569,0.5850480097848256,0.668267737310698,0.6259109969401433,0.6586784013775607,0.6577214061227531,0.0,0.6480508790775634,0.5958672535004237,0.5340914925493107,0.6001609883458209,0.6038778227010428,0.6364708120069099,0.606563282585317,0.6537225859591952,0.5934826507406262,0.6439320140523274,0.6366268760998879,0.6295658416162098,0.6963072436760134,0.6336534007297272,0.5553579324423047,0.6230198163544565,0.6446194532835204,0.6280457361165778,0.540598811178183,0.645725781853946,0.5695879618630735,0.6456188772094673,0.5471190882537312,0.7063087673760431,0.6651800854705459,0.5784703216602253,0.5036088470523165,0.6085660472593686,0.49436380150087755,0.6758140656641747,0.6309031571560947,0.6775934437227172,0.542351142565199,0.5557049526681019,0.5410226914233484,0.5398286970922397,0.5701484879854021,0.701093710344707,0.4959578443020096,0.5845829408875645
V,0.41842211416308056,0.46068724482318785,0.6686648324288381,0.5428314803916082,0.5331250014568238,0.5310705525932875,0.6480508790775634,0.0,0.6023116556567385,0.5693294872681066,0.5841372086814506,0.5712651642952367,0.32940223130252416,0.5233115819832481,0.6682750144906547,0.6322531076479112,0.4060195793195335,0.5966038023952038,0.40062125847451285,0.6647034675956935,0.6978491916381717,0.5576101014245444,0.6059313178265389,0.5065666789259535,0.5271840093415182,0.608329549551955,0.5508328882273569,0.6384329148711859,0.6497869878649085,0.5260605241873411,0.5024547159106244,0.6446526965194795,0.6274320365623395,0.5727326343264659,0.5281844688629177,0.5619588870762039,0.5955920976289393,0.5134868131281916,0.6747126644014401,0.5917850015028404,0.6453291352768726,0.5086235543741048,0.5747407181629394,0.4403927322755172,0.5934404893634448,0.5555214831404413,0.5503563667149127
PG,0.6214399731650959,0.6732443345266075,0.621274034148573,0.7032096696475304,0.671458867454678,0.6725664553992401,0.5958672535004237,0.6023116556567385,0.0,0.6402963265167027,0.5834038439499628,0.6901083263821334,0.590100043629785,0.6657953211344251,0.5573274644409663,0.6831880485156903,0.6238634159417098,0.6671029817337701,0.5745862682474254,0.6558874029432076,0.6479427829719341,0.7025364670406414,0.6345311737727655,0.6707131984945961,0.5027947622113895,0.6607827694121005,0.4594651844538378,0.6812186212307364,0.6380061696258927,0.5953430019469679,0.6760733357093873,0.6741077240441208,0.6950645197685413,0.6254236423153515,0.6579955645096015,0.6383243031341719,0.6372034819585511,0.5789431586285704,0.558306600371694,0.646816171025276,0.6083379599910629,0.5903079815272682,0.5389439028061666,0.6565032014181281,0.6505480039033233,0.6374691443546809,0.656403335336565
JPM,0.5112011401235496,0.45698726217252233,0.6961903035263608,0.6663667726392367,0.5734599808489337,0.5682210178920447,0.5340914925493107,0.5693294872681066,0.6402963265167027,0.0,0.5714106597723827,0.565565281065326,0.550279596826892,0.5411936605819709,0.6049719385388456,0.6221522059001912,0.5577039530616704,0.6147859145563953,0.5612130907754715,0.6411230978156863,0.6638687800598932,0.5170924394514792,0.6041727558755526,0.5486044846239831,0.560893729657675,0.2232112768829703,0.6172427877604565,0.473784790707417,0.5686121179583572,0.5257178654155107,0.6494816551347521,0.5500058143135439,0.42461585310106403,0.5813663042891055,0.5587467187049312,0.44473715987932144,0.6131466027141567,0.5286862755347352,0.5937429208563215,0.5367911701835227,0.5120669195486847,0.523091551202507,0.531473272648395,0.5085694849431165,0.6480589396621776,0.42260782571084266,0.5102816229122865
HD,0.5554049311616202,0.5592987634647554,0.6942929954860243,0.616801999355875,0.5549952055364858,0.5558038733105451,0.6001609883458209,0.5841372086814506,0.5834038439499628,0.5714106597723827,0.0,0.6282057112870051,0.5774985656129454,0.5615329943656953,0.6659420714845188,0.6224102252481155,0.581999493702755,0.6328611941317974,0.5811876459673581,0.546644570097736,0.6926338968062249,0.6039025004908553,0.6563447304678793,0.6184768394023987,0.6103056903812735,0.6009279683082231,0.6491291373925799,0.6466726829566755,0.6100632226977184,0.5815662826155427,0.6396202244492433,0.6212419967781839,0.5834442827627145,0.6227057275837523,0.5368519668761708,0.6436839667524922,0.5612466844759517,0.5652476261468811,0.6749898162816109,0.6286426778739685,0.5501483724796977,0.5446117442822954,0.5593148359863452,0.6919441966471298,0.5917543439062927,0.5590151721211929,0.5618750546006839
UNH,0.6367353380859297,0.5478761786280718,0.6820018243738423,0.6082075206638656,0.6491851188619865,0.6465125756318967,0.6038778227010428,0.5712651642952367,0.6901083263821334,0.565565281065326,0.6282057112870051,0.0,0.5757987559020381,0.5983603934585524,0.6862294951556915,0.6361826783884047,0.6090271443355378,0.6130978139740525,0.6188091511026685,0.6698696802181918,0.608159975693731,0.5334761336733244,0.691923584078476,0.6049179265957864,0.6484994750923446,0.522475313397882,0.6967854311499411,0.533420973776109,0.6124998014416698,0.49884474025694137,0.7040977732436708,0.5481854347156041,0.4998746415816283,0.5753554165442578,0.6022619549046008,0.4266289506460564,0.6120618371504443,0.6055252590451726,0.6459626569104259,0.5529566398417078,0.6315553739152212,0.5604027639840964,0.6208870726406936,0.6277637115080525,0.6408878628163924,0.4736581691062226,0.5712954256241028
MA,0.38484982521707223,0.4313910861913803,0.6989692926813662,0.5661151108340835,0.4690927176283137,0.46866166340570586,0.6364708120069099,0.32940223130252416,0.590100043629785,0.550279596826892,0.5774985656129454,0.5757987559020381,0.0,0.44115516570249474,0.6856946857569551,0.5616212755340333,0.34689000834026457,0.548974517198414,0.33449469328977766,0.6719911020046094,0.6802499751213453,0.5115067785904736,0.5883387512980318,0.5735585666903747,0.5472996025185928,0.5725502547510806,0.5598167970270609,0.645358840067151,0.668672014312732,0.5291490940171133,0.4814457283737813,0.6680933327733234,0.6183186086234296,0.536787080770008,0.5419096655424278,0.5801368935209607,0.6710338063478712,0.435919929818116,0.70671369322519,0.6095245818157047,0.6405919548517072,0.3964067030527137,0.499370507434533,0.5110475718383685,0.5954412052070643,0.49824421534467705,0.5391242497000608
NVDA,0.48624586439526885,0.49106879438067697,0.6570650081545188,0.5908296708222189,0.545741357122172,0.5478201543041645,0.606563282585317,0.5233115819832481,0.6657953211344251,0.5411936605819709,0.5615329943656953,0.5983603934585524,0.44115516570249474,0.0,0.6779718563811967,0.5607915972178855,0.4731058906983224,0.5491975063152952,0.4777802377999283,0.674127436804935,0.6773891291505477,0.5135977590207903,0.6672269333891561,0.6547764983428401,0.6683532917289956,0.5261101715051297,0.6524373074686628,0.5738491788733422,0.7001422373845954,0.5551799721788372,0.5628120467347719,0.6318308005493467,0.5190109833549063,0.5244347426251929,0.6516876194416514,0.5891118251466907,0.6278942814116811,0.4981786842507939,0.6392459797251813,0.6380643060523403,0.5865806618132956,0.47668357162853847,0.5975107918132625,0.5506624049742671,0.6258486489622288,0.47824679909081164,0.5904617946608568
VZ,0.6391606251402461,0.6625959168439879,0.6820742257257489,0.6815212387807564,0.7047765695948832,0.7037174844113921,0.6537225859591952,0.6682750144906547,0.5573274644409663,0.6049719385388456,0.6659420714845188,0.6862294951556915,0.6856946857569551,0.6779718563811967,0.0,0.7069455154705991,0.683969050093317,0.6522593100501141,0.6754179053660105,0.5343932745591767,0.704455376251076,0.699468574491852,0.7049738603074481,0.6286660327455859,0.5625725804903738,0.6093146837934023,0.6193728279371236,0.6333614543620936,0.6419412627398232,0.6556632819215196,0.6916599562648885,0.6759439155715066,0.6321336528206902,0.6625185687613543,0.658928361465277,0.6477475136374883,0.5521672575865827,0.6173210259151894,0.647587988239054,0.6589823070963129,0.6131445224777832,0.6560004500683386,0.6496318479302609,0.6575700545164953,0.6707281815659888,0.6262399464867627,0.6922703810460181
NFLX,0.5419335479091082,0.6029468964190929,0.6404072347566078,0.6016593524635536,0.6193371387817924,0.6261548897753731,0.5934826507406262,0.6322531076479112,0.6831880485156903,0.6221522059001912,0.6224102252481155,0.6361826783884047,0.5616212755340333,0.5607915972178855,0.7069455154705991,0.0,0.5324236587237128,0.6109301324146676,0.5097326521481902,0.6920893201598282,0.6755261712815659,0.5679280207343774,0.6997290743568878,0.6945350880586777,0.6501056007062397,0.6135915740812441,0.682218891815152,0.6529203724293577,0.6764976142773634,0.7051751773532463,0.5496557581656663,0.6757811164824625,0.633031220196406,0.6749154826218403,0.6298454281259511,0.6641527608285529,0.6507794385794525,0.5814970430569459,0.6902956896480379,0.6377315579732857,0.6837513928492753,0.5643387034183083,0.6749269223753923,0.6812248527009951,0.6859639749698743,0.6089568612984949,0.6330596651082129
ADBE,0.4063487961322128,0.4456412004956782,0.6506416527894938,0.6013505842860681,0.5483102576072756,0.5505885275650886,0.6439320140523274,0.4060195793195335,0.6238634159417098,0.5577039530616704,0.581999493702755,0.6090271443355378,0.34689000834026457,0.4731058906983224,0.683969050093317,0.5324236587237128,0.0,0.5651382109336558,0.33575439405841934,0.6975988235741764,0.6850223541320807,0.5301425836611442,0.6486464383350149,0.554998211991566,0.5990947132584181,0.5661004810170065,0.6187241358591623,0.6720490271779378,0.6693815046904449,0.5799706412580696,0.462814028847672,0.6602542101907374,0.6348858986788601,0.5734863246071513,0.6185346289237675,0.5912768264104067,0.6877230712878248,0.43245543227978817,0.6867267938077727,0.6326740442522086,0.6670093472484804,0.4980398256250416,0.5445247598691945,0.5514777669338711,0.586673617846213,0.5264840606330405,0.5498660001308943
INTC,0.6108780070708228,0.5131447455746744,0.6886283914333204,0.6606408016010207,0.6486951324916064,0.6522491083499671,0.6366268760998879,0.5966038023952038,0.6671029817337701,0.6147859145563953,0.6328611941317974,0.6130978139740525,0.548974517198414,0.5491975063152952,0.6522593100501141,0.6109301324146676,0.5651382109336558,0.0,0.5772125097649418,0.6742205750367916,0.6526541233178524,0.5503434517173238,0.6388148182329516,0.6966994155425323,0.5979277720123253,0.5701105734053228,0.6471508227025822,0.5576632644490206,0.6854245464735566,0.532929477658109,0.6724211341298217,0.7015015442549812,0.5702398545647954,0.5783182154619769,0.6754199599426606,0.6741249974695345,0.6705019475579126,0.5578607365296014,0.7006471232252309,0.67575686855965,0.69461730794644,0.553665716963991,0.6165878270956974,0.5652506618938983,0.6636356784235308,0.5446852631218253,0.6430461710536756
PYPL,0.4084022828049087,0.4396962447225474,0.6575610736834702,0.5228834734015446,0.5390777205598728,0.5392062083363267,0.6295658416162098,0.40062125847451285,0.5745862682474254,0.5612130907754715,0.5811876459673581,0.6188091511026685,0.33449469328977766,0.4777802377999283,0.6754179053660105,0.5097326521481902,0.33575439405841934,0.5772125097649418,0.0,0.671037223070779,0.7015323556592116,0.5753955715745956,0.5996075462563002,0.6490781012603052,0.5871880166989245,0.5787222567277722,0.5905903867730312,0.6848751496742139,0.6726630368971993,0.5638459918327536,0.4746509040370075,0.6579616822739369,0.663135643113793,0.5260608578173676,0.5614793931751391,0.5710649498029655,0.6512787562056305,0.46789110582305365,0.6948053017280852,0.6341862143909298,0.6644001920058595,0.48483331057591866,0.4859600873882357,0.5190758641066507,0.5877659027328309,0.5253486901241342,0.5733082399616722
T,0.6899874911559758,0.6922022787420616,0.6647262220731127,0.6671984390836961,0.7046633382733029,0.7059347860168433,0.6963072436760134,0.6647034675956935,0.6558874029432076,0.6411230978156863,0.546644570097736,0.6698696802181918,0.6719911020046094,0.674127436804935,0.5343932745591767,0.6920893201598282,0.6975988235741764,0.6742205750367916,0.671037223070779,0.0,0.7050710529027502,0.6967820904125117,0.6518455484156455,0.5687589904324543,0.6417824144238748,0.6253784621841131,0.6775095028056816,0.655231084961311,0.6407022824756584,0.6338784731409315,0.6876424860232593,0.685432032842594,0.6349711290868318,0.6699588772011148,0.6572751563402196,0.6889865866504821,0.6023347914703339,0.6452921454296882,0.6884982693456277,0.6781811283910325,0.5805750660796046,0.6735083560999233,0.6718597736449521,0.683672801050764,0.5854722043112829,0.601967614827039,0.6634307043640081
PFE,0.6919358774871395,0.675642203836894,0.7025247656760782,0.6951675033621616,0.7047088578816052,0.7050756066658903,0.6336534007297272,0.6978491916381717,0.6479427829719341,0.6638687800598932,0.6926338968062249,0.608159975693731,0.6802499751213453,0.6773891291505477,0.704455376251076,0.6755261712815659,0.6850223541320807,0.6526541233178524,0.7015323556592116,0.7050710529027502,0.0,0.6224367840196784,0.6520050701303072,0.69201849653432,0.6775590120266892,0.6490172866085047,0.6849150333501957,0.6599616144394382,0.6887204584724222,0.6620043574373979,0.6698961944551204,0.5970223997243399,0.6541854205603435,0.6688315419662365,0.7003687707773245,0.5692138191157641,0.6827764558770889,0.6966608539783058,0.6617948178523098,0.6111938492587565,0.6730769764402332,0.6930652757478076,0.6496443264820234,0.6902308961406499,0.7025728833572851,0.6380860666870002,0.698296803323276
CSCO,0.5272367597880363,0.4941083133184404,0.6579579156720753,0.635744219530384,0.5860672880148203,0.5901459197833793,0.5553579324423047,0.5576101014245444,0.7025364670406414,0.5170924394514792,0.6039025004908553,0.5334761336733244,0.5115067785904736,0.5135977590207903,0.699468574491852,0.5679280207343774,0.5301425836611442,0.5503434517173238,0.5753955715745956,0.6967820904125117,0.6224367840196784,0.0,0.6465078016946921,0.584157530430367,0.6504162685946481,0.4757328059492433,0.6705204354604287,0.5493552297912158,0.7043595421619293,0.5271253584200145,0.5693314532502285,0.5436955215540924,0.5304579737848044,0.568848309398789,0.623856712200656,0.549113259549965,0.6512692867457541,0.5689063982957681,0.6035674014964355,0.5575212527335076,0.6002704130831652,0.5505927945858482,0.6061047813327011,0.5619232843446057,0.640551826050827,0.5214395966890574,0.5452243581059923
MRK,0.5555017909831339,0.6635930508530736,0.7053147590099145,0.6231499446955366,0.5993985055662209,0.601586954967682,0.6230198163544565,0.6059313178265389,0.6345311737727655,0.6041727558755526,0.6563447304678793,0.691923584078476,0.5883387512980318,0.6672269333891561,0.7049738603074481,0.6997290743568878,0.6486464383350149,0.6388148182329516,0.5996075462563002,0.6518455484156455,0.6520050701303072,0.6465078016946921,0.0,0.692653554872344,0.6060716110047746,0.686535327428099,0.608450014476542,0.686637926133344,0.7021005697208607,0.612685067961491,0.6464420354000222,0.6437232028655188,0.6744338602928932,0.5582454449510549,0.5949855259992339,0.5859532716498941,0.6374855773317092,0.5422874138975197,0.6918813819901747,0.6208730661973989,0.6130222488578067,0.6528046611983463,0.5660831145753797,0.6143744166446,0.6799585235963523,0.692947093135285,0.6151861019872418
CMCSA,0.5798714424194904,0.5738633255543122,0.6853770088922317,0.6596278616232268,0.7047213733723008,0.7051062117448874,0.6446194532835204,0.5065666789259535,0.6707131984945961,0.5486044846239831,0.6184768394023987,0.6049179265957864,0.5735585666903747,0.6547764983428401,0.6286660327455859,0.6945350880586777,0.554998211991566,0.6966994155425323,0.6490781012603052,0.5687589904324543,0.69201849653432,0.584157530430367,0.692653554872344,0.0,0.5696814633052113,0.5365903256402429,0.6207841074613106,0.5989651986189053,0.5741136568052941,0.5879350887777134,0.5943200313829429,0.6163456068636352,0.580185200433608,0.6316505278070138,0.61916257500847,0.6104670949813716,0.5998071127879779,0.6022546658555761,0.696884058025594,0.621371889469507,0.5866926889042245,0.5622821962986952,0.6619869388232124,0.5995339089991913,0.6310930187295272,0.5524163699378366,0.5380452933673675
PEP,0.5717679816399558,0.628288581122892,0.6517251092862522,0.7060914223530704,0.6122425483343978,0.6159235423008533,0.6280457361165778,0.5271840093415182,0.5027947622113895,0.560893729657675,0.6103056903812735,0.6484994750923446,0.5472996025185928,0.6683532917289956,0.5625725804903738,0.6501056007062397,0.5990947132584181,0.5979277720123253,0.5871880166989245,0.6417824144238748,0.6775590120266892,0.6504162685946481,0.6060716110047746,0.5696814633052113,0.0,0.6060732261177523,0.40276638413104615,0.607226334866231,0.6268250836179283,0.5267751893753866,0.6823975679850356,0.6580543902733476,0.6185145576803102,0.6256670643526445,0.5872785891777463,0.6020989052844905,0.6179631197448198,0.5106810682890308,0.5757008064538865,0.638242755528045,0.6244532826803662,0.5891506297469252,0.594700546318911,0.5927572325684519,0.6277556592813358,0.5819678253305236,0.6358641828313965
BAC,0.5482350944412137,0.461749087777776,0.6707935014613848,0.6745536121451914,0.6244621691920519,0.6210842196597254,0.540598811178183,0.608329549551955,0.6607827694121005,0.2232112768829703,0.6009279683082231,0.522475313397882,0.5725502547510806,0.5261101715051297,0.6093146837934023,0.6135915740812441,0.5661004810170065,0.5701105734053228,0.5787222567277722,0.6253784621841131,0.6490172866085047,0.4757328059492433,0.686535327428099,0.5365903256402429,0.6060732261177523,0.0,0.6370400721336421,0.4327411054831855,0.589287780636498,0.5301803836257594,0.6582738426433001,0.5352692838899351,0.4195669309074416,0.5786716654907365,0.6095392648243982,0.44825207175125587,0.6263060516586881,0.5773280607644102,0.5693019312868388,0.5197527072523046,0.5430294748189884,0.5096510375046154,0.5553086327537581,0.5429694269205101,0.6239427492440706,0.3892549927349487,0.5297619887129306
KO,0.5275178072438519,0.6458564089112258,0.7040982777733416,0.6230299051067466,0.6519484248142648,0.6555478467145712,0.645725781853946,0.5508328882273569,0.4594651844538378,0.6172427877604565,0.6491291373925799,0.6967854311499411,0.5598167970270609,0.6524373074686628,0.6193728279371236,0.682218891815152,0.6187241358591623,0.6471508227025822,0.5905903867730312,0.6775095028056816,0.6849150333501957,0.6705204354604287,0.608450014476542,0.6207841074613106,0.40276638413104615,0.6370400721336421,0.0,0.6398424754692801,0.6487520999184028,0.5936195299526231,0.6308537096948842,0.6979121091392617,0.6426069530012009,0.705898524148901,0.589634070891702,0.6678774336271834,0.6245642526339589,0.573503937910806,0.581125506052317,0.6354232919652791,0.6341075814803028,0.6196186523910318,0.5709167562261164,0.5792186272523836,0.6583632824598717,0.6417059181299014,0.7029077811787857
XOM,0.6629165894810244,0.5429890467790977,0.6503571323219824,0.6756197977821148,0.6200352653997515,0.6211663602264089,0.5695879618630735,0.6384329148711859,0.6812186212307364,0.473784790707417,0.6466726829566755,0.533420973776109,0.645358840067151,0.5738491788733422,0.6333614543620936,0.6529203724293577,0.6720490271779378,0.5576632644490206,0.6848751496742139,0.655231084961311,0.6599616144394382,0.5493552297912158,0.686637926133344,0.5989651986189053,0.607226334866231,0.4327411054831855,0.6398424754692801,0.0,0.6181083091508459,0.5786121932865491,0.6882452529237052,0.6448073424890551,0.28727376536486793,0.616008381740128,0.6027919057047084,0.48951366582826195,0.6339170069379388,0.6584797532495439,0.6795080026003053,0.5875528764239133,0.567282723932287,0.5870138697115027,0.6524977877298961,0.5335496628852187,0.6595013599833262,0.4882377834647657,0.6455843306566071
WMT,0.6524442959141623,0.6690394133972426,0.6504233464777551,0.6842284220233877,0.673330046153348,0.6746929997415828,0.6456188772094673,0.6497869878649085,0.6380061696258927,0.5686121179583572,0.6100632226977184,0.6124998014416698,0.668672014312732,0.7001422373845954,0.6419412627398232,0.6764976142773634,0.6693815046904449,0.6854245464735566,0.6726630368971993,0.6407022824756584,0.6887204584724222,0.7043595421619293,0.7021005697208607,0.5741136568052941,0.6268250836179283,0.589287780636498,0.6487520999184028,0.6181083091508459,0.0,0.6195272823291401,0.6765121637438407,0.6556718463956183,0.5643595758100173,0.6917673786129738,0.6734857515591575,0.5883266281089927,0.5364398157353673,0.623659181245735,0.5846946871457045,0.6081776566314832,0.5931773920345093,0.6080640175418534,0.6874718062156376,0.6363904780457326,0.7041691812569386,0.6066697564673366,0.6857274245364858
ABT,0.6042041876671009,0.5397114415222432,0.6817816373341491,0.6623438948225199,0.6233637340613742,0.6219519375832819,0.5471190882537312,0.5260605241873411,0.5953430019469679,0.5257178654155107,0.5815662826155427,0.49884474025694137,0.5291490940171133,0.5551799721788372,0.6556632819215196,0.7051751773532463,0.5799706412580696,0.532929477658109,0.5638459918327536,0.6338784731409315,0.6620043574373979,0.5271253584200145,0.612685067961491,0.5879350887777134,0.5267751893753866,0.5301803836257594,0.5936195299526231,0.5786121932865491,0.6195272823291401,0.0,0.6796213389472439,0.623192320687104,0.5688136158663234,0.4633453745636649,0.5865335926459223,0.504433672842334,0.638416792313068,0.5780016181600527,0.6770276120783371,0.605960742043601,0.599064793403333,0.549936833744963,0.4919092889259272,0.5254891853017489,0.5915870927420801,0.4862064228343948,0.5656357654232419
CRM,0.49648490030893794,0.586576340467375,0.6288678451333881,0.6325355572876441,0.5541006296347062,0.5592957144672615,0.7063087673760431,0.5024547159106244,0.6760733357093873,0.6494816551347521,0.6396202244492433,0.7040977732436708,0.4814457283737813,0.5628120467347719,0.6916599562648885,0.5496557581656663,0.462814028847672,0.6724211341298217,0.4746509040370075,0.6876424860232593,0.6698961944551204,0.5693314532502285,0.6464420354000222,0.5943200313829429,0.6823975679850356,0.6582738426433001,0.6308537096948842,0.6882452529237052,0.6765121637438407,0.6796213389472439,0.0,0.6947292857438978,0.6908050112750657,0.6584029305785931,0.591649838171427,0.6829640581821119,0.6724014083202099,0.5855809726160855,0.6979359946484281,0.6367160991807834,0.6533848743496227,0.609215438006905,0.5954466109200381,0.5907418707696679,0.5954669621523975,0.6622037297351304,0.6365381301877115
ABBV,0.6160744804321198,0.6255839745145413,0.6124523368397238,0.6212162628748974,0.6188195418692365,0.6164154325390149,0.6651800854705459,0.6446526965194795,0.6741077240441208,0.5500058143135439,0.6212419967781839,0.5481854347156041,0.6680933327733234,0.6318308005493467,0.6759439155715066,0.6757811164824625,0.6602542101907374,0.7015015442549812,0.6579616822739369,0.685432032842594,0.5970223997243399,0.5436955215540924,0.6437232028655188,0.6163456068636352,0.6580543902733476,0.5352692838899351,0.6979121091392617,0.6448073424890551,0.6556718463956183,0.623192320687104,0.6947292857438978,0.0,0.5828521180433431,0.5951267638543706,0.6653624306175911,0.559919042618381,0.5968034527080094,0.6891514308779868,0.6196381299906822,0.6414351824607563,0.60113771480742,0.6406192135616839,0.6543505581004408,0.66254093408918,0.6016950738561372,0.5991085069093354,0.6073176656863877
CVX,0.591391173520322,0.5328941978308327,0.6555852480656338,0.6793437969458538,0.6434713032016762,0.6445457738594411,0.5784703216602253,0.6274320365623395,0.6950645197685413,0.42461585310106403,0.5834442827627145,0.4998746415816283,0.6183186086234296,0.5190109833549063,0.6321336528206902,0.633031220196406,0.6348858986788601,0.5702398545647954,0.663135643113793,0.6349711290868318,0.6541854205603435,0.5304579737848044,0.6744338602928932,0.580185200433608,0.6185145576803102,0.4195669309074416,0.6426069530012009,0.28727376536486793,0.5643595758100173,0.5688136158663234,0.6908050112750657,0.5828521180433431,0.0,0.5994989236423911,0.5894875607643282,0.4562193468986648,0.6263801385801281,0.58146488063763,0.6771519717009985,0.5941207088086177,0.5626863942104467,0.5415217607294347,0.6414211782412955,0.53995978385351,0.6535243173149053,0.4803732228515835,0.6315287086049001
TMO,0.6012639415285269,0.5405888953443787,0.6977620826985576,0.4802866289916209,0.5985234244468579,0.5978554181151253,0.5036088470523165,0.5727326343264659,0.6254236423153515,0.5813663042891055,0.6227057275837523,0.5753554165442578,0.536787080770008,0.5244347426251929,0.6625185687613543,0.6749154826218403,0.5734863246071513,0.5783182154619769,0.5260608578173676,0.6699588772011148,0.6688315419662365,0.568848309398789,0.5582454449510549,0.6316505278070138,0.6256670643526445,0.5786716654907365,0.705898524148901,0.616008381740128,0.6917673786129738,0.4633453745636649,0.6584029305785931,0.5951267638543706,0.5994989236423911,0.0,0.6186172053498298,0.4861768537618156,0.6990089822847396,0.5389396765304484,0.6614198683526067,0.6474346351934849,0.5909251011110903,0.5053219867009876,0.5001588092113868,0.5529885149531214,0.6218080660250114,0.46556958997350023,0.5222631334318651
MCD,0.5555604274965736,0.5459626197573136,0.6843502611292923,0.6434487533863833,0.5393385336535435,0.5364149855086291,0.6085660472593686,0.5281844688629177,0.6579955645096015,0.5587467187049312,0.5368519668761708,0.6022619549046008,0.5419096655424278,0.6516876194416514,0.658928361465277,0.6298454281259511,0.6185346289237675,0.6754199599426606,0.5614793931751391,0.6572751563402196,0.7003687707773245,0.623856712200656,0.5949855259992339,0.61916257500847,0.5872785891777463,0.6095392648243982,0.589634070891702,0.6027919057047084,0.6734857515591575,0.5865335926459223,0.591649838171427,0.6653624306175911,0.5894875607643282,0.6186172053498298,0.0,0.6082619688616029,0.6805651551283152,0.6436040896749488,0.6871483513388551,0.6803105612730146,0.6267142755668222,0.6177375352772371,0.5710281230951008,0.5958541369557788,0.6654391295831286,0.5835370504668573,0.5855623155192725
AMGN,0.5976183393260724,0.5268244115979696,0.6231432687417158,0.5915843108651506,0.6413304108655142,0.6409626702073815,0.49436380150087755,0.5619588870762039,0.6383243031341719,0.44473715987932144,0.6436839667524922,0.4266289506460564,0.5801368935209607,0.5891118251466907,0.6477475136374883,0.6641527608285529,0.5912768264104067,0.6741249974695345,0.5710649498029655,0.6889865866504821,0.5692138191157641,0.549113259549965,0.5859532716498941,0.6104670949813716,0.6020989052844905,0.44825207175125587,0.6678774336271834,0.48951366582826195,0.5883266281089927,0.504433672842334,0.6829640581821119,0.559919042618381,0.4562193468986648,0.4861768537618156,0.6082619688616029,0.0,0.6578772767886448,0.5986799440337012,0.6695739990228962,0.47387772590094385,0.5646231267143514,0.5564131869814088,0.5432901684851732,0.4896503167118967,0.6170628946772121,0.45451048360526763,0.6166091231127713
COST,0.6168591552780855,0.6202570891886506,0.6835868074347535,0.6166579579892649,0.6661476795432832,0.6654777828897223,0.6758140656641747,0.5955920976289393,0.6372034819585511,0.6131466027141567,0.5612466844759517,0.6120618371504443,0.6710338063478712,0.6278942814116811,0.5521672575865827,0.6507794385794525,0.6877230712878248,0.6705019475579126,0.6512787562056305,0.6023347914703339,0.6827764558770889,0.6512692867457541,0.6374855773317092,0.5998071127879779,0.6179631197448198,0.6263060516586881,0.6245642526339589,0.6339170069379388,0.5364398157353673,0.638416792313068,0.6724014083202099,0.5968034527080094,0.6263801385801281,0.6990089822847396,0.6805651551283152,0.6578772767886448,0.0,0.64285661486366,0.6344405137401359,0.6504509448235509,0.5732920223133131,0.6125687608760212,0.6990386274690636,0.6313406776487354,0.659232158401761,0.6276589422501909,0.6831014163281319
ACN,0.4300757440991987,0.5104597929557342,0.6888240048915203,0.6069500199565395,0.6066740996862573,0.6096544886044422,0.6309031571560947,0.5134868131281916,0.5789431586285704,0.5286862755347352,0.5652476261468811,0.6055252590451726,0.435919929818116,0.4981786842507939,0.6173210259151894,0.5814970430569459,0.43245543227978817,0.5578607365296014,0.46789110582305365,0.6452921454296882,0.6966608539783058,0.5689063982957681,0.5422874138975197,0.6022546658555761,0.5106810682890308,0.5773280607644102,0.573503937910806,0.6584797532495439,0.623659181245735,0.5780016181600527,0.5855809726160855,0.6891514308779868,0.58146488063763,0.5389396765304484,0.6436040896749488,0.5986799440337012,0.64285661486366,0.0,0.6888686338090187,0.5881705487620049,0.5950747358935621,0.49811134635316845,0.5564047576094122,0.6001977066721929,0.642745392887394,0.5112287845769253,0.5772019241226024
NEE,0.6857242614215044,0.6064877290266593,0.6206294053366599,0.6692779792313568,0.6976409516548548,0.6920297554904518,0.6775934437227172,0.6747126644014401,0.558306600371694,0.5937429208563215,0.6749898162816109,0.6459626569104259,0.70671369322519,0.6392459797251813,0.647587988239054,0.6902956896480379,0.6867267938077727,0.7006471232252309,0.6948053017280852,0.6884982693456277,0.6617948178523098,0.6035674014964355,0.6918813819901747,0.696884058025594,0.5757008064538865,0.5693019312868388,0.581125506052317,0.6795080026003053,0.5846946871457045,0.6770276120783371,0.6979359946484281,0.6196381299906822,0.6771519717009985,0.6614198683526067,0.6871483513388551,0.6695739990228962,0.6344405137401359,0.6888686338090187,0.0,0.6959654273045526,0.6873654860329894,0.6860967407196034,0.674764586004949,0.703040003764629,0.6702226709792839,0.6294588664034806,0.602589219540183
LLY,0.5970574298326139,0.6035134662397397,0.6480247211651832,0.6229357028667377,0.6761692195501426,0.6731824295388983,0.542351142565199,0.5917850015028404,0.646816171025276,0.5367911701835227,0.6286426778739685,0.5529566398417078,0.6095245818157047,0.6380643060523403,0.6589823070963129,0.6377315579732857,0.6326740442522086,0.67575686855965,0.6341862143909298,0.6781811283910325,0.6111938492587565,0.5575212527335076,0.6208730661973989,0.621371889469507,0.638242755528045,0.5197527072523046,0.6354232919652791,0.5875528764239133,0.6081776566314832,0.605960742043601,0.6367160991807834,0.6414351824607563,0.5941207088086177,0.6474346351934849,0.6803105612730146,0.47387772590094385,0.6504509448235509,0.5881705487620049,0.6959654273045526,0.0,0.5951131376874258,0.5957781290027319,0.5761605562379474,0.5625876187040612,0.6575868962435187,0.5423775029599687,0.6355261240010033
BMY,0.5891979566661258,0.6005908116690716,0.6778838373034226,0.6677505607105304,0.568834587403804,0.5689914778994815,0.5557049526681019,0.6453291352768726,0.6083379599910629,0.5120669195486847,0.5501483724796977,0.6315553739152212,0.6405919548517072,0.5865806618132956,0.6131445224777832,0.6837513928492753,0.6670093472484804,0.69461730794644,0.6644001920058595,0.5805750660796046,0.6730769764402332,0.6002704130831652,0.6130222488578067,0.5866926889042245,0.6244532826803662,0.5430294748189884,0.6341075814803028,0.567282723932287,0.5931773920345093,0.599064793403333,0.6533848743496227,0.60113771480742,0.5626863942104467,0.5909251011110903,0.6267142755668222,0.5646231267143514,0.5732920223133131,0.5950747358935621,0.6873654860329894,0.5951131376874258,0.0,0.5559735910789091,0.584771742109614,0.5990310703134546,0.6161911577967714,0.47214211618127777,0.5904474213772908
LIN,0.4688139583045252,0.5015412860356783,0.688402161810815,0.5766785773437181,0.5465923389875896,0.5485007389811711,0.5410226914233484,0.5086235543741048,0.5903079815272682,0.523091551202507,0.5446117442822954,0.5604027639840964,0.3964067030527137,0.47668357162853847,0.6560004500683386,0.5643387034183083,0.4980398256250416,0.553665716963991,0.48483331057591866,0.6735083560999233,0.6930652757478076,0.5505927945858482,0.6528046611983463,0.5622821962986952,0.5891506297469252,0.5096510375046154,0.6196186523910318,0.5870138697115027,0.6080640175418534,0.549936833744963,0.609215438006905,0.6406192135616839,0.5415217607294347,0.5053219867009876,0.6177375352772371,0.5564131869814088,0.6125687608760212,0.49811134635316845,0.6860967407196034,0.5957781290027319,0.5559735910789091,0.0,0.567193166306128,0.5402886659050481,0.5987167465340036,0.44142199762898493,0.5458027343041648
MDT,0.5566967956393063,0.5102608580459262,0.6684027712570382,0.6514402555547536,0.5865855181187266,0.5804246899337558,0.5398286970922397,0.5747407181629394,0.5389439028061666,0.531473272648395,0.5593148359863452,0.6208870726406936,0.499370507434533,0.5975107918132625,0.6496318479302609,0.6749269223753923,0.5445247598691945,0.6165878270956974,0.4859600873882357,0.6718597736449521,0.6496443264820234,0.6061047813327011,0.5660831145753797,0.6619869388232124,0.594700546318911,0.5553086327537581,0.5709167562261164,0.6524977877298961,0.6874718062156376,0.4919092889259272,0.5954466109200381,0.6543505581004408,0.6414211782412955,0.5001588092113868,0.5710281230951008,0.5432901684851732,0.6990386274690636,0.5564047576094122,0.674764586004949,0.5761605562379474,0.584771742109614,0.567193166306128,0.0,0.5576668057790356,0.5569599381715683,0.5016377047009384,0.5611766847225297
DHR,0.521356592257434,0.4945158253956382,0.6087809087041557,0.6227378726170335,0.5966329305252994,0.5931986708776931,0.5701484879854021,0.4403927322755172,0.6565032014181281,0.5085694849431165,0.6919441966471298,0.6277637115080525,0.5110475718383685,0.5506624049742671,0.6575700545164953,0.6812248527009951,0.5514777669338711,0.5652506618938983,0.5190758641066507,0.683672801050764,0.6902308961406499,0.5619232843446057,0.6143744166446,0.5995339089991913,0.5927572325684519,0.5429694269205101,0.5792186272523836,0.5335496628852187,0.6363904780457326,0.5254891853017489,0.5907418707696679,0.66254093408918,0.53995978385351,0.5529885149531214,0.5958541369557788,0.4896503167118967,0.6313406776487354,0.6001977066721929,0.703040003764629,0.5625876187040612,0.5990310703134546,0.5402886659050481,0.5576668057790356,0.0,0.6293689707986956,0.5283478000908419,0.6195190062052507
PM,0.5856881121104129,0.5923370783836428,0.7065155322782217,0.6155453601299516,0.5626348182684152,0.5701751017626369,0.701093710344707,0.5934404893634448,0.6505480039033233,0.6480589396621776,0.5917543439062927,0.6408878628163924,0.5954412052070643,0.6258486489622288,0.6707281815659888,0.6859639749698743,0.586673617846213,0.6636356784235308,0.5877659027328309,0.5854722043112829,0.7025728833572851,0.640551826050827,0.6799585235963523,0.6310930187295272,0.6277556592813358,0.6239427492440706,0.6583632824598717,0.6595013599833262,0.7041691812569386,0.5915870927420801,0.5954669621523975,0.6016950738561372,0.6535243173149053,0.6218080660250114,0.6654391295831286,0.6170628946772121,0.659232158401761,0.642745392887394,0.6702226709792839,0.6575868962435187,0.6161911577967714,0.5987167465340036,0.5569599381715683,0.6293689707986956,0.0,0.6451404054953018,0.632243733032341
