,MSFT,AAPL,AMZN,FB,GOOGL,GOOG,JNJ,V,PG,JPM,HD,UNH,MA,NVDA,VZ,NFLX,ADBE,INTC,PYPL,T,PFE,CSCO,MRK,CMCSA,PEP,BAC,KO,XOM,WMT,ABT,CRM,ABBV,CVX,TMO,MCD,AMGN,COST,ACN,NEE,LLY,BMY,LIN,MDT,DHR,PM,TXN,NKE
MSFT,0.0,0.491678795837602,0.40285249001801715,0.4536040061942951,0.42480383609615063,0.4372106185679531,0.5758116894703339,0.46220129985443165,0.6699333725484713,0.6745670647397912,0.6887501460434655,0.5675532523433969,0.4312517892777825,0.4871285531424486,0.6992235311372553,0.5557169899847072,0.37148170849797046,0.5594639906420187,0.46583981584513323,0.7013036060447053,0.6749086705481595,0.4935535656772051,0.6358530232213391,0.6232022362757624,0.5804661088925923,0.6186820928550103,0.6351157754634236,0.700306912037828,0.6420830801472194,0.5540179542770414,0.41270546193680707,0.5965488908220922,0.6980061470645942,0.5306612992423018,0.578932619032501,0.5223367185929376,0.6678450643357242,0.4835757718394047,0.6332448492643208,0.6214632130131449,0.5501078542788614,0.5326110881108665,0.5793146537504401,0.573502388327185,0.5811761952566501,0.40235702699276105,0.6392584461352582
AAPL,0.491678795837602,0.0,0.4891728543444281,0.5350618152470544,0.5281851743199708,0.5286425425288189,0.6562884097235733,0.4855839796152607,0.657421138588724,0.6146541166111003,0.7060924372498336,0.5703352020255913,0.47724769608325346,0.5376569000063042,0.6455991869131326,0.5995605238745613,0.48282809533909593,0.5685203374036956,0.5644716196884977,0.6773127808535159,0.7035366533588983,0.5444606297723162,0.7012807404948534,0.6512348447936361,0.5967575716406625,0.578929916871908,0.6816872334378137,0.6533911839136685,0.6101383049527441,0.6267377489401809,0.5945072308515579,0.676477351765535,0.7043695120942328,0.599661624853308,0.6537848813915774,0.5489992008865778,0.6454754744885238,0.6434797876213227,0.6157537411254965,0.6958293873439952,0.6645456089531354,0.5806447142449297,0.6421931746898908,0.616472455213969,0.609554441294478,0.5460590076365441,0.6681200699065759
AMZN,0.40285249001801715,0.4891728543444281,0.0,0.4058930517463094,0.3901650587681271,0.40245696125578506,0.6734693823104815,0.44494447287416516,0.6841250818179991,0.6577344919762653,0.671491517629789,0.5903013504893464,0.47985926205437407,0.5114930269551063,0.6822881229027505,0.4952399702987408,0.46889671255283305,0.5889050226511637,0.4279900854107976,0.6821106862776043,0.6824537278587457,0.562818378896587,0.658948498986,0.6721402614646661,0.6122403726208127,0.5818655311630254,0.6524059801915986,0.6846875848266416,0.6660398989030256,0.5977836732240591,0.5027196601626286,0.5840679389991956,0.658199791223949,0.5987329805572379,0.6380926683893775,0.5654967879924896,0.7042097305542077,0.5889671971610367,0.6860398649371149,0.6298884899295731,0.6610646604168731,0.567739611042874,0.6511568201475704,0.6335176806503888,0.5813156941026326,0.5344023610548373,0.7055412507379023
FB,0.4536040061942951,0.5350618152470544,0.4058930517463094,0.0,0.4204041899468304,0.42714341561728847,0.6282453043893063,0.45934833512521356,0.6565140638627242,0.6512718563264505,0.6910346331696133,0.6066804902256737,0.4979028962028453,0.4773988013447337,0.608279586491363,0.4781749811593293,0.4673497255639,0.5332225222945745,0.39400257115738785,0.6740732760388312,0.6593158973457047,0.5961113278795628,0.5763449528216228,0.6156999948082807,0.613268323857933,0.6169148994478464,0.6779716891662706,0.7026559742264188,0.6258156392731693,0.6460350159708325,0.4732090338186049,0.647767784935,0.6979331230402405,0.5643845684792603,0.6368173224190237,0.6005730567637907,0.7006545409078908,0.6140392621186307,0.6891795583832467,0.611223959034348,0.6841349096182566,0.6175512403174701,0.6340280509631697,0.6445168406099545,0.5723119165634704,0.5337517837349689,0.6914486272588186
GOOGL,0.42480383609615063,0.5281851743199708,0.3901650587681271,0.4204041899468304,0.0,0.06089117581507439,0.638908019982734,0.44696476218708314,0.6608507764357656,0.6792237923198239,0.6868610149039311,0.5526801668850043,0.5026303671660982,0.502023469871913,0.6624252112256289,0.48179377811360385,0.46429232791062963,0.5946713043012262,0.487443672601019,0.6916708327331492,0.6157026832333281,0.5607795470610376,0.6616538902463459,0.6235937440809008,0.6670900734573101,0.6304501217107589,0.6636230154500058,0.7046288472880847,0.7048399037571941,0.6083394760704228,0.5145320424775556,0.5913691152891143,0.6611834159157528,0.5189173064885064,0.7035778279200229,0.5150162264271603,0.6841663718620585,0.5926421215179221,0.7036447556598131,0.5493778655189352,0.6004161964310941,0.5464746288327742,0.6965649562692487,0.5856410308265217,0.5796216542298437,0.5188506020686606,0.6957790843626505
GOOG,0.4372106185679531,0.5286425425288189,0.40245696125578506,0.42714341561728847,0.06089117581507439,0.0,0.642191469460832,0.43766683024845215,0.6619548087872038,0.6874614314181667,0.6838349543492404,0.558501414272501,0.5038670357659695,0.5070940528513697,0.6535034136262372,0.47220748506294397,0.4623926182755311,0.597555734918097,0.49242999893331635,0.685255360581679,0.6239050488926036,0.5616434096857985,0.6645771967177484,0.6247502970968256,0.6614237326235979,0.6414184159716542,0.6705572644617174,0.6949523061022638,0.699467503490226,0.6175780611410291,0.519984993707173,0.598205922347736,0.6571195906235078,0.5270917920832274,0.6899770073865837,0.5109116308943704,0.684932228742064,0.593797971929784,0.6935551746020487,0.5506996288209003,0.5936054268084433,0.5550918316749563,0.6956725193971164,0.5830818335417534,0.5678512180874633,0.526110180724413,0.6872393669965597
JNJ,0.5758116894703339,0.6562884097235733,0.6734693823104815,0.6282453043893063,0.638908019982734,0.642191469460832,0.0,0.6163940727697321,0.5393788824471193,0.6973726820257738,0.6975674219895928,0.5285917064090141,0.5687683981671663,0.6042373538148078,0.6612596890084622,0.594511381978162,0.5316207410701643,0.5712490890554531,0.5939232569439951,0.7053619214222395,0.5860890450480664,0.5703766647241669,0.49268760756189756,0.6951654597200831,0.5356385412073873,0.68601843771422,0.6332318955524286,0.6446720611047279,0.6936897458601987,0.5751224072409443,0.580012185311155,0.6110852843017934,0.6472313961238979,0.5504119535514266,0.6814981789186941,0.5604876504571521,0.703446761767557,0.4569785138609789,0.5555434882573735,0.6204815883045333,0.5644041717323489,0.6217128113425184,0.6271596114555722,0.5970503999983297,0.535072642309112,0.5766271155307466,0.662479636915085
V,0.46220129985443165,0.4855839796152607,0.44494447287416516,0.45934833512521356,0.44696476218708314,0.43766683024845215,0.6163940727697321,0.0,0.6623817209112136,0.648314430357473,0.6978610492353983,0.5953928747037106,0.26775017951713365,0.5078301377042144,0.6756393596495934,0.48831039346265076,0.39414255101970186,0.5792051167928605,0.4798999011202637,0.695217452337268,0.6456656806528847,0.5394217306778696,0.6573785386666954,0.6430323686639974,0.5978634181099816,0.6310122121822145,0.6671178016721261,0.7049170849210051,0.6835649355457083,0.6102048911547017,0.43361858847017015,0.5484864673673925,0.6843208013614352,0.579791250414189,0.651384789117064,0.5246351660643013,0.7039001274014061,0.5331858729460368,0.5742969336067097,0.6572088874696,0.583299207485147,0.5242185645724592,0.6022053474755865,0.5525197512026261,0.5878029101674233,0.5087458668406117,0.7034725862163111
PG,0.6699333725484713,0.657421138588724,0.6841250818179991,0.6565140638627242,0.6608507764357656,0.6619548087872038,0.5393788824471193,0.6623817209112136,0.0,0.6934116548718663,0.6751912881492371,0.6940008366663523,0.6293163756232183,0.6936725412620414,0.5469173616050629,0.6844040889816406,0.6920098956641101,0.6234592731417092,0.6113382365977813,0.6026843855306581,0.7050362068505022,0.6328798577986975,0.5627027890165668,0.6963806319042121,0.5173799256839563,0.6659731631259033,0.43698444733497804,0.5675761414743024,0.5780592882896061,0.6483274849895343,0.6618551096968772,0.6649295170803753,0.6049518245665895,0.7065513255132728,0.5936788172533162,0.6562319610097155,0.6374095164165706,0.5890151996240883,0.5702284507330361,0.6666617604307731,0.6881416840325744,0.63092084711562,0.693756198774131,0.6939652925039947,0.5924014579406842,0.696883352636253,0.6597227023437413
JPM,0.6745670647397912,0.6146541166111003,0.6577344919762653,0.6512718563264505,0.6792237923198239,0.6874614314181667,0.6973726820257738,0.648314430357473,0.6934116548718663,0.0,0.7003354725945727,0.6637533810050055,0.6542940248886421,0.6126249369161522,0.6351215042362973,0.6808279845993308,0.6909672452141351,0.6003326223387762,0.626999691655473,0.6314825951290516,0.6154116024809121,0.5678890036363703,0.6830714088100717,0.5848697543764126,0.6721488159677295,0.2128824651023613,0.6221893020628406,0.6264571533620812,0.6697185930515519,0.6868925544307926,0.6367930671133546,0.6718358179887699,0.5770611739485854,0.6789479828875159,0.6618206424596187,0.6017463915603375,0.6650273682644213,0.6452023394523072,0.6147682417883165,0.7014795154980742,0.6831296522208352,0.5882756355086396,0.6676586703356,0.6878000447584217,0.6627852831824619,0.6021309490395135,0.6628466846914456
HD,0.6887501460434655,0.7060924372498336,0.671491517629789,0.6910346331696133,0.6868610149039311,0.6838349543492404,0.6975674219895928,0.6978610492353983,0.6751912881492371,0.7003354725945727,0.0,0.6696143204342384,0.7035908720075208,0.6409343824136765,0.680493021638674,0.6920355149185308,0.6901863362541227,0.6622119481403694,0.6905522218913603,0.6899471058060396,0.6281699490780492,0.6125886311405478,0.6423009537971857,0.6459210064470734,0.69994509039279,0.6932586363342288,0.656175754447303,0.5790652108968859,0.6203487315698485,0.6836738791672874,0.705912977337835,0.6345246069295447,0.6100501730018412,0.6400689509930694,0.6604640816748546,0.6483373696642277,0.5903655179175434,0.6330528107428323,0.6083241138357255,0.6636663442332784,0.6743856870675878,0.6565429382903678,0.6536009719473149,0.5324026774687672,0.6446285131722104,0.6900363879053698,0.6535242933230374
UNH,0.5675532523433969,0.5703352020255913,0.5903013504893464,0.6066804902256737,0.5526801668850043,0.558501414272501,0.5285917064090141,0.5953928747037106,0.6940008366663523,0.6637533810050055,0.6696143204342384,0.0,0.599755396054011,0.5732316515282674,0.6631774822866384,0.634658679131252,0.5441319174131762,0.6144749246239073,0.662726507094012,0.6897646643537002,0.6094774314619608,0.6068512226806463,0.6241384088817657,0.7033176897321363,0.5695453627590975,0.6446512397822336,0.694895862941259,0.7048002665196456,0.6726297642789499,0.5279582129633091,0.5165992325294539,0.634985534640668,0.699269297987179,0.5685509096996587,0.6507032808073229,0.5565408433954802,0.7026369432790738,0.5594731381536111,0.6066855870617252,0.6287582383408278,0.5329716338936521,0.6433147375610129,0.6328231388447552,0.633312509805353,0.5994983969906013,0.6288957076779539,0.6397216792466933
MA,0.4312517892777825,0.47724769608325346,0.47985926205437407,0.4979028962028453,0.5026303671660982,0.5038670357659695,0.5687683981671663,0.26775017951713365,0.6293163756232183,0.6542940248886421,0.7035908720075208,0.599755396054011,0.0,0.496136731493964,0.6767885407202798,0.5365984844775206,0.4339322491250051,0.547292367840886,0.46065789585173045,0.6912079056016951,0.631601738812255,0.5311607033526056,0.6229648216897998,0.7022928729257589,0.589053790267547,0.6520947905317066,0.6496216409167779,0.6629886048591395,0.6482872703818928,0.5792404013149816,0.4340075010761083,0.4992250802553774,0.6887315646946903,0.5480612138494165,0.5995868638544256,0.490861301329052,0.7002228025588967,0.4568118316244465,0.5518307179767207,0.6684261213161319,0.5646367409786713,0.4828819433595825,0.5917143033966163,0.5346066943759372,0.6233774236373691,0.4906042503925953,0.6787141431936804
NVDA,0.4871285531424486,0.5376569000063042,0.5114930269551063,0.4773988013447337,0.502023469871913,0.5070940528513697,0.6042373538148078,0.5078301377042144,0.6936725412620414,0.6126249369161522,0.6409343824136765,0.5732316515282674,0.496136731493964,0.0,0.7021714577320021,0.555752051891406,0.4569521460449372,0.5066948911425662,0.5244691601244148,0.6612578969866633,0.6665331338558803,0.6116164072176644,0.6831615456830831,0.6578302776839511,0.5853605131065666,0.588807284793533,0.6625281917057704,0.6992357897114455,0.6705520304491119,0.6245043863711756,0.4773044679156154,0.6912506423431881,0.6975834566866527,0.6185711317173592,0.676288268116944,0.5860470614304674,0.6901563492564753,0.5428357601601396,0.6244842408361426,0.6790689138487563,0.6177291565223397,0.5546384438336665,0.6321689355610062,0.6513971202930499,0.6392347438350312,0.4433426417932886,0.6619318073068275
VZ,0.6992235311372553,0.6455991869131326,0.6822881229027505,0.608279586491363,0.6624252112256289,0.6535034136262372,0.6612596890084622,0.6756393596495934,0.5469173616050629,0.6351215042362973,0.680493021638674,0.6631774822866384,0.6767885407202798,0.7021714577320021,0.0,0.636429751134661,0.662395431629735,0.6179179187249606,0.6010946108136664,0.3721341495616486,0.658167355935723,0.6315580435315966,0.47773917356537565,0.6175935126419995,0.6640025012632977,0.6510092321568007,0.5931264744317616,0.6338662250420951,0.6196055635933205,0.6813086327086356,0.6872811478906357,0.6663538493023133,0.59071362055517,0.6867235125039489,0.6974899034320095,0.6491741896636176,0.6590616939816516,0.6792695083384884,0.6976926880165909,0.6607740014815814,0.6253482324240905,0.6767355414563786,0.6879077575615502,0.6340128914010879,0.7061528329479184,0.6571538042985487,0.6508417475988886
NFLX,0.5557169899847072,0.5995605238745613,0.4952399702987408,0.4781749811593293,0.48179377811360385,0.47220748506294397,0.594511381978162,0.48831039346265076,0.6844040889816406,0.6808279845993308,0.6920355149185308,0.634658679131252,0.5365984844775206,0.555752051891406,0.636429751134661,0.0,0.5035155439526957,0.6007244352102302,0.518073315893152,0.6617800855077453,0.646429448366765,0.6098554533748841,0.7069086134073442,0.6461628931897185,0.6426756186354173,0.6625005510841863,0.6919051762904999,0.6798885137809182,0.6902372035196372,0.6528563633320692,0.5567796824742771,0.6710965028853646,0.6749376465062705,0.6209729391552451,0.7034460203515744,0.5889099243207498,0.6735717191515672,0.5761480444096987,0.6710529724217342,0.6625585405596317,0.661362463419358,0.6323985165163942,0.6516921037729551,0.6271653949132361,0.6118160997783217,0.5293084703858858,0.6946896458744453
ADBE,0.37148170849797046,0.48282809533909593,0.46889671255283305,0.4673497255639,0.46429232791062963,0.4623926182755311,0.5316207410701643,0.39414255101970186,0.6920098956641101,0.6909672452141351,0.6901863362541227,0.5441319174131762,0.4339322491250051,0.4569521460449372,0.662395431629735,0.5035155439526957,0.0,0.5678978504809519,0.5090403603158509,0.7032806813781666,0.6928279857732125,0.5588923360472203,0.6631626215977294,0.6374566543903573,0.5582720205065801,0.6657963171058102,0.6503916773463919,0.6559561655629869,0.6821680482632723,0.5944234582500889,0.3782418480085363,0.6123704788552926,0.6599692087640101,0.5362539574500752,0.6845365855576728,0.575193495091471,0.704547756233236,0.541618470634148,0.5831055306841725,0.6329502295997521,0.5791405057391523,0.5880004181904598,0.5733968082261699,0.5657323972388076,0.5072836399012198,0.4272253924768433,0.6758861470024811
INTC,0.5594639906420187,0.5685203374036956,0.5889050226511637,0.5332225222945745,0.5946713043012262,0.597555734918097,0.5712490890554531,0.5792051167928605,0.6234592731417092,0.6003326223387762,0.6622119481403694,0.6144749246239073,0.547292367840886,0.5066948911425662,0.6179179187249606,0.6007244352102302,0.5678978504809519,0.0,0.5575675284668167,0.6370269861178625,0.6538562387032965,0.5453560133501089,0.5561097549414177,0.5878876955896555,0.5971821714463836,0.6076279296300221,0.6100675072647909,0.6011730380546203,0.5642192783063519,0.6431497779154068,0.5834151549975147,0.6774749675240705,0.585994284409166,0.6069407306506873,0.698677260187807,0.5739983192508386,0.6393168050655292,0.5650722962502999,0.668392802246425,0.637171223558881,0.6816489805766079,0.6300293248275556,0.6028047946616024,0.673380672568154,0.6169925138142367,0.4995748216435265,0.6120346297595886
PYPL,0.46583981584513323,0.5644716196884977,0.4279900854107976,0.39400257115738785,0.487443672601019,0.49242999893331635,0.5939232569439951,0.4798999011202637,0.6113382365977813,0.626999691655473,0.6905522218913603,0.662726507094012,0.46065789585173045,0.5244691601244148,0.6010946108136664,0.518073315893152,0.5090403603158509,0.5575675284668167,0.0,0.6321068528680259,0.6553867497103891,0.5506250014491999,0.5728120488569265,0.6243436869085562,0.6341143922604524,0.6090056406303131,0.6534469828493206,0.6912536707545253,0.6443372298251135,0.60606708440785,0.4584584531008353,0.6122156846113801,0.7051457031005028,0.5953031399385623,0.6288685638999851,0.6029546451923222,0.6971203064174385,0.5306191859986199,0.6649553799574798,0.6043544483528182,0.6723502240611927,0.6088412195251698,0.6663051507479126,0.6461649979018066,0.5960855065017976,0.5152857364939099,0.6812517515928216
T,0.7013036060447053,0.6773127808535159,0.6821106862776043,0.6740732760388312,0.6916708327331492,0.685255360581679,0.7053619214222395,0.695217452337268,0.6026843855306581,0.6314825951290516,0.6899471058060396,0.6897646643537002,0.6912079056016951,0.6612578969866633,0.3721341495616486,0.6617800855077453,0.7032806813781666,0.6370269861178625,0.6321068528680259,0.0,0.6899453226179264,0.6412430368812995,0.6093655924118594,0.618813425903311,0.6353173234186678,0.6505507723635887,0.565325952307566,0.6265611960007791,0.643423570243804,0.6699854913844627,0.6830973174209417,0.6463060685364144,0.6241935861225858,0.6168609911113827,0.6734011159769102,0.6233590419569232,0.6777931893234415,0.6760598245921766,0.6798933356715802,0.6817247474561675,0.6500717018852316,0.7027179506070513,0.6895655991692232,0.644378046477554,0.6873553793271079,0.6054629303703485,0.6808021568398758
PFE,0.6749086705481595,0.7035366533588983,0.6824537278587457,0.6593158973457047,0.6157026832333281,0.6239050488926036,0.5860890450480664,0.6456656806528847,0.7050362068505022,0.6154116024809121,0.6281699490780492,0.6094774314619608,0.631601738812255,0.6665331338558803,0.658167355935723,0.646429448366765,0.6928279857732125,0.6538562387032965,0.6553867497103891,0.6899453226179264,0.0,0.5816668098648957,0.509188715173369,0.6652565020052804,0.7026733539590881,0.5927382942989997,0.7023486344152757,0.6104584782796145,0.7065504873870939,0.625702124089028,0.643416756674066,0.5918236933013701,0.6747654577681509,0.5732292417021623,0.6689668383945204,0.5154430750207605,0.6961756721582708,0.5710713817911577,0.6596260828427775,0.5697761250234018,0.592612018029642,0.6219120815904066,0.6434011612311823,0.5655310266582853,0.6811503126806797,0.6541320886062713,0.6506037018443388
CSCO,0.4935535656772051,0.5444606297723162,0.562818378896587,0.5961113278795628,0.5607795470610376,0.5616434096857985,0.5703766647241669,0.5394217306778696,0.6328798577986975,0.5678890036363703,0.6125886311405478,0.6068512226806463,0.5311607033526056,0.6116164072176644,0.6315580435315966,0.6098554533748841,0.5588923360472203,0.5453560133501089,0.5506250014491999,0.6412430368812995,0.5816668098648957,0.0,0.5263587296086154,0.5738971384341837,0.6004054197351276,0.5443092156533418,0.6056354021815907,0.6223019035713336,0.6574530319748786,0.5017114735495317,0.5266339705989692,0.6476267183785793,0.6388824348037366,0.49154832637653506,0.6499756874349298,0.43274045606545486,0.6766454304096501,0.47111191350123416,0.6628891751070118,0.5409703473096136,0.603598327633526,0.5203104251199913,0.6291899651649393,0.5784738861234758,0.5414388006602736,0.46068606451866273,0.6145879891769466
MRK,0.6358530232213391,0.7012807404948534,0.658948498986,0.5763449528216228,0.6616538902463459,0.6645771967177484,0.49268760756189756,0.6573785386666954,0.5627027890165668,0.6830714088100717,0.6423009537971857,0.6241384088817657,0.6229648216897998,0.6831615456830831,0.47773917356537565,0.7069086134073442,0.6631626215977294,0.5561097549414177,0.5728120488569265,0.6093655924118594,0.509188715173369,0.5263587296086154,0.0,0.683479097471722,0.6224863674515931,0.6749829044100873,0.6020756449381635,0.5854534028906776,0.6495252382469119,0.593334472548092,0.595882264056083,0.594344435794219,0.5920199601390466,0.5231267815471389,0.6683410725486896,0.5564201904121153,0.6901641753522636,0.5707989777150387,0.6688543662983284,0.5102691265668339,0.6632964812712012,0.6247035709533075,0.6496719803808183,0.5952051877397926,0.5780880658871623,0.6544074793997666,0.6572423819780995
CMCSA,0.6232022362757624,0.6512348447936361,0.6721402614646661,0.6156999948082807,0.6235937440809008,0.6247502970968256,0.6951654597200831,0.6430323686639974,0.6963806319042121,0.5848697543764126,0.6459210064470734,0.7033176897321363,0.7022928729257589,0.6578302776839511,0.6175935126419995,0.6461628931897185,0.6374566543903573,0.5878876955896555,0.6243436869085562,0.618813425903311,0.6652565020052804,0.5738971384341837,0.683479097471722,0.0,0.7062421862310738,0.5897595258054712,0.6786044310289026,0.6668118059177852,0.6633867246966613,0.6855505562207638,0.6322006584701126,0.6010990820506023,0.671734580263329,0.6440683371769241,0.6720387796295378,0.669453948446744,0.6165780594971675,0.7044771785385239,0.6540609308442203,0.6655826568856937,0.6700220420180865,0.7028550850639435,0.679640364171515,0.702210368693426,0.6725924964126243,0.5820266733948153,0.6552941129203198
PEP,0.5804661088925923,0.5967575716406625,0.6122403726208127,0.613268323857933,0.6670900734573101,0.6614237326235979,0.5356385412073873,0.5978634181099816,0.5173799256839563,0.6721488159677295,0.69994509039279,0.5695453627590975,0.589053790267547,0.5853605131065666,0.6640025012632977,0.6426756186354173,0.5582720205065801,0.5971821714463836,0.6341143922604524,0.6353173234186678,0.7026733539590881,0.6004054197351276,0.6224863674515931,0.7062421862310738,0.0,0.6605389969865716,0.4729751751520449,0.6466347060474772,0.5268406806092274,0.621833216044326,0.5735224798468829,0.7053497419333761,0.6963119548183587,0.6320071488429271,0.6340642706434053,0.6608290085344997,0.6537412797881738,0.5276795929125759,0.5341383971121254,0.700973034501742,0.6174223933587141,0.6082973315351433,0.6338616940865937,0.6745910914419891,0.4700827250266769,0.595708924412594,0.6585077946644438
BAC,0.6186820928550103,0.578929916871908,0.5818655311630254,0.6169148994478464,0.6304501217107589,0.6414184159716542,0.68601843771422,0.6310122121822145,0.6659731631259033,0.2128824651023613,0.6932586363342288,0.6446512397822336,0.6520947905317066,0.588807284793533,0.6510092321568007,0.6625005510841863,0.6657963171058102,0.6076279296300221,0.6090056406303131,0.6505507723635887,0.5927382942989997,0.5443092156533418,0.6749829044100873,0.5897595258054712,0.6605389969865716,0.0,0.6346791906537441,0.6451535557579802,0.697843429237784,0.6851132356986892,0.629117292274289,0.6882810987275852,0.6000745679019915,0.669443290188886,0.6776390974999318,0.5653284431329422,0.6594987148519227,0.6600331096982562,0.6100729778856742,0.6722761780165742,0.6618327677524475,0.5865534013522783,0.6683824660892695,0.7012803919370761,0.6660341830234228,0.5936836697747108,0.6628723291280549
KO,0.6351157754634236,0.6816872334378137,0.6524059801915986,0.6779716891662706,0.6636230154500058,0.6705572644617174,0.6332318955524286,0.6671178016721261,0.43698444733497804,0.6221893020628406,0.656175754447303,0.694895862941259,0.6496216409167779,0.6625281917057704,0.5931264744317616,0.6919051762904999,0.6503916773463919,0.6100675072647909,0.6534469828493206,0.565325952307566,0.7023486344152757,0.6056354021815907,0.6020756449381635,0.6786044310289026,0.4729751751520449,0.6346791906537441,0.0,0.6242242565314488,0.5807014642429865,0.6085534240921932,0.6589543461616001,0.6497471278863003,0.6531953323101779,0.7035317421240106,0.6592827673259131,0.665498838925911,0.6572174427643975,0.5818473373064175,0.5943193481182711,0.6961155035106874,0.6683346265657165,0.6686109791196408,0.6207805702418548,0.6727835998583923,0.5476580964698861,0.6721360936133302,0.6582562630434837
XOM,0.700306912037828,0.6533911839136685,0.6846875848266416,0.7026559742264188,0.7046288472880847,0.6949523061022638,0.6446720611047279,0.7049170849210051,0.5675761414743024,0.6264571533620812,0.5790652108968859,0.7048002665196456,0.6629886048591395,0.6992357897114455,0.6338662250420951,0.6798885137809182,0.6559561655629869,0.6011730380546203,0.6912536707545253,0.6265611960007791,0.6104584782796145,0.6223019035713336,0.5854534028906776,0.6668118059177852,0.6466347060474772,0.6451535557579802,0.6242242565314488,0.0,0.5975605927208681,0.6650147404412415,0.700588013726393,0.6230371944263471,0.45014166064863853,0.651482529548044,0.68568974989112,0.6451331262918991,0.6238924486567933,0.5767636809626947,0.7062207335367088,0.6151122792328544,0.6847686039413603,0.5696375641495688,0.6956824242432889,0.6535977661565137,0.6861649867141238,0.641586024823163,0.6807861299917405
WMT,0.6420830801472194,0.6101383049527441,0.6660398989030256,0.6258156392731693,0.7048399037571941,0.699467503490226,0.6936897458601987,0.6835649355457083,0.5780592882896061,0.6697185930515519,0.6203487315698485,0.6726297642789499,0.6482872703818928,0.6705520304491119,0.6196055635933205,0.6902372035196372,0.6821680482632723,0.5642192783063519,0.6443372298251135,0.643423570243804,0.7065504873870939,0.6574530319748786,0.6495252382469119,0.6633867246966613,0.5268406806092274,0.697843429237784,0.5807014642429865,0.5975605927208681,0.0,0.6936754851599529,0.6570360244143701,0.6871117496622525,0.6186130635545645,0.7004302321207936,0.6504342596424012,0.6791449050782739,0.4914495155236219,0.6322334402293991,0.6732098184846422,0.6656890296120966,0.705355476093579,0.6841307898227669,0.6700538079523207,0.701419017567125,0.6493208379929444,0.6367851175306439,0.7035633455508692
ABT,0.5540179542770414,0.6267377489401809,0.5977836732240591,0.6460350159708325,0.6083394760704228,0.6175780611410291,0.5751224072409443,0.6102048911547017,0.6483274849895343,0.6868925544307926,0.6836738791672874,0.5279582129633091,0.5792404013149816,0.6245043863711756,0.6813086327086356,0.6528563633320692,0.5944234582500889,0.6431497779154068,0.60606708440785,0.6699854913844627,0.625702124089028,0.5017114735495317,0.593334472548092,0.6855505562207638,0.621833216044326,0.6851132356986892,0.6085534240921932,0.6650147404412415,0.6936754851599529,0.0,0.5309981003546093,0.5619070798942981,0.6822761207611341,0.4839328274297007,0.6257741206941788,0.5197463840099135,0.6737168078932549,0.5074251372962573,0.668498757853468,0.60243496242623,0.6026445901348767,0.5719653509113832,0.5492514000741789,0.6003429093962983,0.6216656080283401,0.5765872063305328,0.6228460303203959
CRM,0.41270546193680707,0.5945072308515579,0.5027196601626286,0.4732090338186049,0.5145320424775556,0.519984993707173,0.580012185311155,0.43361858847017015,0.6618551096968772,0.6367930671133546,0.705912977337835,0.5165992325294539,0.4340075010761083,0.4773044679156154,0.6872811478906357,0.5567796824742771,0.3782418480085363,0.5834151549975147,0.4584584531008353,0.6830973174209417,0.643416756674066,0.5266339705989692,0.595882264056083,0.6322006584701126,0.5735224798468829,0.629117292274289,0.6589543461616001,0.700588013726393,0.6570360244143701,0.5309981003546093,0.0,0.6217566496811692,0.702342512722328,0.5310007058869707,0.5905758105303149,0.5609186022846497,0.6853315497137862,0.4511758044444564,0.6221487364848289,0.6283392217289547,0.5422590543352467,0.548898422043547,0.5729689671481989,0.6146125369421092,0.575254705124668,0.4251106320995488,0.678673401800444
ABBV,0.5965488908220922,0.676477351765535,0.5840679389991956,0.647767784935,0.5913691152891143,0.598205922347736,0.6110852843017934,0.5484864673673925,0.6649295170803753,0.6718358179887699,0.6345246069295447,0.634985534640668,0.4992250802553774,0.6912506423431881,0.6663538493023133,0.6710965028853646,0.6123704788552926,0.6774749675240705,0.6122156846113801,0.6463060685364144,0.5918236933013701,0.6476267183785793,0.594344435794219,0.6010990820506023,0.7053497419333761,0.6882810987275852,0.6497471278863003,0.6230371944263471,0.6871117496622525,0.5619070798942981,0.6217566496811692,0.0,0.7068321571850738,0.5678275775951471,0.6747985348404756,0.516816048642629,0.6973749891751636,0.5324637990311814,0.6694538778613188,0.5418528194241021,0.5383529532086674,0.5908420600058307,0.603335393777389,0.5267364853716885,0.6866106959895624,0.6820057853436049,0.6829123692297172
CVX,0.6980061470645942,0.7043695120942328,0.658199791223949,0.6979331230402405,0.6611834159157528,0.6571195906235078,0.6472313961238979,0.6843208013614352,0.6049518245665895,0.5770611739485854,0.6100501730018412,0.699269297987179,0.6887315646946903,0.6975834566866527,0.59071362055517,0.6749376465062705,0.6599692087640101,0.585994284409166,0.7051457031005028,0.6241935861225858,0.6747654577681509,0.6388824348037366,0.5920199601390466,0.671734580263329,0.6963119548183587,0.6000745679019915,0.6531953323101779,0.45014166064863853,0.6186130635545645,0.6822761207611341,0.702342512722328,0.7068321571850738,0.0,0.6772851683573214,0.7005063832327441,0.6758084165588794,0.6411377018892503,0.6255800131137862,0.7024026679668154,0.6762619391790505,0.6837766221074437,0.640097361171937,0.653767656547973,0.6884156365181872,0.6971152891989643,0.6560491606338309,0.6677464832012056
TMO,0.5306612992423018,0.599661624853308,0.5987329805572379,0.5643845684792603,0.5189173064885064,0.5270917920832274,0.5504119535514266,0.579791250414189,0.7065513255132728,0.6789479828875159,0.6400689509930694,0.5685509096996587,0.5480612138494165,0.6185711317173592,0.6867235125039489,0.6209729391552451,0.5362539574500752,0.6069407306506873,0.5953031399385623,0.6168609911113827,0.5732292417021623,0.49154832637653506,0.5231267815471389,0.6440683371769241,0.6320071488429271,0.669443290188886,0.7035317421240106,0.651482529548044,0.7004302321207936,0.4839328274297007,0.5310007058869707,0.5678275775951471,0.6772851683573214,0.0,0.642254119622183,0.4395465983587309,0.6819121050884451,0.5421919977333718,0.6967531202462744,0.5265617973671675,0.6124955042341094,0.5683642319367088,0.5753267849709589,0.49523682441327055,0.5582654119132577,0.5895855972220065,0.6503074708440875
MCD,0.578932619032501,0.6537848813915774,0.6380926683893775,0.6368173224190237,0.7035778279200229,0.6899770073865837,0.6814981789186941,0.651384789117064,0.5936788172533162,0.6618206424596187,0.6604640816748546,0.6507032808073229,0.5995868638544256,0.676288268116944,0.6974899034320095,0.7034460203515744,0.6845365855576728,0.698677260187807,0.6288685638999851,0.6734011159769102,0.6689668383945204,0.6499756874349298,0.6683410725486896,0.6720387796295378,0.6340642706434053,0.6776390974999318,0.6592827673259131,0.68568974989112,0.6504342596424012,0.6257741206941788,0.5905758105303149,0.6747985348404756,0.7005063832327441,0.642254119622183,0.0,0.6911569185384184,0.6738525754436667,0.6214052535315714,0.6505781144184601,0.668112639590864,0.6670811992083975,0.6283430646096244,0.6703319131277415,0.7032689689194804,0.7055082956926172,0.6613615742894408,0.6838059731923325
AMGN,0.5223367185929376,0.5489992008865778,0.5654967879924896,0.6005730567637907,0.5150162264271603,0.5109116308943704,0.5604876504571521,0.5246351660643013,0.6562319610097155,0.6017463915603375,0.6483373696642277,0.5565408433954802,0.490861301329052,0.5860470614304674,0.6491741896636176,0.5889099243207498,0.575193495091471,0.5739983192508386,0.6029546451923222,0.6233590419569232,0.5154430750207605,0.43274045606545486,0.5564201904121153,0.669453948446744,0.6608290085344997,0.5653284431329422,0.665498838925911,0.6451331262918991,0.6791449050782739,0.5197463840099135,0.5609186022846497,0.516816048642629,0.6758084165588794,0.4395465983587309,0.6911569185384184,0.0,0.6376793897482944,0.48945533324601487,0.6888191223756912,0.6124892951964224,0.5080803294828472,0.49454409983060155,0.6069055282447089,0.5170860600984789,0.5924816487881595,0.6030530701123094,0.6314918346480698
COST,0.6678450643357242,0.6454754744885238,0.7042097305542077,0.7006545409078908,0.6841663718620585,0.684932228742064,0.703446761767557,0.7039001274014061,0.6374095164165706,0.6650273682644213,0.5903655179175434,0.7026369432790738,0.7002228025588967,0.6901563492564753,0.6590616939816516,0.6735717191515672,0.704547756233236,0.6393168050655292,0.6971203064174385,0.6777931893234415,0.6961756721582708,0.6766454304096501,0.6901641753522636,0.6165780594971675,0.6537412797881738,0.6594987148519227,0.6572174427643975,0.6238924486567933,0.4914495155236219,0.6737168078932549,0.6853315497137862,0.6973749891751636,0.6411377018892503,0.6819121050884451,0.6738525754436667,0.6376793897482944,0.0,0.7053523224340386,0.7014827628164602,0.6392576783100569,0.6766506683673091,0.6875047881920867,0.7006543903487666,0.6739676408505026,0.6988114503231949,0.6947907990877619,0.6559207131656184
ACN,0.4835757718394047,0.6434797876213227,0.5889671971610367,0.6140392621186307,0.5926421215179221,0.593797971929784,0.4569785138609789,0.5331858729460368,0.5890151996240883,0.6452023394523072,0.6330528107428323,0.5594731381536111,0.4568118316244465,0.5428357601601396,0.6792695083384884,0.5761480444096987,0.541618470634148,0.5650722962502999,0.5306191859986199,0.6760598245921766,0.5710713817911577,0.47111191350123416,0.5707989777150387,0.7044771785385239,0.5276795929125759,0.6600331096982562,0.5818473373064175,0.5767636809626947,0.6322334402293991,0.5074251372962573,0.4511758044444564,0.5324637990311814,0.6255800131137862,0.5421919977333718,0.6214052535315714,0.48945533324601487,0.7053523224340386,0.0,0.5841467487225188,0.5873813493782332,0.4552097494324878,0.4935475907402067,0.592849121263094,0.5739429282742764,0.6002717195712353,0.47895584797023105,0.6096951494493547
NEE,0.6332448492643208,0.6157537411254965,0.6860398649371149,0.6891795583832467,0.7036447556598131,0.6935551746020487,0.5555434882573735,0.5742969336067097,0.5702284507330361,0.6147682417883165,0.6083241138357255,0.6066855870617252,0.5518307179767207,0.6244842408361426,0.6976926880165909,0.6710529724217342,0.5831055306841725,0.668392802246425,0.6649553799574798,0.6798933356715802,0.6596260828427775,0.6628891751070118,0.6688543662983284,0.6540609308442203,0.5341383971121254,0.6100729778856742,0.5943193481182711,0.7062207335367088,0.6732098184846422,0.668498757853468,0.6221487364848289,0.6694538778613188,0.7024026679668154,0.6967531202462744,0.6505781144184601,0.6888191223756912,0.7014827628164602,0.5841467487225188,0.0,0.701103208573157,0.6364747942330857,0.63833245535427,0.6984471007542752,0.6985989155957495,0.6328697501233413,0.6220466142484636,0.6573948902271344
LLY,0.6214632130131449,0.6958293873439952,0.6298884899295731,0.611223959034348,0.5493778655189352,0.5506996288209003,0.6204815883045333,0.6572088874696,0.6666617604307731,0.7014795154980742,0.6636663442332784,0.6287582383408278,0.6684261213161319,0.6790689138487563,0.6607740014815814,0.6625585405596317,0.6329502295997521,0.637171223558881,0.6043544483528182,0.6817247474561675,0.5697761250234018,0.5409703473096136,0.5102691265668339,0.6655826568856937,0.700973034501742,0.6722761780165742,0.6961155035106874,0.6151122792328544,0.6656890296120966,0.60243496242623,0.6283392217289547,0.5418528194241021,0.6762619391790505,0.5265617973671675,0.668112639590864,0.6124892951964224,0.6392576783100569,0.5873813493782332,0.701103208573157,0.0,0.6026165308857523,0.6534048254938597,0.6387056220727753,0.5697437519800604,0.6304163947246525,0.6016138386997771,0.6987068753984815
BMY,0.5501078542788614,0.6645456089531354,0.6610646604168731,0.6841349096182566,0.6004161964310941,0.5936054268084433,0.5644041717323489,0.583299207485147,0.6881416840325744,0.6831296522208352,0.6743856870675878,0.5329716338936521,0.5646367409786713,0.6177291565223397,0.6253482324240905,0.661362463419358,0.5791405057391523,0.6816489805766079,0.6723502240611927,0.6500717018852316,0.592612018029642,0.603598327633526,0.6632964812712012,0.6700220420180865,0.6174223933587141,0.6618327677524475,0.6683346265657165,0.6847686039413603,0.705355476093579,0.6026445901348767,0.5422590543352467,0.5383529532086674,0.6837766221074437,0.6124955042341094,0.6670811992083975,0.5080803294828472,0.6766506683673091,0.4552097494324878,0.6364747942330857,0.6026165308857523,0.0,0.6110609442424306,0.6150620874280748,0.5991462472128067,0.6728307314060714,0.5886661697388085,0.6753724232938529
LIN,0.5326110881108665,0.5806447142449297,0.567739611042874,0.6175512403174701,0.5464746288327742,0.5550918316749563,0.6217128113425184,0.5242185645724592,0.63092084711562,0.5882756355086396,0.6565429382903678,0.6433147375610129,0.4828819433595825,0.5546384438336665,0.6767355414563786,0.6323985165163942,0.5880004181904598,0.6300293248275556,0.6088412195251698,0.7027179506070513,0.6219120815904066,0.5203104251199913,0.6247035709533075,0.7028550850639435,0.6082973315351433,0.5865534013522783,0.6686109791196408,0.5696375641495688,0.6841307898227669,0.5719653509113832,0.548898422043547,0.5908420600058307,0.640097361171937,0.5683642319367088,0.6283430646096244,0.49454409983060155,0.6875047881920867,0.4935475907402067,0.63833245535427,0.6534048254938597,0.6110609442424306,0.0,0.6614303037316063,0.5580894872794099,0.6226794607630812,0.5856885502060354,0.6127773805982659
MDT,0.5793146537504401,0.6421931746898908,0.6511568201475704,0.6340280509631697,0.6965649562692487,0.6956725193971164,0.6271596114555722,0.6022053474755865,0.693756198774131,0.6676586703356,0.6536009719473149,0.6328231388447552,0.5917143033966163,0.6321689355610062,0.6879077575615502,0.6516921037729551,0.5733968082261699,0.6028047946616024,0.6663051507479126,0.6895655991692232,0.6434011612311823,0.6291899651649393,0.6496719803808183,0.679640364171515,0.6338616940865937,0.6683824660892695,0.6207805702418548,0.6956824242432889,0.6700538079523207,0.5492514000741789,0.5729689671481989,0.603335393777389,0.653767656547973,0.5753267849709589,0.6703319131277415,0.6069055282447089,0.7006543903487666,0.592849121263094,0.6984471007542752,0.6387056220727753,0.6150620874280748,0.6614303037316063,0.0,0.5636160079975395,0.648896271009601,0.5748396088268415,0.6815480185383854
DHR,0.573502388327185,0.616472455213969,0.6335176806503888,0.6445168406099545,0.5856410308265217,0.5830818335417534,0.5970503999983297,0.5525197512026261,0.6939652925039947,0.6878000447584217,0.5324026774687672,0.633312509805353,0.5346066943759372,0.6513971202930499,0.6340128914010879,0.6271653949132361,0.5657323972388076,0.673380672568154,0.6461649979018066,0.644378046477554,0.5655310266582853,0.5784738861234758,0.5952051877397926,0.702210368693426,0.6745910914419891,0.7012803919370761,0.6727835998583923,0.6535977661565137,0.701419017567125,0.6003429093962983,0.6146125369421092,0.5267364853716885,0.6884156365181872,0.49523682441327055,0.7032689689194804,0.5170860600984789,0.6739676408505026,0.5739429282742764,0.6985989155957495,0.5697437519800604,0.5991462472128067,0.5580894872794099,0.5636160079975395,0.0,0.5920618224599117,0.6142366465943896,0.6902170210238392
PM,0.5811761952566501,0.609554441294478,0.5813156941026326,0.5723119165634704,0.5796216542298437,0.5678512180874633,0.535072642309112,0.5878029101674233,0.5924014579406842,0.6627852831824619,0.6446285131722104,0.5994983969906013,0.6233774236373691,0.6392347438350312,0.7061528329479184,0.6118160997783217,0.5072836399012198,0.6169925138142367,0.5960855065017976,0.6873553793271079,0.6811503126806797,0.5414388006602736,0.5780880658871623,0.6725924964126243,0.4700827250266769,0.6660341830234228,0.5476580964698861,0.6861649867141238,0.6493208379929444,0.6216656080283401,0.575254705124668,0.6866106959895624,0.6971152891989643,0.5582654119132577,0.7055082956926172,0.5924816487881595,0.6988114503231949,0.6002717195712353,0.6328697501233413,0.6304163947246525,0.6728307314060714,0.6226794607630812,0.648896271009601,0.5920618224599117,0.0,0.6162131436725192,0.7052213402672729
