,MSFT,AAPL,AMZN,FB,GOOGL,GOOG,JNJ,V,PG,JPM,HD,UNH,MA,NVDA,VZ,NFLX,ADBE,INTC,PYPL,T,PFE,CSCO,MRK,CMCSA,PEP,BAC,KO,XOM,WMT,ABT,CRM,ABBV,CVX,TMO,MCD,AMGN,COST,ACN,NEE,LLY,BMY,LIN,MDT,DHR,PM,TXN,NKE
MSFT,0.0,0.47511533173823894,0.39448489848566637,0.43893478755105664,0.40150588727047626,0.4143128410480624,0.5649467060930528,0.4634595374116681,0.6347324450473375,0.6854070875565884,0.6908844095637523,0.566385476614487,0.4296595152974194,0.47287720967398333,0.6791188631098912,0.5373864073717891,0.36256266346417004,0.5381093650037034,0.450341624226858,0.6868283163876296,0.6649041507777204,0.47052298230418615,0.6310741007105654,0.6186847038005107,0.5528467775784598,0.6389626782246518,0.5722726261087282,0.6981850483905192,0.6498050575693385,0.5425452653878332,0.41894569075549776,0.5863975174651779,0.7039459595887035,0.5379558316029742,0.5797799300712847,0.4988723046144861,0.6601989298000781,0.4750903888453506,0.6087505772026112,0.607535745417029,0.5345253410181756,0.5251272926088258,0.5737047799553294,0.5609752278915632,0.5611949528302862,0.3887218233352308,0.6285590114253932
AAPL,0.47511533173823894,0.0,0.47325648678540716,0.523588574081708,0.5103802101440563,0.5122806287353842,0.6503912157418555,0.4716937760930739,0.6330545866673842,0.6086431136388973,0.7047649614427645,0.5696914574079556,0.4604841792743362,0.522628395643953,0.66556404490675,0.5861221427862031,0.47480260366657756,0.5556502572245965,0.5349751003374735,0.6956580282536061,0.6908163016820613,0.5247597211239502,0.7044787399228526,0.6410568470149542,0.574802426019729,0.5841291669804635,0.6364987542223444,0.6477365570436574,0.6137410353229577,0.6227227883980508,0.5878909540852323,0.6570010034313767,0.7001138594483893,0.5956757502774848,0.6344780072708514,0.521956669576925,0.646207836251511,0.6156585337925808,0.6139723997707168,0.7042639548061606,0.6493280073046299,0.5737336493854501,0.6362218391324829,0.5988115924549613,0.5937193761796172,0.5293542757571652,0.6629709516887536
AMZN,0.39448489848566637,0.47325648678540716,0.0,0.3971534729405308,0.38046682044086266,0.39373124212185884,0.6644026704391734,0.4413487853828344,0.6502573733926874,0.6631229723826828,0.6746937289389762,0.5897462583065477,0.4721741238194689,0.49903309518291705,0.6965421074110115,0.4847638767530776,0.4594111077948872,0.5676238662453886,0.410506800275858,0.671024152982095,0.6780669216276469,0.5387180474026037,0.6566040246314353,0.6687618252828841,0.5859595923526445,0.5957947771626244,0.585738628077313,0.684149476298164,0.6661616507787927,0.5843594106402134,0.5042320778636873,0.5707015050988555,0.664124307403628,0.5963129141913217,0.6368572541875468,0.5399585669306977,0.7032108868285969,0.5719258253286427,0.6691139328837231,0.6222581644618855,0.6489439736139547,0.5564195974791627,0.6398064648693603,0.6224692377052164,0.5612383465380453,0.521929442267858,0.6953635169417377
FB,0.43893478755105664,0.523588574081708,0.3971534729405308,0.0,0.4137924364638011,0.4199273621029739,0.6142421168694222,0.45409749569474095,0.6067837828658562,0.6590035474982132,0.6940358928481064,0.6103445427413655,0.4871781534508393,0.463715341239187,0.5900946256327384,0.46478398473764554,0.45760056399618476,0.5114718800151998,0.36546729722240096,0.6578033035023528,0.6511354131656141,0.5662641889078198,0.5690004676396123,0.6143169876437419,0.5798782122845033,0.634627610747774,0.5979883047086834,0.7025523179675593,0.6278296877636909,0.6295960919027876,0.47448875471332314,0.6273038548993907,0.6888030963240853,0.5631884142878535,0.6288306372335717,0.5671607345622892,0.7051069212080425,0.5881008293347394,0.6686297371584368,0.6001174515174907,0.6666460462053507,0.6062354507958889,0.6216072730137839,0.6280824844662692,0.5476285638295553,0.519483308656688,0.6762253211634676
GOOGL,0.40150588727047626,0.5103802101440563,0.38046682044086266,0.4137924364638011,0.0,0.057750596417996646,0.614101823830613,0.44519163399252837,0.6911820071033643,0.6970990000061262,0.6897175847537913,0.5604376893599426,0.4920687783092111,0.48327793768391886,0.6898311632296583,0.46019283776029307,0.4486669767232778,0.5636426301133168,0.45230926284259004,0.7030597399532587,0.6058057859821556,0.5168205931232346,0.649976048566237,0.6268116788924302,0.621979638773174,0.6607676385612079,0.6550318626556202,0.7011576958913694,0.706452570205648,0.5792289032699205,0.5177466727598686,0.563769336988282,0.6735008245581712,0.5214645567749935,0.7066661015104241,0.46833663634169076,0.6771553258070595,0.5633695315281904,0.6665925529453192,0.5344717433732175,0.5752527198952101,0.5319099777860045,0.6802073777701441,0.5638148073652922,0.5448782860139144,0.5001725430649133,0.6964402752443185
GOOG,0.4143128410480624,0.5122806287353842,0.39373124212185884,0.4199273621029739,0.057750596417996646,0.0,0.6198104107990712,0.43803677522499046,0.6937219019960532,0.7025338866137959,0.6864105555139315,0.5659407643986937,0.4941412797984028,0.4883905835390712,0.6838697030322589,0.4518985180622032,0.448811463095742,0.56699948859722,0.4581636582216068,0.7067827793920494,0.6132517049260338,0.5207538829161747,0.6534787270818742,0.6256458878421132,0.6170729314784716,0.6695115706484275,0.6523151783325997,0.693883985066934,0.7022760944644934,0.5933267439903666,0.5240164066075845,0.5732549213176588,0.6704524905821541,0.5320219515684524,0.6949627416320832,0.46664435348312844,0.677878753356409,0.5661044836451175,0.6581461289746773,0.5359074034778224,0.5689210535639234,0.5424160409491464,0.6801839064306561,0.5619847507721947,0.5351410079744806,0.5061266016769088,0.7060906502008666
JNJ,0.5649467060930528,0.6503912157418555,0.6644026704391734,0.6142421168694222,0.614101823830613,0.6198104107990712,0.0,0.6184861436495895,0.5385053191420324,0.688115187326047,0.689467107137831,0.5188473801225401,0.5720701309185594,0.5996171251808685,0.6512008982814779,0.5843999640427444,0.5246140003531139,0.5762235787207276,0.6026041827829137,0.7051792466157956,0.5746006121500425,0.5753351135632636,0.4864187230397139,0.7014958092728765,0.5413135152719355,0.6775315694550883,0.6520865926663562,0.6416767211766821,0.7044181789696874,0.5766495222176707,0.5727293763327768,0.6155392435862852,0.648098609857728,0.562263000648738,0.6811192371692364,0.5714415542499017,0.706161233004261,0.47554675252197304,0.5443876690220073,0.6082881548224198,0.554991661547732,0.6251450708263969,0.6358748295252887,0.5929669764926881,0.5407512150517002,0.567923277413778,0.6696190453146543
V,0.4634595374116681,0.4716937760930739,0.4413487853828344,0.45409749569474095,0.44519163399252837,0.43803677522499046,0.6184861436495895,0.0,0.6404984971717471,0.6440288989261266,0.7029075464807243,0.5930939190520086,0.26370450899204145,0.5006758779687126,0.6805597380879991,0.48763692959911437,0.3920033809867847,0.5623398246291664,0.46719543503038957,0.7013573028508318,0.6485216970927695,0.5234806535282428,0.6618268308575994,0.6389459131665098,0.5811028456337318,0.6294948735427432,0.6186974189538191,0.7031141810529117,0.6784595233341624,0.6031523260861078,0.4372839206384155,0.539650976981951,0.6863878297174941,0.5732786321093424,0.6520682829786656,0.5073594823127416,0.6978694961636324,0.5169919437118354,0.5751100401303398,0.6567188839025969,0.5837258206341127,0.5131540581684543,0.5905027923566576,0.5492000709188286,0.5737479222757302,0.5043680257622123,0.6993328528664747
PG,0.6347324450473375,0.6330545866673842,0.6502573733926874,0.6067837828658562,0.6911820071033643,0.6937219019960532,0.5385053191420324,0.6404984971717471,0.0,0.7058841293160092,0.6847135711696459,0.6645405743342644,0.6070554512814398,0.6678050051077533,0.5227671890724522,0.6584644272457031,0.6686022358580043,0.6098384872091638,0.5973897867352314,0.5866190929752378,0.6913774225662631,0.6358758675428856,0.5511714855506534,0.6640628830897842,0.5167500209266682,0.6822350732334749,0.48690026341943465,0.532345457510532,0.5848073438603479,0.6662168930118489,0.6365856060785643,0.6738703965794983,0.6022030565719139,0.7064152157747695,0.574203122064638,0.6556624291205706,0.6241369672921633,0.5936119679050916,0.570668165130341,0.6869199072289874,0.6746765440546425,0.6200240089371108,0.7034203352432432,0.7011183089670051,0.588478202027862,0.6630150051122357,0.6753891218506647
JPM,0.6854070875565884,0.6086431136388973,0.6631229723826828,0.6590035474982132,0.6970990000061262,0.7025338866137959,0.688115187326047,0.6440288989261266,0.7058841293160092,0.0,0.6891716847003063,0.6671855546626919,0.6503592111421316,0.6161376121936708,0.6501904748894654,0.6892056303898114,0.6937189225861814,0.5904887656994784,0.6196727274473524,0.6368772919264596,0.6345942427211879,0.5602167701536476,0.6964584680567127,0.5903409083739476,0.683381710237681,0.20560243724357186,0.6628218962656268,0.6299752407743809,0.6548141399340585,0.6813998670251603,0.6457503100903346,0.6754882826569292,0.5808071365135785,0.6669817320849728,0.6690140456819519,0.5920348819221927,0.661046241932695,0.6312223122730235,0.6076376125240868,0.6990917008406615,0.6960186541869318,0.5787933796760915,0.6523683924841206,0.6833981482595426,0.6744241979368584,0.6130633807289426,0.6472159955135761
HD,0.6908844095637523,0.7047649614427645,0.6746937289389762,0.6940358928481064,0.6897175847537913,0.6864105555139315,0.689467107137831,0.7029075464807243,0.6847135711696459,0.6891716847003063,0.0,0.6728047909914052,0.6999462872211062,0.6447890127312251,0.6858147122744617,0.6905713802831287,0.6902997201126576,0.6626086215398748,0.6943197412431146,0.6910761959991906,0.631593294626799,0.6173450712127807,0.6479940843412714,0.6406367595716268,0.7035202712916006,0.6814934645909007,0.6590692331295,0.5750030017673254,0.6174459362544635,0.6893724706334431,0.7046834147678929,0.635541678847281,0.6116064466953477,0.6359819807367604,0.657927567908431,0.6506241154572794,0.590051728486201,0.6302809730777691,0.597937603638238,0.6672800772712706,0.6803600762449858,0.6549575552077774,0.6527170430431447,0.5370284576894521,0.6473313936199057,0.6897828374340825,0.6547165128973456
UNH,0.566385476614487,0.5696914574079556,0.5897462583065477,0.6103445427413655,0.5604376893599426,0.5659407643986937,0.5188473801225401,0.5930939190520086,0.6645405743342644,0.6671855546626919,0.6728047909914052,0.0,0.5951862465949901,0.5708328534340957,0.6719509002150448,0.6316337127337529,0.5433901679516757,0.6070962507490181,0.6488361621487791,0.6978788003889116,0.6058407920963055,0.5912158989709562,0.6181059157318579,0.7062531492908036,0.5509950620041747,0.6539070911494677,0.6455225180626167,0.7070792365993207,0.6707381969224239,0.5104271748875853,0.516700268332598,0.6187402633255317,0.6927030755718622,0.5662653782689404,0.6424936240156498,0.5401467638994945,0.7031684309597143,0.5372182783092413,0.5989505613080628,0.6257069091824943,0.5262207879851201,0.6390175122780113,0.6245363935893126,0.6245765750929159,0.5871786440958601,0.6269954147749968,0.6284326188461764
MA,0.4296595152974194,0.4604841792743362,0.4721741238194689,0.4871781534508393,0.4920687783092111,0.4941412797984028,0.5720701309185594,0.26370450899204145,0.6070554512814398,0.6503592111421316,0.6999462872211062,0.5951862465949901,0.0,0.48641900667568977,0.6836562300438425,0.5309229384460163,0.42793501681797325,0.5293402370244156,0.44779661009232635,0.6984259795480303,0.6330373022073331,0.5151726323442071,0.6279865893664925,0.6957332518192102,0.5720083735514573,0.6503451755274909,0.602680624509799,0.6604007358224684,0.6454213403594949,0.5731672693255131,0.43633606733359476,0.49164686530160445,0.6905251912241297,0.5429409387521333,0.60024800519215,0.4740362367694792,0.6930997533101778,0.4419716894702774,0.5519405306045537,0.6652287746382946,0.563812040207732,0.4716937034940374,0.5810991532294596,0.5307862769817059,0.6085284746825024,0.48290994793519537,0.667933837769991
NVDA,0.47287720967398333,0.522628395643953,0.49903309518291705,0.463715341239187,0.48327793768391886,0.4883905835390712,0.5996171251808685,0.5006758779687126,0.6678050051077533,0.6161376121936708,0.6447890127312251,0.5708328534340957,0.48641900667568977,0.0,0.6874505846302658,0.5422639857777194,0.4476469002870359,0.4875957712746165,0.5022606501555471,0.6486226923724936,0.6599706193677517,0.5896189500423958,0.680391143157235,0.6502314205168671,0.5611518463639429,0.5992923340622982,0.6075985118108822,0.6956450498598666,0.6721413178314786,0.6165684561607072,0.47830989444597344,0.6795558180627768,0.703062075428015,0.6155508853068384,0.672611790808099,0.5602436785132838,0.6974959027653936,0.5254280913881278,0.6132058140975898,0.6678518414255148,0.6058855140749158,0.544389648267754,0.6229713232731148,0.6389564020945104,0.619927602295905,0.4301568141635742,0.6513651435085095
VZ,0.6791188631098912,0.66556404490675,0.6965421074110115,0.5900946256327384,0.6898311632296583,0.6838697030322589,0.6512008982814779,0.6805597380879991,0.5227671890724522,0.6501904748894654,0.6858147122744617,0.6719509002150448,0.6836562300438425,0.6874505846302658,0.0,0.6587572867806927,0.6798622527868782,0.6047804129344612,0.5973309625069916,0.37186814106988536,0.6510609449376831,0.6203538853570447,0.47761202342297876,0.6127783574274558,0.6508198763604648,0.6648385431959072,0.5684193472287226,0.632960687515711,0.6289313614204216,0.6743735266053134,0.6825610239902536,0.6657935317596805,0.5925358731589694,0.6853324016016651,0.7033701562619891,0.6647282393407428,0.6507843043754691,0.683768443336955,0.6936760977530279,0.649079206398186,0.6440666531002374,0.6855808607057912,0.6909314215995965,0.6443749407156852,0.6966302272056122,0.6405798204190705,0.6468316915252877
NFLX,0.5373864073717891,0.5861221427862031,0.4847638767530776,0.46478398473764554,0.46019283776029307,0.4518985180622032,0.5843999640427444,0.48763692959911437,0.6584644272457031,0.6892056303898114,0.6905713802831287,0.6316337127337529,0.5309229384460163,0.5422639857777194,0.6587572867806927,0.0,0.49271922223415876,0.584268971472624,0.5046498437183407,0.6764998392651561,0.6368176167442953,0.5910406452684301,0.7001547387167866,0.6408659895102529,0.6207032895756083,0.6764498544140874,0.687375808004189,0.6830800604764289,0.6955455136852903,0.6436988800756585,0.5548060510646431,0.6615170951299438,0.680968217248914,0.6233186757234656,0.706062658942212,0.569519664736613,0.6808088812585229,0.5670250792017281,0.650801310039248,0.6486831820140007,0.6446504156689274,0.6245090281838866,0.6465948391606425,0.614737735651477,0.5960578669800453,0.5141018533940114,0.6869706584334851
ADBE,0.36256266346417004,0.47480260366657756,0.4594111077948872,0.45760056399618476,0.4486669767232778,0.448811463095742,0.5246140003531139,0.3920033809867847,0.6686022358580043,0.6937189225861814,0.6902997201126576,0.5433901679516757,0.42793501681797325,0.4476469002870359,0.6798622527868782,0.49271922223415876,0.0,0.5550487556283172,0.4930552144198705,0.6982036531743183,0.6835024891660111,0.5415565515680137,0.6569675240466227,0.6320528787506244,0.5382845484425026,0.6751108385505171,0.6035500668730247,0.6593833394097556,0.6855810573059895,0.5862969994458609,0.37710835715123425,0.5990958761060685,0.6670113908745522,0.5384887851243104,0.6777308298686825,0.5556096459927992,0.7062474847453379,0.5252645009424707,0.5720703591718412,0.6216734645911953,0.5664448451004561,0.5817315180449814,0.5686579717049796,0.5533574421873564,0.49355778328915617,0.41716459497508807,0.6689050943236787
INTC,0.5381093650037034,0.5556502572245965,0.5676238662453886,0.5114718800151998,0.5636426301133168,0.56699948859722,0.5762235787207276,0.5623398246291664,0.6098384872091638,0.5904887656994784,0.6626086215398748,0.6070962507490181,0.5293402370244156,0.4875957712746165,0.6047804129344612,0.584268971472624,0.5550487556283172,0.0,0.5271553496824322,0.6211722258067124,0.6434950392775753,0.5289985746158328,0.5582346729651767,0.5715422104032941,0.577945259771137,0.6051216582064957,0.565809676315505,0.5934672525757854,0.5716757674777427,0.6450801943386173,0.5766283902667082,0.6645488212682958,0.5823937218439365,0.6013347998612436,0.6866181568677062,0.5478168789519091,0.6361495932936334,0.5420780773446571,0.6683918477760448,0.623875335337959,0.6679650987590259,0.6182721426372156,0.5974226415490748,0.6582780258854984,0.6008968737197785,0.4783839867256238,0.6088837861549997
PYPL,0.450341624226858,0.5349751003374735,0.410506800275858,0.36546729722240096,0.45230926284259004,0.4581636582216068,0.6026041827829137,0.46719543503038957,0.5973897867352314,0.6196727274473524,0.6943197412431146,0.6488361621487791,0.44779661009232635,0.5022606501555471,0.5973309625069916,0.5046498437183407,0.4930552144198705,0.5271553496824322,0.0,0.6246853330637746,0.6549239687475397,0.5314771074529357,0.5871181363359297,0.6089579435280688,0.6118852693261977,0.6041065049801231,0.6115703427228779,0.6829721326514039,0.6440954079129715,0.6062412089661631,0.46150698335025686,0.6110918859765655,0.705051628348709,0.5876981927396291,0.6345948175333755,0.5758335461835851,0.6837205359191283,0.5216301661407657,0.6598831590182698,0.5990740459368585,0.6642679581930065,0.5898522067876159,0.6531863531476542,0.6383693231169992,0.5766761813636864,0.49320129182897215,0.6699897798065446
T,0.6868283163876296,0.6956580282536061,0.671024152982095,0.6578033035023528,0.7030597399532587,0.7067827793920494,0.7051792466157956,0.7013573028508318,0.5866190929752378,0.6368772919264596,0.6910761959991906,0.6978788003889116,0.6984259795480303,0.6486226923724936,0.37186814106988536,0.6764998392651561,0.6982036531743183,0.6211722258067124,0.6246853330637746,0.0,0.6884818638423995,0.6302333587324918,0.6122085466744122,0.6122679947753507,0.6239491147395076,0.653918276085146,0.5308642539667419,0.6240100522488591,0.6450828581232083,0.6647536660601575,0.6799939770057468,0.6435203361446922,0.6262109731954877,0.6211694545536036,0.664540201478395,0.6399134435221896,0.6685875010020761,0.6775267406502288,0.6671922050744077,0.6758247073575191,0.6589142341503371,0.6928553538710029,0.6954778206520943,0.6493805464946796,0.6766503006098313,0.5927533596863034,0.6743210289594449
PFE,0.6649041507777204,0.6908163016820613,0.6780669216276469,0.6511354131656141,0.6058057859821556,0.6132517049260338,0.5746006121500425,0.6485216970927695,0.6913774225662631,0.6345942427211879,0.631593294626799,0.6058407920963055,0.6330373022073331,0.6599706193677517,0.6510609449376831,0.6368176167442953,0.6835024891660111,0.6434950392775753,0.6549239687475397,0.6884818638423995,0.0,0.571351843698813,0.5069899697159218,0.6672146263420539,0.6994712772963226,0.6115443630856319,0.6829261417570724,0.613367932778858,0.7042275318728048,0.6130248452983469,0.6433648327572662,0.5919586824968562,0.6754696264127952,0.5788365090275602,0.6579104166418216,0.5145719953900072,0.6890358028393806,0.5780011965842626,0.6845433544243624,0.5650627884301508,0.5848595751481849,0.6172063526593005,0.6398040530485127,0.562699661438609,0.6720299551870735,0.6468273127425034,0.6426922082617278
CSCO,0.47052298230418615,0.5247597211239502,0.5387180474026037,0.5662641889078198,0.5168205931232346,0.5207538829161747,0.5753351135632636,0.5234806535282428,0.6358758675428856,0.5602167701536476,0.6173450712127807,0.5912158989709562,0.5151726323442071,0.5896189500423958,0.6203538853570447,0.5910406452684301,0.5415565515680137,0.5289985746158328,0.5314771074529357,0.6302333587324918,0.571351843698813,0.0,0.5292348567575407,0.5529212187580893,0.5897271041093676,0.5400820968925518,0.5950015009438676,0.6115503281878203,0.6626553854246837,0.5089812951910992,0.5150862406288828,0.6446609636675872,0.6382715336409749,0.4902085616627136,0.6435436802207856,0.42205200519580394,0.6696738680444062,0.46319579747544265,0.6615465723302859,0.527228570422734,0.5933390773411285,0.5107145519740602,0.6270555474035855,0.5682487350596304,0.5320129231664456,0.4351026823889608,0.6157545614594719
MRK,0.6310741007105654,0.7044787399228526,0.6566040246314353,0.5690004676396123,0.649976048566237,0.6534787270818742,0.4864187230397139,0.6618268308575994,0.5511714855506534,0.6964584680567127,0.6479940843412714,0.6181059157318579,0.6279865893664925,0.680391143157235,0.47761202342297876,0.7001547387167866,0.6569675240466227,0.5582346729651767,0.5871181363359297,0.6122085466744122,0.5069899697159218,0.5292348567575407,0.0,0.6836459577450877,0.623079352219503,0.6855101730638389,0.6015211956169649,0.5865189969852497,0.655884258570001,0.5876826374944044,0.5939105491187968,0.6010148013020402,0.5952852750284463,0.5325455437922026,0.6766460453545607,0.5674376150233806,0.6850607054958473,0.5866235646631602,0.6534715576526334,0.5073729004058387,0.6584560030242952,0.6251584276992423,0.6523655219591411,0.5963152912370803,0.5795783901661757,0.6504855733784416,0.6572880933299048
CMCSA,0.6186847038005107,0.6410568470149542,0.6687618252828841,0.6143169876437419,0.6268116788924302,0.6256458878421132,0.7014958092728765,0.6389459131665098,0.6640628830897842,0.5903409083739476,0.6406367595716268,0.7062531492908036,0.6957332518192102,0.6502314205168671,0.6127783574274558,0.6408659895102529,0.6320528787506244,0.5715422104032941,0.6089579435280688,0.6122679947753507,0.6672146263420539,0.5529212187580893,0.6836459577450877,0.0,0.6860115535709279,0.5984171982689483,0.6845963171626063,0.6690580485506156,0.6585750853303846,0.6727724686705054,0.6349501159042806,0.6102609902161247,0.6677879463159963,0.6390686456437538,0.6733978431655566,0.6488527133812929,0.610670430935532,0.6905060642594643,0.6675066851981812,0.6649452111612196,0.676272461015117,0.692941677336967,0.6673318981057905,0.7061287993497389,0.6564733938932868,0.5782724565970205,0.6393112590436355
PEP,0.5528467775784598,0.574802426019729,0.5859595923526445,0.5798782122845033,0.621979638773174,0.6170729314784716,0.5413135152719355,0.5811028456337318,0.5167500209266682,0.683381710237681,0.7035202712916006,0.5509950620041747,0.5720083735514573,0.5611518463639429,0.6508198763604648,0.6207032895756083,0.5382845484425026,0.577945259771137,0.6118852693261977,0.6239491147395076,0.6994712772963226,0.5897271041093676,0.623079352219503,0.6860115535709279,0.0,0.6701191675289874,0.44928121190335724,0.6351981774314139,0.5386339411696078,0.6277114608159284,0.5610746151197039,0.7034414730994779,0.6973683576928631,0.6280177783672404,0.6284002506225951,0.6429858537586033,0.6456522850403966,0.5222917847816374,0.5360249862237257,0.6840582088378676,0.6051536161343494,0.596936060904882,0.6321418364441465,0.662939944875376,0.46123823938443376,0.5669806976996432,0.6597782638060712
BAC,0.6389626782246518,0.5841291669804635,0.5957947771626244,0.634627610747774,0.6607676385612079,0.6695115706484275,0.6775315694550883,0.6294948735427432,0.6822350732334749,0.20560243724357186,0.6814934645909007,0.6539070911494677,0.6503451755274909,0.5992923340622982,0.6648385431959072,0.6764498544140874,0.6751108385505171,0.6051216582064957,0.6041065049801231,0.653918276085146,0.6115443630856319,0.5400820968925518,0.6855101730638389,0.5984171982689483,0.6701191675289874,0.0,0.6780982274895435,0.6496368005093915,0.6830153586633593,0.6800980007606696,0.6395829290860849,0.6961422358333769,0.5999722703505292,0.6589370460006813,0.6784364095146524,0.5592003015767867,0.660640937148576,0.6413288707139413,0.5983324652075015,0.6883228129113008,0.6764880712138853,0.5821954632126225,0.6551701911305667,0.7055200867720457,0.6744616115833436,0.6111477745594908,0.64912828344998
KO,0.5722726261087282,0.6364987542223444,0.585738628077313,0.5979883047086834,0.6550318626556202,0.6523151783325997,0.6520865926663562,0.6186974189538191,0.48690026341943465,0.6628218962656268,0.6590692331295,0.6455225180626167,0.602680624509799,0.6075985118108822,0.5684193472287226,0.687375808004189,0.6035500668730247,0.565809676315505,0.6115703427228779,0.5308642539667419,0.6829261417570724,0.5950015009438676,0.6015211956169649,0.6845963171626063,0.44928121190335724,0.6780982274895435,0.0,0.5750694357964358,0.5748885082916302,0.6342762625642142,0.6198412352020772,0.6574366185151148,0.6549230714145042,0.6950754016625706,0.6424179158770962,0.6461629993176738,0.6342357977500012,0.5668657015969517,0.6117193152913771,0.6677904714143632,0.6530728754686199,0.641736893855043,0.614444002608028,0.6567905776346931,0.521094723675802,0.6093119330055718,0.6720273689483004
XOM,0.6981850483905192,0.6477365570436574,0.684149476298164,0.7025523179675593,0.7011576958913694,0.693883985066934,0.6416767211766821,0.7031141810529117,0.532345457510532,0.6299752407743809,0.5750030017673254,0.7070792365993207,0.6604007358224684,0.6956450498598666,0.632960687515711,0.6830800604764289,0.6593833394097556,0.5934672525757854,0.6829721326514039,0.6240100522488591,0.613367932778858,0.6115503281878203,0.5865189969852497,0.6690580485506156,0.6351981774314139,0.6496368005093915,0.5750694357964358,0.0,0.5938235526656565,0.6562670068009313,0.6979701943181608,0.6158552378235835,0.4450250261501991,0.6485870647877313,0.687689506112549,0.6349206792448004,0.620187008902485,0.5667916833319983,0.7015216765448119,0.6171854006102996,0.683293383162484,0.5638991759342804,0.6881795563102264,0.6512627932124142,0.677252214732973,0.6411170056160257,0.6711432503240143
WMT,0.6498050575693385,0.6137410353229577,0.6661616507787927,0.6278296877636909,0.706452570205648,0.7022760944644934,0.7044181789696874,0.6784595233341624,0.5848073438603479,0.6548141399340585,0.6174459362544635,0.6707381969224239,0.6454213403594949,0.6721413178314786,0.6289313614204216,0.6955455136852903,0.6855810573059895,0.5716757674777427,0.6440954079129715,0.6450828581232083,0.7042275318728048,0.6626553854246837,0.655884258570001,0.6585750853303846,0.5386339411696078,0.6830153586633593,0.5748885082916302,0.5938235526656565,0.0,0.7010192569765098,0.6565067552169104,0.6868958265151921,0.6197032089430955,0.7062689636424466,0.6449108951876091,0.6804964062010509,0.4947724078168357,0.626313352444858,0.6915660656394608,0.6618682923848179,0.7017451893518415,0.6832084530706981,0.6692084419169938,0.699079207822127,0.6534996647367268,0.6412824059985491,0.7015729794392628
ABT,0.5425452653878332,0.6227227883980508,0.5843594106402134,0.6295960919027876,0.5792289032699205,0.5933267439903666,0.5766495222176707,0.6031523260861078,0.6662168930118489,0.6813998670251603,0.6893724706334431,0.5104271748875853,0.5731672693255131,0.6165684561607072,0.6743735266053134,0.6436988800756585,0.5862969994458609,0.6450801943386173,0.6062412089661631,0.6647536660601575,0.6130248452983469,0.5089812951910992,0.5876826374944044,0.6727724686705054,0.6277114608159284,0.6800980007606696,0.6342762625642142,0.6562670068009313,0.7010192569765098,0.0,0.515620452688953,0.5609934780811601,0.6816706726711796,0.485400069991773,0.6144498383811955,0.5281951511414242,0.6730239422913841,0.5090059087535218,0.6719025850966619,0.5899628819458149,0.5956393663211685,0.572856855769517,0.5563721508285603,0.5941092618271259,0.625388451343475,0.5643942732969937,0.6324316728353331
CRM,0.41894569075549776,0.5878909540852323,0.5042320778636873,0.47448875471332314,0.5177466727598686,0.5240164066075845,0.5727293763327768,0.4372839206384155,0.6365856060785643,0.6457503100903346,0.7046834147678929,0.516700268332598,0.43633606733359476,0.47830989444597344,0.6825610239902536,0.5548060510646431,0.37710835715123425,0.5766283902667082,0.46150698335025686,0.6799939770057468,0.6433648327572662,0.5150862406288828,0.5939105491187968,0.6349501159042806,0.5610746151197039,0.6395829290860849,0.6198412352020772,0.6979701943181608,0.6565067552169104,0.515620452688953,0.0,0.615130729008368,0.7004405589926814,0.5320690264994694,0.5905571698990081,0.5536595283715637,0.68849414732775,0.4426139936995246,0.6102808138398067,0.6270407289443489,0.5391250346635957,0.544577673468407,0.5660127894575036,0.6108662991637497,0.5663137779269025,0.4297902574873442,0.6699229307429055
ABBV,0.5863975174651779,0.6570010034313767,0.5707015050988555,0.6273038548993907,0.563769336988282,0.5732549213176588,0.6155392435862852,0.539650976981951,0.6738703965794983,0.6754882826569292,0.635541678847281,0.6187402633255317,0.49164686530160445,0.6795558180627768,0.6657935317596805,0.6615170951299438,0.5990958761060685,0.6645488212682958,0.6110918859765655,0.6435203361446922,0.5919586824968562,0.6446609636675872,0.6010148013020402,0.6102609902161247,0.7034414730994779,0.6961422358333769,0.6574366185151148,0.6158552378235835,0.6868958265151921,0.5609934780811601,0.615130729008368,0.0,0.7008778329707415,0.5628893304500384,0.683973928264241,0.5183407601607483,0.706632544701184,0.5404813269658314,0.666378947451961,0.537994077733032,0.5389729811094226,0.5800573555918775,0.5989566104181052,0.5269045370272999,0.6821001815400405,0.6692188184752618,0.6813814614641073
CVX,0.7039459595887035,0.7001138594483893,0.664124307403628,0.6888030963240853,0.6735008245581712,0.6704524905821541,0.648098609857728,0.6863878297174941,0.6022030565719139,0.5808071365135785,0.6116064466953477,0.6927030755718622,0.6905251912241297,0.703062075428015,0.5925358731589694,0.680968217248914,0.6670113908745522,0.5823937218439365,0.705051628348709,0.6262109731954877,0.6754696264127952,0.6382715336409749,0.5952852750284463,0.6677879463159963,0.6973683576928631,0.5999722703505292,0.6549230714145042,0.4450250261501991,0.6197032089430955,0.6816706726711796,0.7004405589926814,0.7008778329707415,0.0,0.6780554499888591,0.7068400144192976,0.6766579196378205,0.6348182551447087,0.6326802058721234,0.7068871000104029,0.6748152870506844,0.6832412604056637,0.6361906819642745,0.6547038101687953,0.6874299587875605,0.6951756168494102,0.6511116860602331,0.666423127203551
TMO,0.5379558316029742,0.5956757502774848,0.5963129141913217,0.5631884142878535,0.5214645567749935,0.5320219515684524,0.562263000648738,0.5732786321093424,0.7064152157747695,0.6669817320849728,0.6359819807367604,0.5662653782689404,0.5429409387521333,0.6155508853068384,0.6853324016016651,0.6233186757234656,0.5384887851243104,0.6013347998612436,0.5876981927396291,0.6211694545536036,0.5788365090275602,0.4902085616627136,0.5325455437922026,0.6390686456437538,0.6280177783672404,0.6589370460006813,0.6950754016625706,0.6485870647877313,0.7062689636424466,0.485400069991773,0.5320690264994694,0.5628893304500384,0.6780554499888591,0.0,0.6388520894770227,0.4396281030601532,0.6801534316657218,0.5297376724914876,0.6884283287941255,0.5342792604924756,0.6186934591478771,0.563390748383085,0.5693704214695845,0.49797373753854735,0.5554840868268307,0.5898197677776763,0.6455663538856108
MCD,0.5797799300712847,0.6344780072708514,0.6368572541875468,0.6288306372335717,0.7066661015104241,0.6949627416320832,0.6811192371692364,0.6520682829786656,0.574203122064638,0.6690140456819519,0.657927567908431,0.6424936240156498,0.60024800519215,0.672611790808099,0.7033701562619891,0.706062658942212,0.6777308298686825,0.6866181568677062,0.6345948175333755,0.664540201478395,0.6579104166418216,0.6435436802207856,0.6766460453545607,0.6733978431655566,0.6284002506225951,0.6784364095146524,0.6424179158770962,0.687689506112549,0.6449108951876091,0.6144498383811955,0.5905571698990081,0.683973928264241,0.7068400144192976,0.6388520894770227,0.0,0.690170719767348,0.6621068803480132,0.6315951123006589,0.638290802097485,0.6622157797787792,0.6708783028178549,0.6178030186824175,0.662088165593384,0.7050369155745667,0.6998197231329687,0.6595013652694524,0.6737294821339207
AMGN,0.4988723046144861,0.521956669576925,0.5399585669306977,0.5671607345622892,0.46833663634169076,0.46664435348312844,0.5714415542499017,0.5073594823127416,0.6556624291205706,0.5920348819221927,0.6506241154572794,0.5401467638994945,0.4740362367694792,0.5602436785132838,0.6647282393407428,0.569519664736613,0.5556096459927992,0.5478168789519091,0.5758335461835851,0.6399134435221896,0.5145719953900072,0.42205200519580394,0.5674376150233806,0.6488527133812929,0.6429858537586033,0.5592003015767867,0.6461629993176738,0.6349206792448004,0.6804964062010509,0.5281951511414242,0.5536595283715637,0.5183407601607483,0.6766579196378205,0.4396281030601532,0.690170719767348,0.0,0.6275538514711951,0.48225941019268126,0.6857244916920262,0.6017648655766124,0.5058493854240047,0.4809844601949047,0.6004516420185598,0.5116274082840654,0.5771620264166278,0.5744459529909198,0.6277423509448213
COST,0.6601989298000781,0.646207836251511,0.7032108868285969,0.7051069212080425,0.6771553258070595,0.677878753356409,0.706161233004261,0.6978694961636324,0.6241369672921633,0.661046241932695,0.590051728486201,0.7031684309597143,0.6930997533101778,0.6974959027653936,0.6507843043754691,0.6808088812585229,0.7062474847453379,0.6361495932936334,0.6837205359191283,0.6685875010020761,0.6890358028393806,0.6696738680444062,0.6850607054958473,0.610670430935532,0.6456522850403966,0.660640937148576,0.6342357977500012,0.620187008902485,0.4947724078168357,0.6730239422913841,0.68849414732775,0.706632544701184,0.6348182551447087,0.6801534316657218,0.6621068803480132,0.6275538514711951,0.0,0.6962406352102789,0.7017173981897922,0.6476721212033814,0.6696054187814723,0.6854622401445212,0.7021650279665776,0.6656456244488751,0.7048860995790139,0.6872002519668108,0.6546604674880294
ACN,0.4750903888453506,0.6156585337925808,0.5719258253286427,0.5881008293347394,0.5633695315281904,0.5661044836451175,0.47554675252197304,0.5169919437118354,0.5936119679050916,0.6312223122730235,0.6302809730777691,0.5372182783092413,0.4419716894702774,0.5254280913881278,0.683768443336955,0.5670250792017281,0.5252645009424707,0.5420780773446571,0.5216301661407657,0.6775267406502288,0.5780011965842626,0.46319579747544265,0.5866235646631602,0.6905060642594643,0.5222917847816374,0.6413288707139413,0.5668657015969517,0.5667916833319983,0.626313352444858,0.5090059087535218,0.4426139936995246,0.5404813269658314,0.6326802058721234,0.5297376724914876,0.6315951123006589,0.48225941019268126,0.6962406352102789,0.0,0.5914236269246913,0.5886068283599357,0.4655862475953966,0.47301673883964496,0.5819147543286237,0.5763031746149854,0.5903319696755875,0.4627561859923388,0.6018472578963623
NEE,0.6087505772026112,0.6139723997707168,0.6691139328837231,0.6686297371584368,0.6665925529453192,0.6581461289746773,0.5443876690220073,0.5751100401303398,0.570668165130341,0.6076376125240868,0.597937603638238,0.5989505613080628,0.5519405306045537,0.6132058140975898,0.6936760977530279,0.650801310039248,0.5720703591718412,0.6683918477760448,0.6598831590182698,0.6671922050744077,0.6845433544243624,0.6615465723302859,0.6534715576526334,0.6675066851981812,0.5360249862237257,0.5983324652075015,0.6117193152913771,0.7015216765448119,0.6915660656394608,0.6719025850966619,0.6102808138398067,0.666378947451961,0.7068871000104029,0.6884283287941255,0.638290802097485,0.6857244916920262,0.7017173981897922,0.5914236269246913,0.0,0.6890753408709176,0.614676616696644,0.6436809150194726,0.6884941293735756,0.7009014298572752,0.6331674541805207,0.602772711623511,0.669478508136807
LLY,0.607535745417029,0.7042639548061606,0.6222581644618855,0.6001174515174907,0.5344717433732175,0.5359074034778224,0.6082881548224198,0.6567188839025969,0.6869199072289874,0.6990917008406615,0.6672800772712706,0.6257069091824943,0.6652287746382946,0.6678518414255148,0.649079206398186,0.6486831820140007,0.6216734645911953,0.623875335337959,0.5990740459368585,0.6758247073575191,0.5650627884301508,0.527228570422734,0.5073729004058387,0.6649452111612196,0.6840582088378676,0.6883228129113008,0.6677904714143632,0.6171854006102996,0.6618682923848179,0.5899628819458149,0.6270407289443489,0.537994077733032,0.6748152870506844,0.5342792604924756,0.6622157797787792,0.6017648655766124,0.6476721212033814,0.5886068283599357,0.6890753408709176,0.0,0.5909344282216286,0.647151998051626,0.6348061289470432,0.5632154774930482,0.61837365966318,0.5907595819948013,0.6911221970080447
BMY,0.5345253410181756,0.6493280073046299,0.6489439736139547,0.6666460462053507,0.5752527198952101,0.5689210535639234,0.554991661547732,0.5837258206341127,0.6746765440546425,0.6960186541869318,0.6803600762449858,0.5262207879851201,0.563812040207732,0.6058855140749158,0.6440666531002374,0.6446504156689274,0.5664448451004561,0.6679650987590259,0.6642679581930065,0.6589142341503371,0.5848595751481849,0.5933390773411285,0.6584560030242952,0.676272461015117,0.6051536161343494,0.6764880712138853,0.6530728754686199,0.683293383162484,0.7017451893518415,0.5956393663211685,0.5391250346635957,0.5389729811094226,0.6832412604056637,0.6186934591478771,0.6708783028178549,0.5058493854240047,0.6696054187814723,0.4655862475953966,0.614676616696644,0.5909344282216286,0.0,0.6067930717429302,0.6154181261141775,0.5921987785017424,0.662443025050273,0.5742898973272074,0.6721625067286384
LIN,0.5251272926088258,0.5737336493854501,0.5564195974791627,0.6062354507958889,0.5319099777860045,0.5424160409491464,0.6251450708263969,0.5131540581684543,0.6200240089371108,0.5787933796760915,0.6549575552077774,0.6390175122780113,0.4716937034940374,0.544389648267754,0.6855808607057912,0.6245090281838866,0.5817315180449814,0.6182721426372156,0.5898522067876159,0.6928553538710029,0.6172063526593005,0.5107145519740602,0.6251584276992423,0.692941677336967,0.596936060904882,0.5821954632126225,0.641736893855043,0.5638991759342804,0.6832084530706981,0.572856855769517,0.544577673468407,0.5800573555918775,0.6361906819642745,0.563390748383085,0.6178030186824175,0.4809844601949047,0.6854622401445212,0.47301673883964496,0.6436809150194726,0.647151998051626,0.6067930717429302,0.0,0.6558302012068676,0.5502067345323423,0.6129825105493093,0.5744969976178246,0.60894343568799
MDT,0.5737047799553294,0.6362218391324829,0.6398064648693603,0.6216072730137839,0.6802073777701441,0.6801839064306561,0.6358748295252887,0.5905027923566576,0.7034203352432432,0.6523683924841206,0.6527170430431447,0.6245363935893126,0.5810991532294596,0.6229713232731148,0.6909314215995965,0.6465948391606425,0.5686579717049796,0.5974226415490748,0.6531863531476542,0.6954778206520943,0.6398040530485127,0.6270555474035855,0.6523655219591411,0.6673318981057905,0.6321418364441465,0.6551701911305667,0.614444002608028,0.6881795563102264,0.6692084419169938,0.5563721508285603,0.5660127894575036,0.5989566104181052,0.6547038101687953,0.5693704214695845,0.662088165593384,0.6004516420185598,0.7021650279665776,0.5819147543286237,0.6884941293735756,0.6348061289470432,0.6154181261141775,0.6558302012068676,0.0,0.5596573170193754,0.6456509613545883,0.5660975145694649,0.6831593354326334
DHR,0.5609752278915632,0.5988115924549613,0.6224692377052164,0.6280824844662692,0.5638148073652922,0.5619847507721947,0.5929669764926881,0.5492000709188286,0.7011183089670051,0.6833981482595426,0.5370284576894521,0.6245765750929159,0.5307862769817059,0.6389564020945104,0.6443749407156852,0.614737735651477,0.5533574421873564,0.6582780258854984,0.6383693231169992,0.6493805464946796,0.562699661438609,0.5682487350596304,0.5963152912370803,0.7061287993497389,0.662939944875376,0.7055200867720457,0.6567905776346931,0.6512627932124142,0.699079207822127,0.5941092618271259,0.6108662991637497,0.5269045370272999,0.6874299587875605,0.49797373753854735,0.7050369155745667,0.5116274082840654,0.6656456244488751,0.5763031746149854,0.7009014298572752,0.5632154774930482,0.5921987785017424,0.5502067345323423,0.5596573170193754,0.0,0.5825139582613394,0.6009439567632752,0.685004423924146
PM,0.5611949528302862,0.5937193761796172,0.5612383465380453,0.5476285638295553,0.5448782860139144,0.5351410079744806,0.5407512150517002,0.5737479222757302,0.588478202027862,0.6744241979368584,0.6473313936199057,0.5871786440958601,0.6085284746825024,0.619927602295905,0.6966302272056122,0.5960578669800453,0.49355778328915617,0.6008968737197785,0.5766761813636864,0.6766503006098313,0.6720299551870735,0.5320129231664456,0.5795783901661757,0.6564733938932868,0.46123823938443376,0.6744616115833436,0.521094723675802,0.677252214732973,0.6534996647367268,0.625388451343475,0.5663137779269025,0.6821001815400405,0.6951756168494102,0.5554840868268307,0.6998197231329687,0.5771620264166278,0.7048860995790139,0.5903319696755875,0.6331674541805207,0.61837365966318,0.662443025050273,0.6129825105493093,0.6456509613545883,0.5825139582613394,0.0,0.594492773238047,0.7041888305918523
