,MSFT,AAPL,AMZN,FB,GOOGL,GOOG,JNJ,V,PG,JPM,HD,UNH,MA,NVDA,VZ,NFLX,ADBE,INTC,PYPL,T,PFE,CSCO,MRK,CMCSA,PEP,BAC,KO,XOM,WMT,ABT,CRM,ABBV,CVX,TMO,MCD,AMGN,COST,ACN,NEE,LLY,BMY,LIN,MDT,DHR,PM,TXN,NKE
MSFT,0.0,0.705212024921067,0.6840768814834028,0.6529583203923901,0.5866672937157984,0.5765281979898137,0.6690373798681091,0.5239891775427373,0.6741133928689578,0.4918212786326239,0.637658000935195,0.6388068630252187,0.4619436745595308,0.7007423188712419,0.7052146922871347,0.6094916493141113,0.5326645047618456,0.5669011726448445,0.6575655824574013,0.6844249684917371,0.6724703870049853,0.5737022110245018,0.6434735366036498,0.5768137148251963,0.6913034703698172,0.5603760587247117,0.6599780705419582,0.6033017288596433,0.6715083078646896,0.6373112541468572,0.5563926779960187,0.6626581862136158,0.6822029151426656,0.6545730293667403,0.610923328071808,0.6331785895897721,0.6892086172235863,0.5816183570010963,0.6824349109312369,0.7047777148865584,0.6659868488500799,0.496713808389555,0.6385328341528049,0.6438364952539709,0.7001937298343585,0.5533139572683297,0.6697393435335154
AAPL,0.705212024921067,0.0,0.5992941438718639,0.49417947429385817,0.6419114028854909,0.6160176735925682,0.67707950750337,0.6684679354909537,0.6951490584266903,0.5620348170200998,0.6863344846447985,0.6444886783867705,0.6762411691581696,0.5849672632146088,0.6597496832322292,0.6865412646072189,0.6792823844635777,0.7070740889379726,0.6958545747909892,0.6877260586247832,0.6130855367711957,0.6864038460677462,0.6729402024123787,0.6558793016175017,0.6785481274853955,0.5778034878053449,0.6801021227104667,0.6915542271461743,0.7012890095573638,0.6036275774317352,0.6587758029100255,0.6799836963418359,0.647652307033157,0.6519104885755723,0.690170781687124,0.5773094143336207,0.68021491079668,0.6366258828436574,0.6224829457732686,0.6373808023274379,0.652854145191603,0.6214197867541342,0.6700822381803062,0.6943533875177555,0.695857633311256,0.5735093152968109,0.6782324854272933
AMZN,0.6840768814834028,0.5992941438718639,0.0,0.5296366960670387,0.5220912631611132,0.5082515273344245,0.6984730021928098,0.646121904595265,0.6842046166369172,0.6761088296241515,0.6664611761638953,0.682369928309761,0.6496889189093227,0.6847864205275891,0.6495700745312949,0.677989434600711,0.6502486515241441,0.6593820173776048,0.6291468122764113,0.6576895894456236,0.7064698121458626,0.6673915891742019,0.6851582365102509,0.660811883718551,0.6565555293166707,0.6566611532976755,0.6884872327972912,0.697143965402103,0.7005611565532344,0.654017460992958,0.597171487866226,0.6691109916385245,0.6491514832380016,0.7065949827739328,0.696815144184753,0.6693863068387997,0.643510798303292,0.6940698729753432,0.5993892714444321,0.6506255256911335,0.6847723100377447,0.6652974039310505,0.6867380236603118,0.6800299562556257,0.6751104201354631,0.6221237214508659,0.6746987212184057
FB,0.6529583203923901,0.49417947429385817,0.5296366960670387,0.0,0.5107203384396682,0.5067433151173942,0.665382947184055,0.6510432270063378,0.6466163144942265,0.5985713920459851,0.6906059120898073,0.6285674118469059,0.6685922431155056,0.5810387548019611,0.631976901217067,0.6166363008009855,0.617174060847333,0.6969942544732334,0.6474510881085179,0.6859355102728008,0.6932870894020676,0.6389256826830619,0.6875610586018911,0.6230640495900897,0.6119020052370588,0.6097002530507949,0.6803719846698588,0.6677809962363587,0.6453985433208064,0.6652738037219561,0.6470863024968956,0.7052511785498918,0.6813168399305582,0.6769068548765139,0.6834228250595349,0.6445321217558491,0.6211868126207014,0.689605835917207,0.6024295760132755,0.6778714351850516,0.6991621838447898,0.6557559875741034,0.7051163050989631,0.6889787325925856,0.6296355306310741,0.5198631446982985,0.6408662844694957
GOOGL,0.5866672937157984,0.6419114028854909,0.5220912631611132,0.5107203384396682,0.0,0.10693337024921207,0.6713470494192691,0.5837564823827152,0.7013063372971159,0.5460826934472073,0.6367694942120665,0.6550283445548842,0.5741967371285811,0.6368373211291687,0.681467629703665,0.6508439080276847,0.579126853245993,0.6132438600969098,0.564068850497963,0.7016020122377126,0.6979486930296236,0.6055264132304654,0.6818442205189356,0.6688380644593568,0.6542826000530367,0.5505665795424741,0.6556578937434602,0.6570573204776186,0.6823134209410464,0.6191727125363312,0.5756075158032987,0.6722059071818041,0.6156062207919475,0.6594621221700606,0.6889769161710014,0.6729700846494658,0.6678923475695788,0.5718823435181846,0.5721034330794211,0.7070623085480638,0.694644653342793,0.6041719924643305,0.6313945823802286,0.6455238184228003,0.6279798838844702,0.48257085094186597,0.6659213572881565
GOOG,0.5765281979898137,0.6160176735925682,0.5082515273344245,0.5067433151173942,0.10693337024921207,0.0,0.6490079227082783,0.5598208405933482,0.702048402989888,0.539224436516679,0.6444586039806465,0.6466100129600515,0.5582043807461392,0.6411649415449555,0.6884314598235407,0.6441973567292166,0.5551888904387626,0.5966644295789383,0.566767103781807,0.7019033364773971,0.6751162002255865,0.5974177621309088,0.684209326677663,0.6749723256053057,0.662230651997946,0.5423522253173376,0.6586497262205291,0.652302376789717,0.6810257174683061,0.6102802315417947,0.5685166231612216,0.6619028871258552,0.6135408105495542,0.6593389158648718,0.6785660805708068,0.6575673638638966,0.6636987438764795,0.5589980758056946,0.5745875631328546,0.700742684394001,0.7045966800503803,0.5957288874806814,0.6180470762677265,0.6452134850967327,0.6245072616564289,0.4704721660113608,0.6647593471476358
JNJ,0.6690373798681091,0.67707950750337,0.6984730021928098,0.665382947184055,0.6713470494192691,0.6490079227082783,0.0,0.654692479711463,0.6778732558139143,0.658163077105395,0.667331377158004,0.6402823734726921,0.5920298325130073,0.624105774920959,0.4444707606770422,0.6954694772518077,0.6874771840084386,0.6912919569791703,0.6955579751256254,0.5464146737726171,0.46122259394705084,0.5931330834267837,0.6618563256135419,0.6947283185579404,0.6697622881044195,0.6834558856749471,0.6937255450068418,0.6479248007814936,0.6969886388040721,0.6065026094061032,0.7025359627842127,0.5380256561949135,0.7024377325859148,0.5647544793093118,0.5927897886727501,0.5720072116731798,0.6596990208751583,0.6822027821708202,0.6384776744471925,0.5021387466066969,0.5403023972387294,0.6614541065400212,0.5245999628520751,0.5665473119102047,0.6140153670144487,0.6860340623345056,0.6443661494793128
V,0.5239891775427373,0.6684679354909537,0.646121904595265,0.6510432270063378,0.5837564823827152,0.5598208405933482,0.654692479711463,0.0,0.6655276510079535,0.47774721382308977,0.6232735395663913,0.6011084100555943,0.4298611245458705,0.7063411851734004,0.6929132458452185,0.6271049696866584,0.4581842943107476,0.628001426563501,0.6574180629438914,0.7031248772922201,0.6438020357246662,0.6047408939372743,0.6951692213639457,0.6709765756947991,0.6029521644276078,0.5231114600036944,0.7005076621676514,0.6356226576767761,0.6693179665177835,0.6451513053114661,0.59165280234336,0.7057074573566554,0.5980914462498688,0.7016003272684247,0.5678553956744079,0.5498109103881196,0.6903705378008339,0.6205962012346669,0.7025683542946447,0.6638781128869072,0.6709444092498058,0.5932227923980152,0.6304345389758651,0.6788225499342818,0.5830106825808289,0.5343935233159575,0.7069183946508157
PG,0.6741133928689578,0.6951490584266903,0.6842046166369172,0.6466163144942265,0.7013063372971159,0.702048402989888,0.6778732558139143,0.6655276510079535,0.0,0.6973179892149151,0.6934102463981505,0.6881692740671449,0.6134356627412288,0.6977398583031383,0.7006163872060914,0.6376937077443366,0.6366403951000361,0.6635293317859389,0.6300203710635158,0.6409579620068788,0.6176023438335103,0.6132153895044171,0.6257830760594748,0.6423290195844319,0.5978584378099348,0.6944436809647235,0.6128104022373457,0.598145208233827,0.6457805393284503,0.6667607620189764,0.598037766439944,0.6541971704649132,0.649913457353584,0.6696946628003861,0.6611707482096942,0.6468296976014513,0.6042923878540946,0.68553879077947,0.6968941808082016,0.6445232457705772,0.6249727969061359,0.6508708342959915,0.6967660367157367,0.6307651939269923,0.5840149817675281,0.6954597867943414,0.6531043546427229
JPM,0.4918212786326239,0.5620348170200998,0.6761088296241515,0.5985713920459851,0.5460826934472073,0.539224436516679,0.658163077105395,0.47774721382308977,0.6973179892149151,0.0,0.6040366345968615,0.5547245217582362,0.4773326287458622,0.6517776825195567,0.6774315593698591,0.6398028672160149,0.5971887581916684,0.6445100837412336,0.6355318675591048,0.6921742684621953,0.5726267169279299,0.5423359352807783,0.6426663550977797,0.558741741896123,0.6775906395164809,0.2267730595672431,0.6811147907941172,0.5940021497012208,0.6691608375114408,0.6354040266582757,0.5405945259620082,0.680900065625531,0.589979535026282,0.6714416934243217,0.6829000570676871,0.5321195550996307,0.6950813454551217,0.5754875923619126,0.5637853199851885,0.6516150247510116,0.6993521612292977,0.520876248164242,0.6663222671535439,0.6501288036864251,0.6869735445320587,0.47041247526944824,0.6970778062778508
HD,0.637658000935195,0.6863344846447985,0.6664611761638953,0.6906059120898073,0.6367694942120665,0.6444586039806465,0.667331377158004,0.6232735395663913,0.6934102463981505,0.6040366345968615,0.0,0.677404911635742,0.6170734497211335,0.6666594880184695,0.6304904151981924,0.6431606600418049,0.6560504721040253,0.6927608987196558,0.6319685945265112,0.5751850727432871,0.7048894148226225,0.6281165268966584,0.6278797675390145,0.6529327747340556,0.6480269285293577,0.5942184183551856,0.6487320220489892,0.6822015554831637,0.6220996795085855,0.6277865060256886,0.6645508979009032,0.6794896127849215,0.6877367644456176,0.7030767089123443,0.6844685256540436,0.7065508777573075,0.6669536193073641,0.6401006535147085,0.6815173638655719,0.6630977842595353,0.6814131807797609,0.666651972922655,0.6172429158649263,0.698411248835032,0.7035247417414049,0.5631688384222828,0.652892323667197
UNH,0.6388068630252187,0.6444886783867705,0.682369928309761,0.6285674118469059,0.6550283445548842,0.6466100129600515,0.6402823734726921,0.6011084100555943,0.6881692740671449,0.5547245217582362,0.677404911635742,0.0,0.5922164752969217,0.7054779546367818,0.6880815198988025,0.6698829966204595,0.7068649797450732,0.7021128429017169,0.6639818853565295,0.6208742254242462,0.6294926855952696,0.6781477753950275,0.7009942406687942,0.593402529384784,0.6665872428357299,0.5864726413992315,0.6944398329964873,0.5855265757927787,0.6867129646116109,0.6555369604691418,0.6814805400703219,0.6512458409811354,0.5761028878714353,0.6318063176835256,0.6823609635028344,0.6082492737372789,0.6633721814143123,0.6479919576550758,0.6877094886110261,0.6508872305823832,0.6956390656271167,0.5923138235480749,0.6511198829376555,0.612932620064926,0.6856435288463356,0.6031098943656064,0.6926269182793068
MA,0.4619436745595308,0.6762411691581696,0.6496889189093227,0.6685922431155056,0.5741967371285811,0.5582043807461392,0.5920298325130073,0.4298611245458705,0.6134356627412288,0.4773326287458622,0.6170734497211335,0.5922164752969217,0.0,0.6860719572726639,0.6112630801293927,0.6381926154303769,0.5194368010576295,0.5821439950185322,0.5402603468566849,0.6649818251601586,0.6491487287852723,0.5704901431434094,0.6269860351611654,0.6541505501628411,0.6048953994274879,0.5233262787500215,0.7031360330541114,0.5413023809564108,0.6777954938564617,0.6850305151200443,0.562995022650951,0.6771707138139111,0.5737000313459463,0.6495223578976679,0.5369085056630966,0.6240879561122595,0.6584785772849557,0.6039221999123555,0.664517091346497,0.6837228489155979,0.6954948170273885,0.5201058574192967,0.6442676251037257,0.6925501642119656,0.5989538791960668,0.5048828524296483,0.7055439196274857
NVDA,0.7007423188712419,0.5849672632146088,0.6847864205275891,0.5810387548019611,0.6368373211291687,0.6411649415449555,0.624105774920959,0.7063411851734004,0.6977398583031383,0.6517776825195567,0.6666594880184695,0.7054779546367818,0.6860719572726639,0.0,0.5766499816358148,0.5551093370083241,0.6394287586822859,0.6929624328726055,0.7056300083550815,0.6596067376082327,0.66142877957756,0.6802616462024683,0.6645028185844041,0.6603959309113793,0.6318263342295137,0.6237690028160248,0.6550591725137224,0.6373604369722019,0.6882205348629062,0.7011753844266457,0.6648041730897406,0.6858587837147441,0.6458621307475915,0.6866464970675951,0.6908672100799556,0.7014225006202998,0.6793190010699145,0.7066041581492196,0.5984338813030581,0.6396520686771471,0.7044824298975868,0.7000400137169801,0.6891814100127343,0.7055799180298872,0.6764990823513262,0.6054006115262006,0.689131260153713
VZ,0.7052146922871347,0.6597496832322292,0.6495700745312949,0.631976901217067,0.681467629703665,0.6884314598235407,0.4444707606770422,0.6929132458452185,0.7006163872060914,0.6774315593698591,0.6304904151981924,0.6880815198988025,0.6112630801293927,0.5766499816358148,0.0,0.7001502100493159,0.6880667478688495,0.6236388531924267,0.7034673873218744,0.45840016368382913,0.6156664503829116,0.6963617823226486,0.6642419128034306,0.6916676893299849,0.624316373370907,0.6504576919740277,0.6979866024893561,0.6564953328481624,0.7007951631046502,0.7011138174523647,0.6365611140434981,0.6762419953446787,0.6979179365512912,0.6690741084704248,0.6256231054392828,0.6895548899805611,0.684947949040746,0.6898692840745289,0.5917257717685424,0.605006763593143,0.6751298326841302,0.6967108127219407,0.6214716367843547,0.6936327372832711,0.6512155010086154,0.6350642214861036,0.6522724550107595
NFLX,0.6094916493141113,0.6865412646072189,0.677989434600711,0.6166363008009855,0.6508439080276847,0.6441973567292166,0.6954694772518077,0.6271049696866584,0.6376937077443366,0.6398028672160149,0.6431606600418049,0.6698829966204595,0.6381926154303769,0.5551093370083241,0.7001502100493159,0.0,0.554093477202667,0.66702562098227,0.6956506991481983,0.6598263122691194,0.7013581266183867,0.6870156565508597,0.6476617422143538,0.560558362667427,0.6549112362383293,0.6521986358284797,0.6860858428624135,0.6971190864039899,0.6712688827236886,0.6914009060578499,0.6697937445034235,0.6854480864626301,0.6746522147102924,0.6900152421700766,0.6808190300853935,0.666215835568701,0.6751052045207895,0.6686698805218579,0.6503357849323385,0.6997687158045187,0.6957242568496121,0.6246719396974332,0.6604912197929949,0.7059631983298552,0.6760998812682706,0.6606585610268765,0.6836083712358982
ADBE,0.5326645047618456,0.6792823844635777,0.6502486515241441,0.617174060847333,0.579126853245993,0.5551888904387626,0.6874771840084386,0.4581842943107476,0.6366403951000361,0.5971887581916684,0.6560504721040253,0.7068649797450732,0.5194368010576295,0.6394287586822859,0.6880667478688495,0.554093477202667,0.0,0.5768812191243571,0.5594755652139871,0.6822673595745358,0.688968379744136,0.6190518864647703,0.6889963221378033,0.6780573780842067,0.6584707735366224,0.6147894585607003,0.698777436050593,0.6906676053587266,0.6615493488882462,0.6458617723206639,0.5897217119311771,0.6974264589718744,0.6561455391870432,0.6966959547594977,0.6245807305197347,0.6944982031722108,0.6658979094947362,0.6034532839610628,0.6963542293039464,0.6455767717169232,0.6893900239018143,0.5493196108278847,0.6603291548773637,0.6515029765064421,0.6430146136555004,0.5423375390774937,0.6829970461343553
INTC,0.5669011726448445,0.7070740889379726,0.6593820173776048,0.6969942544732334,0.6132438600969098,0.5966644295789383,0.6912919569791703,0.628001426563501,0.6635293317859389,0.6445100837412336,0.6927608987196558,0.7021128429017169,0.5821439950185322,0.6929624328726055,0.6236388531924267,0.66702562098227,0.5768812191243571,0.0,0.5858581283257638,0.6366013528404015,0.6872654007728277,0.5487668293659294,0.6193118616622694,0.6520724610853876,0.6635681263259756,0.6584263904270952,0.5948186574786198,0.645028155598408,0.6913488438504296,0.6973359056132973,0.6432818341157778,0.6318195464051476,0.6736250312687203,0.6430391532783971,0.650774853781457,0.6634591012898922,0.678989164630507,0.6273342720037774,0.6567720880561093,0.6531177775724422,0.6670060402583031,0.5509255223623338,0.7057672211228784,0.6729244843464991,0.6327645251421219,0.5720337152408408,0.6148397007679851
PYPL,0.6575655824574013,0.6958545747909892,0.6291468122764113,0.6474510881085179,0.564068850497963,0.566767103781807,0.6955579751256254,0.6574180629438914,0.6300203710635158,0.6355318675591048,0.6319685945265112,0.6639818853565295,0.5402603468566849,0.7056300083550815,0.7034673873218744,0.6956506991481983,0.5594755652139871,0.5858581283257638,0.0,0.7026839000957915,0.6575962333815554,0.5904628371035069,0.6157320748141293,0.6794783148237749,0.5728689462366218,0.642514947192113,0.6013271760341253,0.6250907909822487,0.6029133721875385,0.6457623860759987,0.6205333970275673,0.6228528071036551,0.5876291828962842,0.7020146600293526,0.6976174004800125,0.6676724997531331,0.6100061788029585,0.5732419658923272,0.6906145025787652,0.6793562627228577,0.6898757109066098,0.6402507937098396,0.6910740311492478,0.6404975872658105,0.6281816122709938,0.5869623294983237,0.7002602633172295
T,0.6844249684917371,0.6877260586247832,0.6576895894456236,0.6859355102728008,0.7016020122377126,0.7019033364773971,0.5464146737726171,0.7031248772922201,0.6409579620068788,0.6921742684621953,0.5751850727432871,0.6208742254242462,0.6649818251601586,0.6596067376082327,0.45840016368382913,0.6598263122691194,0.6822673595745358,0.6366013528404015,0.7026839000957915,0.0,0.6369091997876112,0.7068959285588222,0.6765449042217697,0.6239301064985192,0.6497006033006764,0.69513566375738,0.6932349437372369,0.6567477641480467,0.7008356746290537,0.6921059233571573,0.6358404485577405,0.6335981585020932,0.7017672831763728,0.6081933922212326,0.6820697654401038,0.6978707741060496,0.6805648161458677,0.6780366310188172,0.6632731770705045,0.6064133806376423,0.6796225769921754,0.666396452656158,0.6562814138966149,0.6437000477232779,0.7068250974741882,0.7017747644483878,0.6517520846933533
PFE,0.6724703870049853,0.6130855367711957,0.7064698121458626,0.6932870894020676,0.6979486930296236,0.6751162002255865,0.46122259394705084,0.6438020357246662,0.6176023438335103,0.5726267169279299,0.7048894148226225,0.6294926855952696,0.6491487287852723,0.66142877957756,0.6156664503829116,0.7013581266183867,0.688968379744136,0.6872654007728277,0.6575962333815554,0.6369091997876112,0.0,0.5859649430555879,0.6370014036474094,0.6834673135677883,0.6921093021027683,0.6088547636047921,0.7037973665120677,0.6536686455718544,0.7047596024178419,0.5719968937775939,0.7004508964304228,0.48973082063228274,0.6591810649228851,0.495743823429086,0.7017734325894415,0.48755841850711495,0.6477916153407522,0.6707902006423286,0.7013343684434489,0.4347475790949283,0.5764651579448523,0.6725777965206832,0.58545736946662,0.5338665540771589,0.6556502121979431,0.6836114307026631,0.6771911353340734
CSCO,0.5737022110245018,0.6864038460677462,0.6673915891742019,0.6389256826830619,0.6055264132304654,0.5974177621309088,0.5931330834267837,0.6047408939372743,0.6132153895044171,0.5423359352807783,0.6281165268966584,0.6781477753950275,0.5704901431434094,0.6802616462024683,0.6963617823226486,0.6870156565508597,0.6190518864647703,0.5487668293659294,0.5904628371035069,0.7068959285588222,0.5859649430555879,0.0,0.6507936922608444,0.6448997601627728,0.5628559054470517,0.5594302848252847,0.6280762264694218,0.6735744533694711,0.6403078087999434,0.5691457511343542,0.651041614171303,0.6431156788682622,0.6753460928385134,0.6867714477454264,0.6572373228079523,0.6158071814915421,0.5373709514304637,0.5595249046260171,0.6807516655492083,0.689700522085912,0.6304807433828075,0.6393581039683839,0.6310217242315843,0.6664752809645118,0.6116584114389261,0.5884020724843766,0.7068257477926915
MRK,0.6434735366036498,0.6729402024123787,0.6851582365102509,0.6875610586018911,0.6818442205189356,0.684209326677663,0.6618563256135419,0.6951692213639457,0.6257830760594748,0.6426663550977797,0.6278797675390145,0.7009942406687942,0.6269860351611654,0.6645028185844041,0.6642419128034306,0.6476617422143538,0.6889963221378033,0.6193118616622694,0.6157320748141293,0.6765449042217697,0.6370014036474094,0.6507936922608444,0.0,0.6341240751250887,0.6472948982367518,0.6867848341387982,0.7056403585573475,0.6067468335870427,0.7030196405314827,0.6533529183356916,0.6129636311855396,0.6575926937416894,0.6191569219329728,0.659097738950037,0.6415270417955852,0.6413063315044129,0.6616873397801402,0.6913127923290592,0.6577127855679888,0.6090473574539849,0.5993267420626376,0.6393548892274936,0.6815427923252158,0.6456625530151882,0.6537025547250401,0.6903467673486342,0.7037015439021795
CMCSA,0.5768137148251963,0.6558793016175017,0.660811883718551,0.6230640495900897,0.6688380644593568,0.6749723256053057,0.6947283185579404,0.6709765756947991,0.6423290195844319,0.558741741896123,0.6529327747340556,0.593402529384784,0.6541505501628411,0.6603959309113793,0.6916676893299849,0.560558362667427,0.6780573780842067,0.6520724610853876,0.6794783148237749,0.6239301064985192,0.6834673135677883,0.6448997601627728,0.6341240751250887,0.0,0.6579534929633848,0.5922792597062204,0.6189304435782371,0.6219707533439538,0.6993804102868941,0.5928603652268173,0.681150591069207,0.6804395599930856,0.6707529335874459,0.670841991329831,0.6658900696492087,0.6396100726686356,0.69807229707796,0.6809585202736425,0.6657423036591049,0.6839023159384919,0.5686398162592861,0.6095765761579,0.7055483568987135,0.6693634519991398,0.677400516299813,0.6127583873767046,0.6588536019708692
PEP,0.6913034703698172,0.6785481274853955,0.6565555293166707,0.6119020052370588,0.6542826000530367,0.662230651997946,0.6697622881044195,0.6029521644276078,0.5978584378099348,0.6775906395164809,0.6480269285293577,0.6665872428357299,0.6048953994274879,0.6318263342295137,0.624316373370907,0.6549112362383293,0.6584707735366224,0.6635681263259756,0.5728689462366218,0.6497006033006764,0.6921093021027683,0.5628559054470517,0.6472948982367518,0.6579534929633848,0.0,0.6918714101281984,0.454959775891687,0.6299402967897442,0.6100577984467325,0.6940398323910794,0.7030288603256563,0.6891712875649406,0.5788633160269584,0.6958236538339664,0.6732595314959526,0.6967050450230609,0.5862155813611937,0.5731547611627059,0.5739137894705832,0.6755240799231526,0.6985866005308621,0.6531157670798713,0.7007528393422598,0.702799840315897,0.4844657183967438,0.6795433253968861,0.6993891303719135
BAC,0.5603760587247117,0.5778034878053449,0.6566611532976755,0.6097002530507949,0.5505665795424741,0.5423522253173376,0.6834558856749471,0.5231114600036944,0.6944436809647235,0.2267730595672431,0.5942184183551856,0.5864726413992315,0.5233262787500215,0.6237690028160248,0.6504576919740277,0.6521986358284797,0.6147894585607003,0.6584263904270952,0.642514947192113,0.69513566375738,0.6088547636047921,0.5594302848252847,0.6867848341387982,0.5922792597062204,0.6918714101281984,0.0,0.654789278696892,0.633127325766554,0.6728689942640057,0.6476824725331214,0.5513974567073616,0.6757777401437123,0.6189762284968063,0.6655193835321453,0.7000840034452442,0.5589390261164027,0.7011165077809458,0.628109162687597,0.5162036778627236,0.6569112640991328,0.6978038126967124,0.5755803346386403,0.6714474837243396,0.6457175909968634,0.6857210437327744,0.4979675822172287,0.6744345525433225
KO,0.6599780705419582,0.6801021227104667,0.6884872327972912,0.6803719846698588,0.6556578937434602,0.6586497262205291,0.6937255450068418,0.7005076621676514,0.6128104022373457,0.6811147907941172,0.6487320220489892,0.6944398329964873,0.7031360330541114,0.6550591725137224,0.6979866024893561,0.6860858428624135,0.698777436050593,0.5948186574786198,0.6013271760341253,0.6932349437372369,0.7037973665120677,0.6280762264694218,0.7056403585573475,0.6189304435782371,0.454959775891687,0.654789278696892,0.0,0.6718314126565241,0.620291431755432,0.6895557067112044,0.6966395885543573,0.6792469430096478,0.682649618378285,0.6839531857717793,0.6834539356491072,0.6809987566999278,0.6547632474880379,0.6356204681459509,0.6240434672490166,0.6923926617969558,0.7047890398069191,0.6908830476532127,0.6773518365439212,0.704528474611893,0.5452924361676871,0.6676995129935058,0.6785587601568667
XOM,0.6033017288596433,0.6915542271461743,0.697143965402103,0.6677809962363587,0.6570573204776186,0.652302376789717,0.6479248007814936,0.6356226576767761,0.598145208233827,0.5940021497012208,0.6822015554831637,0.5855265757927787,0.5413023809564108,0.6373604369722019,0.6564953328481624,0.6971190864039899,0.6906676053587266,0.645028155598408,0.6250907909822487,0.6567477641480467,0.6536686455718544,0.6735744533694711,0.6067468335870427,0.6219707533439538,0.6299402967897442,0.633127325766554,0.6718314126565241,0.0,0.7055306479004656,0.672508867764631,0.6070422981547088,0.6989679943674173,0.4883058443048097,0.6852432973262859,0.5858359983082073,0.6845469964210464,0.6271977096745769,0.6378008964137661,0.6717456150870456,0.7051640981672745,0.6291250931632857,0.5514898789542131,0.6783422158412371,0.6873928121351637,0.5790297650618443,0.605788392600239,0.6675179393202368
WMT,0.6715083078646896,0.7012890095573638,0.7005611565532344,0.6453985433208064,0.6823134209410464,0.6810257174683061,0.6969886388040721,0.6693179665177835,0.6457805393284503,0.6691608375114408,0.6220996795085855,0.6867129646116109,0.6777954938564617,0.6882205348629062,0.7007951631046502,0.6712688827236886,0.6615493488882462,0.6913488438504296,0.6029133721875385,0.7008356746290537,0.7047596024178419,0.6403078087999434,0.7030196405314827,0.6993804102868941,0.6100577984467325,0.6728689942640057,0.620291431755432,0.7055306479004656,0.0,0.7003144270443353,0.6862744662169413,0.6788870384092978,0.6991576893660506,0.6711108005366089,0.6786846206038667,0.6629807222595,0.5377952063100881,0.6422881391259577,0.6629375599589065,0.6650124223302193,0.6683850606248242,0.6721367421209371,0.6843947999178651,0.688570540119661,0.6545875624765835,0.6805131339627442,0.6623769614107642
ABT,0.6373112541468572,0.6036275774317352,0.654017460992958,0.6652738037219561,0.6191727125363312,0.6102802315417947,0.6065026094061032,0.6451513053114661,0.6667607620189764,0.6354040266582757,0.6277865060256886,0.6555369604691418,0.6850305151200443,0.7011753844266457,0.7011138174523647,0.6914009060578499,0.6458617723206639,0.6973359056132973,0.6457623860759987,0.6921059233571573,0.5719968937775939,0.5691457511343542,0.6533529183356916,0.5928603652268173,0.6940398323910794,0.6476824725331214,0.6895557067112044,0.672508867764631,0.7003144270443353,0.0,0.6484009993306595,0.6062688666279771,0.6902318388059301,0.4948856292253625,0.6531150265975891,0.605708015351335,0.6061148475336265,0.6232899973408045,0.7019273420479141,0.6226673485175086,0.6609477009756207,0.6736384947686168,0.44458680827712305,0.4974175342891447,0.6556810977897092,0.6395275180395548,0.6702289402098154
CRM,0.5563926779960187,0.6587758029100255,0.597171487866226,0.6470863024968956,0.5756075158032987,0.5685166231612216,0.7025359627842127,0.59165280234336,0.598037766439944,0.5405945259620082,0.6645508979009032,0.6814805400703219,0.562995022650951,0.6648041730897406,0.6365611140434981,0.6697937445034235,0.5897217119311771,0.6432818341157778,0.6205333970275673,0.6358404485577405,0.7004508964304228,0.651041614171303,0.6129636311855396,0.681150591069207,0.7030288603256563,0.5513974567073616,0.6966395885543573,0.6070422981547088,0.6862744662169413,0.6484009993306595,0.0,0.6998793311131252,0.6156933897814337,0.6721216774193992,0.5829203236530353,0.6553417130608843,0.6155012701440008,0.579127119396291,0.6779399313377582,0.7007199155227606,0.7057245578270508,0.5948920077874691,0.6596042523029699,0.5616766069877397,0.641551715165576,0.5753010049414023,0.6844612582481642
ABBV,0.6626581862136158,0.6799836963418359,0.6691109916385245,0.7052511785498918,0.6722059071818041,0.6619028871258552,0.5380256561949135,0.7057074573566554,0.6541971704649132,0.680900065625531,0.6794896127849215,0.6512458409811354,0.6771707138139111,0.6858587837147441,0.6762419953446787,0.6854480864626301,0.6974264589718744,0.6318195464051476,0.6228528071036551,0.6335981585020932,0.48973082063228274,0.6431156788682622,0.6575926937416894,0.6804395599930856,0.6891712875649406,0.6757777401437123,0.6792469430096478,0.6989679943674173,0.6788870384092978,0.6062688666279771,0.6998793311131252,0.0,0.6631545986393661,0.5608296954722116,0.6656758162427344,0.6219016562442307,0.6645045315856561,0.6882715837507553,0.6541848410429855,0.5494351072986474,0.5546379140681855,0.6926418642561541,0.5807550102993444,0.5654715524427504,0.6790383859982214,0.6684990349565306,0.6688724558229596
CVX,0.6822029151426656,0.647652307033157,0.6491514832380016,0.6813168399305582,0.6156062207919475,0.6135408105495542,0.7024377325859148,0.5980914462498688,0.649913457353584,0.589979535026282,0.6877367644456176,0.5761028878714353,0.5737000313459463,0.6458621307475915,0.6979179365512912,0.6746522147102924,0.6561455391870432,0.6736250312687203,0.5876291828962842,0.7017672831763728,0.6591810649228851,0.6753460928385134,0.6191569219329728,0.6707529335874459,0.5788633160269584,0.6189762284968063,0.682649618378285,0.4883058443048097,0.6991576893660506,0.6902318388059301,0.6156933897814337,0.6631545986393661,0.0,0.7058711025599433,0.6808820105845133,0.6541775279388249,0.6405940752522503,0.6310296365322843,0.7025477365634898,0.6848181683070378,0.7011503781740208,0.6082523818799934,0.6703590715811757,0.6373033812208091,0.5571434413326741,0.6541540054067541,0.6996729249852306
TMO,0.6545730293667403,0.6519104885755723,0.7065949827739328,0.6769068548765139,0.6594621221700606,0.6593389158648718,0.5647544793093118,0.7016003272684247,0.6696946628003861,0.6714416934243217,0.7030767089123443,0.6318063176835256,0.6495223578976679,0.6866464970675951,0.6690741084704248,0.6900152421700766,0.6966959547594977,0.6430391532783971,0.7020146600293526,0.6081933922212326,0.495743823429086,0.6867714477454264,0.659097738950037,0.670841991329831,0.6958236538339664,0.6655193835321453,0.6839531857717793,0.6852432973262859,0.6711108005366089,0.4948856292253625,0.6721216774193992,0.5608296954722116,0.7058711025599433,0.0,0.6984621968698048,0.552032359542281,0.6977594568988053,0.6819696415510575,0.661128132403896,0.4642372687493235,0.6181408876145911,0.6713233986412435,0.4613872969384281,0.31632628172067095,0.7017021691333655,0.6206707412847405,0.6919881630511182
MCD,0.610923328071808,0.690170781687124,0.696815144184753,0.6834228250595349,0.6889769161710014,0.6785660805708068,0.5927897886727501,0.5678553956744079,0.6611707482096942,0.6829000570676871,0.6844685256540436,0.6823609635028344,0.5369085056630966,0.6908672100799556,0.6256231054392828,0.6808190300853935,0.6245807305197347,0.650774853781457,0.6976174004800125,0.6820697654401038,0.7017734325894415,0.6572373228079523,0.6415270417955852,0.6658900696492087,0.6732595314959526,0.7000840034452442,0.6834539356491072,0.5858359983082073,0.6786846206038667,0.6531150265975891,0.5829203236530353,0.6656758162427344,0.6808820105845133,0.6984621968698048,0.0,0.6579941859560234,0.613031184787011,0.6514808808920973,0.6399522354110233,0.6746412453766336,0.6751147330158203,0.6093013500355405,0.5710593956328366,0.6703345196389657,0.6195230317595946,0.6710203240298304,0.6953228983302415
AMGN,0.6331785895897721,0.5773094143336207,0.6693863068387997,0.6445321217558491,0.6729700846494658,0.6575673638638966,0.5720072116731798,0.5498109103881196,0.6468296976014513,0.5321195550996307,0.7065508777573075,0.6082492737372789,0.6240879561122595,0.7014225006202998,0.6895548899805611,0.666215835568701,0.6944982031722108,0.6634591012898922,0.6676724997531331,0.6978707741060496,0.48755841850711495,0.6158071814915421,0.6413063315044129,0.6396100726686356,0.6967050450230609,0.5589390261164027,0.6809987566999278,0.6845469964210464,0.6629807222595,0.605708015351335,0.6553417130608843,0.6219016562442307,0.6541775279388249,0.552032359542281,0.6579941859560234,0.0,0.6635497669955598,0.6831532202548827,0.683916578159756,0.5184419482674015,0.6106573851605696,0.6504894753183098,0.5634150151313868,0.6042154002456045,0.6224401424828356,0.6657487911713672,0.6835160972820135
COST,0.6892086172235863,0.68021491079668,0.643510798303292,0.6211868126207014,0.6678923475695788,0.6636987438764795,0.6596990208751583,0.6903705378008339,0.6042923878540946,0.6950813454551217,0.6669536193073641,0.6633721814143123,0.6584785772849557,0.6793190010699145,0.684947949040746,0.6751052045207895,0.6658979094947362,0.678989164630507,0.6100061788029585,0.6805648161458677,0.6477916153407522,0.5373709514304637,0.6616873397801402,0.69807229707796,0.5862155813611937,0.7011165077809458,0.6547632474880379,0.6271977096745769,0.5377952063100881,0.6061148475336265,0.6155012701440008,0.6645045315856561,0.6405940752522503,0.6977594568988053,0.613031184787011,0.6635497669955598,0.0,0.6108662494962102,0.6690890062224834,0.6813783281626201,0.6693070858353097,0.7052124960853849,0.6971421532116944,0.63751559684667,0.5364581080516029,0.6895010404970202,0.6462732393297181
ACN,0.5816183570010963,0.6366258828436574,0.6940698729753432,0.689605835917207,0.5718823435181846,0.5589980758056946,0.6822027821708202,0.6205962012346669,0.68553879077947,0.5754875923619126,0.6401006535147085,0.6479919576550758,0.6039221999123555,0.7066041581492196,0.6898692840745289,0.6686698805218579,0.6034532839610628,0.6273342720037774,0.5732419658923272,0.6780366310188172,0.6707902006423286,0.5595249046260171,0.6913127923290592,0.6809585202736425,0.5731547611627059,0.628109162687597,0.6356204681459509,0.6378008964137661,0.6422881391259577,0.6232899973408045,0.579127119396291,0.6882715837507553,0.6310296365322843,0.6819696415510575,0.6514808808920973,0.6831532202548827,0.6108662494962102,0.0,0.674732970310056,0.6743274410252498,0.669027175852499,0.5707219716220935,0.6424243430821435,0.6557805132348722,0.6257804099288488,0.5681473543724688,0.6602478736385667
NEE,0.6824349109312369,0.6224829457732686,0.5993892714444321,0.6024295760132755,0.5721034330794211,0.5745875631328546,0.6384776744471925,0.7025683542946447,0.6968941808082016,0.5637853199851885,0.6815173638655719,0.6877094886110261,0.664517091346497,0.5984338813030581,0.5917257717685424,0.6503357849323385,0.6963542293039464,0.6567720880561093,0.6906145025787652,0.6632731770705045,0.7013343684434489,0.6807516655492083,0.6577127855679888,0.6657423036591049,0.5739137894705832,0.5162036778627236,0.6240434672490166,0.6717456150870456,0.6629375599589065,0.7019273420479141,0.6779399313377582,0.6541848410429855,0.7025477365634898,0.661128132403896,0.6399522354110233,0.683916578159756,0.6690890062224834,0.674732970310056,0.0,0.7041345497332439,0.6698143901182253,0.705575442879791,0.6416500874421399,0.6730732505753001,0.6421302096537181,0.6219604101864836,0.6870972680511811
LLY,0.7047777148865584,0.6373808023274379,0.6506255256911335,0.6778714351850516,0.7070623085480638,0.700742684394001,0.5021387466066969,0.6638781128869072,0.6445232457705772,0.6516150247510116,0.6630977842595353,0.6508872305823832,0.6837228489155979,0.6396520686771471,0.605006763593143,0.6997687158045187,0.6455767717169232,0.6531177775724422,0.6793562627228577,0.6064133806376423,0.4347475790949283,0.689700522085912,0.6090473574539849,0.6839023159384919,0.6755240799231526,0.6569112640991328,0.6923926617969558,0.7051640981672745,0.6650124223302193,0.6226673485175086,0.7007199155227606,0.5494351072986474,0.6848181683070378,0.4642372687493235,0.6746412453766336,0.5184419482674015,0.6813783281626201,0.6743274410252498,0.7041345497332439,0.0,0.5546510916122505,0.6806609461758479,0.5491900191575743,0.5090170581585288,0.7051569271342064,0.6142292311604621,0.6678398849275045
BMY,0.6659868488500799,0.652854145191603,0.6847723100377447,0.6991621838447898,0.694644653342793,0.7045966800503803,0.5403023972387294,0.6709444092498058,0.6249727969061359,0.6993521612292977,0.6814131807797609,0.6956390656271167,0.6954948170273885,0.7044824298975868,0.6751298326841302,0.6957242568496121,0.6893900239018143,0.6670060402583031,0.6898757109066098,0.6796225769921754,0.5764651579448523,0.6304807433828075,0.5993267420626376,0.5686398162592861,0.6985866005308621,0.6978038126967124,0.7047890398069191,0.6291250931632857,0.6683850606248242,0.6609477009756207,0.7057245578270508,0.5546379140681855,0.7011503781740208,0.6181408876145911,0.6751147330158203,0.6106573851605696,0.6693070858353097,0.669027175852499,0.6698143901182253,0.5546510916122505,0.0,0.633649376838592,0.5981557857816936,0.6423616902865639,0.6717057325838288,0.6366693787379275,0.6984020456302953
LIN,0.496713808389555,0.6214197867541342,0.6652974039310505,0.6557559875741034,0.6041719924643305,0.5957288874806814,0.6614541065400212,0.5932227923980152,0.6508708342959915,0.520876248164242,0.666651972922655,0.5923138235480749,0.5201058574192967,0.7000400137169801,0.6967108127219407,0.6246719396974332,0.5493196108278847,0.5509255223623338,0.6402507937098396,0.666396452656158,0.6725777965206832,0.6393581039683839,0.6393548892274936,0.6095765761579,0.6531157670798713,0.5755803346386403,0.6908830476532127,0.5514898789542131,0.6721367421209371,0.6736384947686168,0.5948920077874691,0.6926418642561541,0.6082523818799934,0.6713233986412435,0.6093013500355405,0.6504894753183098,0.7052124960853849,0.5707219716220935,0.705575442879791,0.6806609461758479,0.633649376838592,0.0,0.6090306945837601,0.6472392898667414,0.6245370643595113,0.4823875334578941,0.6924882542449085
MDT,0.6385328341528049,0.6700822381803062,0.6867380236603118,0.7051163050989631,0.6313945823802286,0.6180470762677265,0.5245999628520751,0.6304345389758651,0.6967660367157367,0.6663222671535439,0.6172429158649263,0.6511198829376555,0.6442676251037257,0.6891814100127343,0.6214716367843547,0.6604912197929949,0.6603291548773637,0.7057672211228784,0.6910740311492478,0.6562814138966149,0.58545736946662,0.6310217242315843,0.6815427923252158,0.7055483568987135,0.7007528393422598,0.6714474837243396,0.6773518365439212,0.6783422158412371,0.6843947999178651,0.44458680827712305,0.6596042523029699,0.5807550102993444,0.6703590715811757,0.4613872969384281,0.5710593956328366,0.5634150151313868,0.6971421532116944,0.6424243430821435,0.6416500874421399,0.5491900191575743,0.5981557857816936,0.6090306945837601,0.0,0.48905161859851837,0.6725563867727946,0.6758193609139047,0.7058371376378878
DHR,0.6438364952539709,0.6943533875177555,0.6800299562556257,0.6889787325925856,0.6455238184228003,0.6452134850967327,0.5665473119102047,0.6788225499342818,0.6307651939269923,0.6501288036864251,0.698411248835032,0.612932620064926,0.6925501642119656,0.7055799180298872,0.6936327372832711,0.7059631983298552,0.6515029765064421,0.6729244843464991,0.6404975872658105,0.6437000477232779,0.5338665540771589,0.6664752809645118,0.6456625530151882,0.6693634519991398,0.702799840315897,0.6457175909968634,0.704528474611893,0.6873928121351637,0.688570540119661,0.4974175342891447,0.5616766069877397,0.5654715524427504,0.6373033812208091,0.31632628172067095,0.6703345196389657,0.6042154002456045,0.63751559684667,0.6557805132348722,0.6730732505753001,0.5090170581585288,0.6423616902865639,0.6472392898667414,0.48905161859851837,0.0,0.6581157284364454,0.6521367394528794,0.6907209039907632
PM,0.7001937298343585,0.695857633311256,0.6751104201354631,0.6296355306310741,0.6279798838844702,0.6245072616564289,0.6140153670144487,0.5830106825808289,0.5840149817675281,0.6869735445320587,0.7035247417414049,0.6856435288463356,0.5989538791960668,0.6764990823513262,0.6512155010086154,0.6760998812682706,0.6430146136555004,0.6327645251421219,0.6281816122709938,0.7068250974741882,0.6556502121979431,0.6116584114389261,0.6537025547250401,0.677400516299813,0.4844657183967438,0.6857210437327744,0.5452924361676871,0.5790297650618443,0.6545875624765835,0.6556810977897092,0.641551715165576,0.6790383859982214,0.5571434413326741,0.7017021691333655,0.6195230317595946,0.6224401424828356,0.5364581080516029,0.6257804099288488,0.6421302096537181,0.7051569271342064,0.6717057325838288,0.6245370643595113,0.6725563867727946,0.6581157284364454,0.0,0.6955447821894044,0.6889413324528758
