,MSFT,AAPL,AMZN,FB,GOOGL,GOOG,JNJ,V,PG,JPM,HD,UNH,MA,NVDA,VZ,NFLX,ADBE,INTC,PYPL,T,PFE,CSCO,MRK,CMCSA,PEP,BAC,KO,XOM,WMT,ABT,CRM,ABBV,CVX,TMO,MCD,AMGN,COST,ACN,NEE,LLY,BMY,LIN,MDT,DHR,PM,TXN,NKE
MSFT,0.0,0.5239286653497173,0.3777531596626655,0.5208223776844286,0.5152251930851963,0.5193274192738174,0.5471070261875791,0.37309927375791296,0.596838970104849,0.5358230611319731,0.5449780414365911,0.6425079649579722,0.3872498467213859,0.508487718171523,0.6764382238817759,0.5331056435700107,0.37993778093909525,0.5835161275526969,0.36029117310689884,0.6185119346410693,0.563356929703093,0.4433999960656597,0.5460223230917,0.44211866740274525,0.5713161872762235,0.5029681205455657,0.5687382701198593,0.5303844732987447,0.49787309903225,0.5054039174567536,0.3716039059701278,0.5431820497125959,0.5669948045794492,0.45771047228323,0.5672742425107163,0.4767896877317943,0.5542862305392305,0.5294819465790161,0.6794977490571155,0.6581331184200574,0.5411033792332616,0.5440624069316954,0.6047337542828339,0.5570043643714443,0.5833558420231557,0.4926922152929469,0.46878409115735215
AAPL,0.5239286653497173,0.0,0.4712033922330036,0.5853026332172613,0.5352939947355629,0.5257784683278104,0.6230973114153964,0.5085814908828158,0.6847378646348777,0.581907867062803,0.6025521866852801,0.6736665254796084,0.5831958397223463,0.4296722077149422,0.6736784297891194,0.5100355511182355,0.572750012274722,0.5215078198498003,0.5506823922392303,0.6658878004442587,0.6749339817590541,0.5243324829635505,0.6852461944370017,0.5219331126437413,0.6494672741261731,0.5580148702888632,0.6887748368759374,0.6223443991177139,0.6893083635556,0.6552745560192873,0.5981437988451074,0.6049478918817187,0.654174498450108,0.6222573307459497,0.6922045059720839,0.5915547314172924,0.6233728428348162,0.5860329296334292,0.5896950394001786,0.6760977815155612,0.6114807946086116,0.6602821366095278,0.684114285239802,0.6329782352260133,0.6349505236833924,0.4805191238665415,0.5713395400092972
AMZN,0.3777531596626655,0.4712033922330036,0.0,0.5480334752273597,0.448781126579941,0.4463774884503061,0.5480009507215906,0.41108912095934197,0.595969068839401,0.5354452541637222,0.6019718438187538,0.6575494756256314,0.4507317542208457,0.47293974092793245,0.6978447055508444,0.43173861862857926,0.4467041572773567,0.5990075295782168,0.43844112805429303,0.6255443031834148,0.5456490987244963,0.4869207429005795,0.5810689155027535,0.5564000569438369,0.6195281095561294,0.5095747987206023,0.5692878232879389,0.5151336336482399,0.5985267814333215,0.5368668084013463,0.4598525042204827,0.5599542361595615,0.539262330210339,0.5264050796695013,0.6395298246245664,0.4635957611043521,0.593949619691472,0.5319384216478823,0.6480655762004006,0.6102997446062111,0.5227148129371921,0.5917295106061689,0.6221725338821632,0.6106989479256375,0.5813930338751655,0.48474997636222406,0.5307248057377589
FB,0.5208223776844286,0.5853026332172613,0.5480334752273597,0.0,0.4978276874945408,0.5019530908310023,0.6330601429582354,0.6002675011774231,0.7060746991140694,0.6292206053156881,0.6722010512088418,0.6989778564410954,0.6039993094824065,0.6083203219843041,0.6190208801961155,0.5672016500780903,0.540524041681731,0.6276112530170034,0.528947005946687,0.6374817527080056,0.6562041416833294,0.6103585193451471,0.6069158819232765,0.5960972192822458,0.6915315326981389,0.6110217550029189,0.6455404522678997,0.6034763002850739,0.679829854720784,0.5796204023085014,0.6292030826413689,0.6173127226312782,0.6449912094786135,0.635115944559678,0.6863555895434137,0.5963654649641823,0.6761036096004157,0.675975170490843,0.6701664549675523,0.656546753628267,0.5571292356066383,0.6479491892389333,0.6189098029119944,0.6258364287556798,0.6897518232979072,0.607246242989347,0.6925089588164851
GOOGL,0.5152251930851963,0.5352939947355629,0.448781126579941,0.4978276874945408,0.0,0.03988953556033637,0.6621424391104729,0.5193249554134882,0.7050371303728904,0.5938590767824992,0.6281918480895368,0.6515404046055362,0.6352574797043875,0.5962048300478908,0.6796146729413877,0.5400637624847892,0.5378947333137131,0.610738845771931,0.5325505947853179,0.6739342880819738,0.7045157280163938,0.5687611580856486,0.7051645705015105,0.6003384847536407,0.6587843162359168,0.5814906778365753,0.6570769708756683,0.5959912975545312,0.6811546262898035,0.6552214142146251,0.5976380825846471,0.5960525433025664,0.6602586133555468,0.6818690101678684,0.6183788784999608,0.5459576715178284,0.6279790702756485,0.638414027863533,0.6262201608023665,0.6383389260165102,0.5868045094722063,0.6772728802261263,0.6730887824208264,0.664344504476116,0.6674621323098376,0.5810385590936303,0.5780398018000612
GOOG,0.5193274192738174,0.5257784683278104,0.4463774884503061,0.5019530908310023,0.03988953556033637,0.0,0.6615896611399751,0.524599671196222,0.7054745316251344,0.5939190372532964,0.6295649275547601,0.6544719622627586,0.6408714334803395,0.5902710960690787,0.6785297281027649,0.5394382619540279,0.5462943002127457,0.60557269347194,0.539046833414447,0.6790040666814853,0.7049395618191874,0.5673905061542435,0.7058319313255783,0.6003072930773351,0.6562069819202792,0.5834722047604726,0.6540645607454513,0.5991610336795239,0.6781667107788815,0.659625944182037,0.5981068400739802,0.6006308759042326,0.6675409613971887,0.6846945645232417,0.6206255359650816,0.5502777299112932,0.6293470530349558,0.6399556891584253,0.6240897759064246,0.6393937014409007,0.5897631145742082,0.6744457509658469,0.6758107534087793,0.6703365043945865,0.6707222151944303,0.5803139230279389,0.5854890759829222
JNJ,0.5471070261875791,0.6230973114153964,0.5480009507215906,0.6330601429582354,0.6621424391104729,0.6615896611399751,0.0,0.5421562813773434,0.6250893592815577,0.6283602889665737,0.6285825146960765,0.6866542497151001,0.5449861420044009,0.5788171118945131,0.6618079162498273,0.6540430295015125,0.5491519062379784,0.6180930992807573,0.5712786513926517,0.6541037231540062,0.5651604682230276,0.5851463360971978,0.5661053156848216,0.5833759353022078,0.568059938680616,0.6260422595629102,0.5549697063297788,0.6547113948463291,0.5862739105869951,0.5694683995945312,0.5782313860077049,0.6443686941984785,0.6618190690612699,0.598053180785357,0.6660889661153917,0.5854597400549586,0.6069854569147478,0.5744910294716016,0.6565149933027261,0.6387323388793797,0.5389075062693841,0.652502242790841,0.5373789835136459,0.6065068346069952,0.5760911930530458,0.6209047223017459,0.6093155077627029
V,0.37309927375791296,0.5085814908828158,0.41108912095934197,0.6002675011774231,0.5193249554134882,0.524599671196222,0.5421562813773434,0.0,0.5694121828376609,0.48792668978890097,0.5959146570518936,0.6313722514832613,0.3050367147023299,0.48654770662186786,0.650231527545317,0.5692568144232076,0.3566902674664443,0.6149552719058917,0.3631523310612724,0.5389972406005199,0.5634469388611583,0.39085592397865065,0.5601609106864291,0.4538246185612971,0.586872468978792,0.4545141268999292,0.5464542658910168,0.577963567414292,0.5629822493220276,0.5138380098460449,0.39881550398429394,0.45664621555889845,0.5822283939433374,0.49804733354835495,0.5485865116851154,0.4770937535192531,0.5443393888568328,0.4449637700238799,0.7024975719456696,0.6290096191982808,0.5802908773096694,0.5576367797391245,0.6054225549401855,0.5718987959914873,0.5164684978295901,0.4645139233646575,0.446876727247857
PG,0.596838970104849,0.6847378646348777,0.595969068839401,0.7060746991140694,0.7050371303728904,0.7054745316251344,0.6250893592815577,0.5694121828376609,0.0,0.6532504795790184,0.6379594838144214,0.669022030511523,0.5358029466177638,0.6492920695267063,0.5915824829820605,0.6710153661668679,0.6444609792399577,0.6999492270141923,0.6068782714784442,0.6717923430713162,0.5934955489376298,0.6293154875249525,0.6478414269823232,0.6373119194593678,0.6004994153339838,0.6755928832290715,0.5967283072828183,0.6958562073896329,0.6235917816198288,0.6482728395251587,0.6278774166132395,0.656163889617467,0.6767118784551213,0.6684805174499348,0.613414724451339,0.6632009437025401,0.6508719093304112,0.6277464991214451,0.6028586778858167,0.6855448894186428,0.6700484153997794,0.5136439599621458,0.5949232563554108,0.6822685323539218,0.5828976959181654,0.6179246591893063,0.6098742003434269
JPM,0.5358230611319731,0.581907867062803,0.5354452541637222,0.6292206053156881,0.5938590767824992,0.5939190372532964,0.6283602889665737,0.48792668978890097,0.6532504795790184,0.0,0.5950403592772016,0.6557858069461829,0.5024039916579551,0.568637265007421,0.67853917301867,0.6618139782413777,0.5752454062744319,0.597698897205621,0.48271687752829806,0.6226462082667662,0.7037511449265282,0.5034394201554879,0.6916755012078419,0.535275034723527,0.6563578613071758,0.23926908806232342,0.6778670822997277,0.6108417329989657,0.5619751544694357,0.6824695043550428,0.5688626203582398,0.6339677203380139,0.687560464473385,0.6410543814207225,0.6605507409207828,0.604278115697258,0.6307838158161166,0.5600387852103857,0.6028835781939781,0.6257639640012341,0.653922909902766,0.5947925523586273,0.6887856149594723,0.6539445109962159,0.6532370848120428,0.5037781314405759,0.47877304915350627
HD,0.5449780414365911,0.6025521866852801,0.6019718438187538,0.6722010512088418,0.6281918480895368,0.6295649275547601,0.6285825146960765,0.5959146570518936,0.6379594838144214,0.5950403592772016,0.0,0.694618938294937,0.5779034836190342,0.5289551570514728,0.6982608046136096,0.6619238239931465,0.6135845582137001,0.5446849892520295,0.6057659836103486,0.6181097232078675,0.6422966103989258,0.5916548522475108,0.664429524684971,0.6024212598133138,0.573089492630846,0.6241975503731508,0.6599750381092958,0.6429132898026456,0.5272927884390417,0.6731647877535303,0.5939564015527291,0.6550126215598544,0.683601026928017,0.6345062422820228,0.5920759999779235,0.623122046147789,0.5766837083667907,0.5637276302639386,0.6940134528444685,0.6628074987776782,0.6827815033034965,0.6111141438915052,0.6310693024816453,0.7021182236972835,0.6834900234853566,0.5093302003354816,0.5782973016467384
UNH,0.6425079649579722,0.6736665254796084,0.6575494756256314,0.6989778564410954,0.6515404046055362,0.6544719622627586,0.6866542497151001,0.6313722514832613,0.669022030511523,0.6557858069461829,0.694618938294937,0.0,0.6659767167282192,0.6693196393727889,0.671175106775443,0.6287597254758857,0.6303198613429358,0.6462176242777425,0.7061822097246326,0.6699841404232679,0.5849145250265014,0.6846306322881031,0.6333727105416318,0.6732713350171518,0.6979231853287109,0.6846669952459503,0.7060672834185284,0.688386586855675,0.6966782379697863,0.613217325524612,0.6023050891458881,0.5665985985594294,0.5900145100331313,0.6302933731162378,0.6571687567856255,0.6103714825338911,0.6005194685349846,0.6489501678939511,0.6898707268070423,0.5747934013597507,0.6637486066942,0.6793933544788393,0.5847174892670713,0.6852003725244633,0.6820855466174253,0.6887290936182084,0.6872433819714232
MA,0.3872498467213859,0.5831958397223463,0.4507317542208457,0.6039993094824065,0.6352574797043875,0.6408714334803395,0.5449861420044009,0.3050367147023299,0.5358029466177638,0.5024039916579551,0.5779034836190342,0.6659767167282192,0.0,0.463216178541689,0.6585371403276105,0.5848058043132282,0.39868628090070574,0.6077766099297937,0.36810819553613383,0.5909421873775625,0.5388986886978603,0.4330466859582078,0.5259664306758682,0.47960011250262063,0.5936966053279434,0.48283897757414823,0.5799478285400934,0.5215360117457667,0.5253721202203694,0.4945166711457388,0.4205340809787678,0.5258421419596794,0.5324320171960044,0.5014212928812567,0.5647747137484695,0.530802722804021,0.5518110940877181,0.43707170107328486,0.6860810675093518,0.6694664795243938,0.6037949093617713,0.565842807413919,0.607007905889785,0.5801471915379703,0.5424341713624263,0.4639964352539696,0.4788989639402268
NVDA,0.508487718171523,0.4296722077149422,0.47293974092793245,0.6083203219843041,0.5962048300478908,0.5902710960690787,0.5788171118945131,0.48654770662186786,0.6492920695267063,0.568637265007421,0.5289551570514728,0.6693196393727889,0.463216178541689,0.0,0.6797283234461758,0.5651977382256415,0.5497998340424632,0.443339813791544,0.5049220904812125,0.620144250210097,0.5921788769249882,0.5015804550605526,0.586764580081606,0.5434137840159752,0.6649113298494645,0.5380456791546742,0.6359491785108534,0.5455564133511461,0.5620410334777844,0.5562756213914236,0.5169591765289382,0.5718492155361273,0.5810975890910058,0.556810532323928,0.6446805445101962,0.5304886108206176,0.5529635018428796,0.5325723455098562,0.6255879895250308,0.7039421267587134,0.6220599568779221,0.5946475481838693,0.6185398902101914,0.590081385196746,0.6339645446801344,0.37574750412889113,0.5557783602406883
VZ,0.6764382238817759,0.6736784297891194,0.6978447055508444,0.6190208801961155,0.6796146729413877,0.6785297281027649,0.6618079162498273,0.650231527545317,0.5915824829820605,0.67853917301867,0.6982608046136096,0.671175106775443,0.6585371403276105,0.6797283234461758,0.0,0.7018764088589434,0.6832940538390847,0.6556427338989588,0.701260059277529,0.517994387024251,0.6879904656762988,0.6483433067888457,0.6661619568529276,0.7035072094601863,0.6967632192241133,0.6799608129317977,0.6655721959656429,0.6965660257660602,0.6893793535411048,0.7010858204384995,0.6831827062236409,0.6815024971440897,0.6891375670629368,0.6953629485372563,0.6398062720623906,0.7038527810048327,0.6614924436996411,0.6494599531296273,0.5612625933644549,0.6922470770787913,0.6946711218052544,0.693179234340303,0.6907899848351945,0.6942390580357042,0.6341654849077198,0.6733608246478882,0.6748674361393692
NFLX,0.5331056435700107,0.5100355511182355,0.43173861862857926,0.5672016500780903,0.5400637624847892,0.5394382619540279,0.6540430295015125,0.5692568144232076,0.6710153661668679,0.6618139782413777,0.6619238239931465,0.6287597254758857,0.5848058043132282,0.5651977382256415,0.7018764088589434,0.0,0.5237169401433455,0.6403752260165456,0.5918414404959232,0.627622416272534,0.6526103865016422,0.559152902292685,0.611758616653259,0.6551165484991683,0.6969304788727965,0.6341132848601267,0.6593508426910244,0.5794984727453759,0.6834872572064842,0.5977813366194913,0.5302671166684881,0.6456571927577323,0.5253887942096014,0.6121152091873973,0.6863492691379752,0.5994367822787001,0.6831266954592462,0.6051020931554971,0.6571449652839892,0.650970538307934,0.629628389971069,0.5857495949460276,0.6725131533815472,0.6475746784283966,0.6285525637419774,0.5796027697474033,0.6122673168811544
ADBE,0.37993778093909525,0.572750012274722,0.4467041572773567,0.540524041681731,0.5378947333137131,0.5462943002127457,0.5491519062379784,0.3566902674664443,0.6444609792399577,0.5752454062744319,0.6135845582137001,0.6303198613429358,0.39868628090070574,0.5497998340424632,0.6832940538390847,0.5237169401433455,0.0,0.666544906854634,0.42379324226867043,0.575662638460701,0.580716789987774,0.46351760092976824,0.5040118944459171,0.5294309085014318,0.6077438469024522,0.49692988299496305,0.5029806698939207,0.5447335182933213,0.562645725640426,0.5241967513350956,0.38140409114584733,0.5632103332936524,0.5670312353042832,0.4574196666967832,0.6203093150050303,0.5261821131821275,0.5783679944301311,0.5260708563144293,0.7069749433905402,0.6199473674631123,0.5752166550370038,0.5902300872274291,0.6221604083813698,0.5682756031919126,0.5879296576626367,0.5750364369647808,0.5146401837838016
INTC,0.5835161275526969,0.5215078198498003,0.5990075295782168,0.6276112530170034,0.610738845771931,0.60557269347194,0.6180930992807573,0.6149552719058917,0.6999492270141923,0.597698897205621,0.5446849892520295,0.6462176242777425,0.6077766099297937,0.443339813791544,0.6556427338989588,0.6403752260165456,0.666544906854634,0.0,0.6164343650651902,0.6965671009036287,0.6954403839974769,0.5794044734189738,0.6782058003946888,0.621175946729282,0.6303854081857332,0.6139095166545065,0.6661490242577264,0.5578027024297657,0.5574551046830251,0.6989452852974607,0.6801199181363176,0.6825109630895081,0.6890927193107634,0.6855443582031685,0.6485717060316026,0.6377082136932111,0.6203871127830037,0.6492378668849711,0.6486442747288406,0.6228375933370112,0.6402971651238029,0.6490251817237617,0.6687477095473346,0.6553565665220158,0.6909576544573797,0.5051369916367978,0.6026354280174374
PYPL,0.36029117310689884,0.5506823922392303,0.43844112805429303,0.528947005946687,0.5325505947853179,0.539046833414447,0.5712786513926517,0.3631523310612724,0.6068782714784442,0.48271687752829806,0.6057659836103486,0.7061822097246326,0.36810819553613383,0.5049220904812125,0.701260059277529,0.5918414404959232,0.42379324226867043,0.6164343650651902,0.0,0.6090963191290762,0.5554410055697677,0.4436603638567202,0.5608360732113148,0.41791120807051585,0.6080136053422798,0.47399146876488196,0.6102573804444618,0.542662395798696,0.5685505987392281,0.5340054494779527,0.4427222018242595,0.5297538823690802,0.596075932616942,0.49303226440508846,0.5520585075841073,0.45813964129465884,0.5695372169792215,0.5101851165972419,0.6782669228804157,0.6264794550467575,0.5363763690995853,0.5894623988637375,0.6213643975465636,0.5470781287699552,0.5657209203680315,0.5023110074005158,0.4641567744034243
T,0.6185119346410693,0.6658878004442587,0.6255443031834148,0.6374817527080056,0.6739342880819738,0.6790040666814853,0.6541037231540062,0.5389972406005199,0.6717923430713162,0.6226462082667662,0.6181097232078675,0.6699841404232679,0.5909421873775625,0.620144250210097,0.517994387024251,0.627622416272534,0.575662638460701,0.6965671009036287,0.6090963191290762,0.0,0.6398236339236494,0.5735290126403693,0.666358176356043,0.6114153720620676,0.6784031665984144,0.6255559993638821,0.6526800500866141,0.6037572221358981,0.6251571299921188,0.6910155231722102,0.5526273652193091,0.6003507506184252,0.5580538310856492,0.6230693499718072,0.6626063816715646,0.621998533356819,0.650777355232182,0.6279592967329928,0.6420915693367873,0.6982676968399891,0.6877147198434478,0.6406966983736875,0.6871188680919562,0.671190474757958,0.6113073691303917,0.615420035022332,0.6378356800743132
PFE,0.563356929703093,0.6749339817590541,0.5456490987244963,0.6562041416833294,0.7045157280163938,0.7049395618191874,0.5651604682230276,0.5634469388611583,0.5934955489376298,0.7037511449265282,0.6422966103989258,0.5849145250265014,0.5388986886978603,0.5921788769249882,0.6879904656762988,0.6526103865016422,0.580716789987774,0.6954403839974769,0.5554410055697677,0.6398236339236494,0.0,0.6109369387120724,0.396558672461342,0.633040475886209,0.6373393566591882,0.6658086520573142,0.574470207804861,0.6520509178747481,0.6111715385734865,0.4421948565242489,0.5544546444705117,0.5096756389673117,0.5981160814209355,0.4535403716052257,0.6403731203515186,0.41894551820464476,0.6029388047893036,0.5648884852221262,0.6622598112827173,0.51081768522492,0.528145840803054,0.5933368569883253,0.501540350050907,0.5467154999599295,0.5794311630921091,0.5953559996265687,0.6713187282177097
CSCO,0.4433999960656597,0.5243324829635505,0.4869207429005795,0.6103585193451471,0.5687611580856486,0.5673905061542435,0.5851463360971978,0.39085592397865065,0.6293154875249525,0.5034394201554879,0.5916548522475108,0.6846306322881031,0.4330466859582078,0.5015804550605526,0.6483433067888457,0.559152902292685,0.46351760092976824,0.5794044734189738,0.4436603638567202,0.5735290126403693,0.6109369387120724,0.0,0.5835204761618826,0.5197149309690696,0.6580598013265868,0.47033004213753776,0.649509046707608,0.5778712263557799,0.5227946181318471,0.5850010598884008,0.47719215512638585,0.5500383475094547,0.6275486955024413,0.5720299470515995,0.6156063966459056,0.5403564652655434,0.5519330711175064,0.5068218480115219,0.677345455000355,0.6344164577052275,0.6276833526412763,0.48464310551539075,0.7009737746374669,0.5738858940467804,0.6133508850061404,0.531965735610812,0.5159743386925596
MRK,0.5460223230917,0.6852461944370017,0.5810689155027535,0.6069158819232765,0.7051645705015105,0.7058319313255783,0.5661053156848216,0.5601609106864291,0.6478414269823232,0.6916755012078419,0.664429524684971,0.6333727105416318,0.5259664306758682,0.586764580081606,0.6661619568529276,0.611758616653259,0.5040118944459171,0.6782058003946888,0.5608360732113148,0.666358176356043,0.396558672461342,0.5835204761618826,0.0,0.6355453832118831,0.6608401323808636,0.652577733825396,0.6032504651095926,0.6754218500167454,0.6405966595857698,0.36109957266539094,0.47492297453617655,0.48503048819677164,0.639587866571944,0.3858525341909844,0.6495908576704708,0.4547317353352252,0.6563338608458419,0.5829609252074799,0.6413510198550916,0.5272311171797317,0.5784384511656373,0.615352585706517,0.4776886950929424,0.5453006088546023,0.5939886749099935,0.6032168685371463,0.68611590296342
CMCSA,0.44211866740274525,0.5219331126437413,0.5564000569438369,0.5960972192822458,0.6003384847536407,0.6003072930773351,0.5833759353022078,0.4538246185612971,0.6373119194593678,0.535275034723527,0.6024212598133138,0.6732713350171518,0.47960011250262063,0.5434137840159752,0.7035072094601863,0.6551165484991683,0.5294309085014318,0.621175946729282,0.41791120807051585,0.6114153720620676,0.633040475886209,0.5197149309690696,0.6355453832118831,0.0,0.622085817254966,0.5492350852731592,0.6295092101933668,0.6181247514623265,0.6009604647904129,0.6183781645813035,0.5523809769522382,0.5721967189259559,0.5990507787352816,0.58196377117629,0.5778670761214907,0.5777241126965044,0.6250817115179891,0.538673579605967,0.7026307572201019,0.6628481845931412,0.5666572431927003,0.6254006698301822,0.6435597903201111,0.6718370624238396,0.6211542748201382,0.5693997225849335,0.50734051952706
PEP,0.5713161872762235,0.6494672741261731,0.6195281095561294,0.6915315326981389,0.6587843162359168,0.6562069819202792,0.568059938680616,0.586872468978792,0.6004994153339838,0.6563578613071758,0.573089492630846,0.6979231853287109,0.5936966053279434,0.6649113298494645,0.6967632192241133,0.6969304788727965,0.6077438469024522,0.6303854081857332,0.6080136053422798,0.6784031665984144,0.6373393566591882,0.6580598013265868,0.6608401323808636,0.622085817254966,0.0,0.7068651298109676,0.4478442247118776,0.6596963947605392,0.5533845380914192,0.6401880120848742,0.6804322223588213,0.6468721302769892,0.6919744455717478,0.6895589564097702,0.6092291628274845,0.6860522132864377,0.6124376191859311,0.6403190174589557,0.5956680470886664,0.7059292267487894,0.6346633107149711,0.6625900424942962,0.6906563026582306,0.6747012727780277,0.6032505678408147,0.6725353852817173,0.64654917852658
BAC,0.5029681205455657,0.5580148702888632,0.5095747987206023,0.6110217550029189,0.5814906778365753,0.5834722047604726,0.6260422595629102,0.4545141268999292,0.6755928832290715,0.23926908806232342,0.6241975503731508,0.6846669952459503,0.48283897757414823,0.5380456791546742,0.6799608129317977,0.6341132848601267,0.49692988299496305,0.6139095166545065,0.47399146876488196,0.6255559993638821,0.6658086520573142,0.47033004213753776,0.652577733825396,0.5492350852731592,0.7068651298109676,0.0,0.6811575131973141,0.5889668577760675,0.5629170109592959,0.6128467972466348,0.5012171084714201,0.5709388818436468,0.6449216052677967,0.5500804795859935,0.663842389153839,0.5400334279491753,0.5809979330314456,0.5498330387222249,0.5641863756858553,0.6977889120255699,0.5971565640492263,0.602510478507698,0.6846437361581579,0.6007331324061327,0.6553609162035708,0.49807142504444035,0.4423852874261419
KO,0.5687382701198593,0.6887748368759374,0.5692878232879389,0.6455404522678997,0.6570769708756683,0.6540645607454513,0.5549697063297788,0.5464542658910168,0.5967283072828183,0.6778670822997277,0.6599750381092958,0.7060672834185284,0.5799478285400934,0.6359491785108534,0.6655721959656429,0.6593508426910244,0.5029806698939207,0.6661490242577264,0.6102573804444618,0.6526800500866141,0.574470207804861,0.649509046707608,0.6032504651095926,0.6295092101933668,0.4478442247118776,0.6811575131973141,0.0,0.6247363873783693,0.5359646470050231,0.6235954027200018,0.6192587303507492,0.6924849502744886,0.660695323329744,0.5957605196361974,0.6210194560929958,0.635245393419682,0.6697789739503174,0.6252543080946632,0.5696287902373441,0.6988335961278845,0.6184929950963615,0.6183995426971002,0.5480700306476008,0.6748290065626703,0.5336411931599259,0.6536864091271878,0.6522233057260639
XOM,0.5303844732987447,0.6223443991177139,0.5151336336482399,0.6034763002850739,0.5959912975545312,0.5991610336795239,0.6547113948463291,0.577963567414292,0.6958562073896329,0.6108417329989657,0.6429132898026456,0.688386586855675,0.5215360117457667,0.5455564133511461,0.6965660257660602,0.5794984727453759,0.5447335182933213,0.5578027024297657,0.542662395798696,0.6037572221358981,0.6520509178747481,0.5778712263557799,0.6754218500167454,0.6181247514623265,0.6596963947605392,0.5889668577760675,0.6247363873783693,0.0,0.5990832902569382,0.6405962405916779,0.5915114824146586,0.6271920638122914,0.4187014354968657,0.6280620046611266,0.6730542178115136,0.5916981967297543,0.6568751481583561,0.5739574723334708,0.6813115328834771,0.6948165997903298,0.6126214018932055,0.6449029016816591,0.7029719779339215,0.6619446338436582,0.6303620080904352,0.6081867257652869,0.5784201815141485
WMT,0.49787309903225,0.6893083635556,0.5985267814333215,0.679829854720784,0.6811546262898035,0.6781667107788815,0.5862739105869951,0.5629822493220276,0.6235917816198288,0.5619751544694357,0.5272927884390417,0.6966782379697863,0.5253721202203694,0.5620410334777844,0.6893793535411048,0.6834872572064842,0.562645725640426,0.5574551046830251,0.5685505987392281,0.6251571299921188,0.6111715385734865,0.5227946181318471,0.6405966595857698,0.6009604647904129,0.5533845380914192,0.5629170109592959,0.5359646470050231,0.5990832902569382,0.0,0.6460799511362377,0.5274215207689192,0.685909313039243,0.6209117212340011,0.6050488140334359,0.5882243035382718,0.6177449861785569,0.5172452768431861,0.5949004152881032,0.6467355368543968,0.6801894027252627,0.6261058174184065,0.573649800899716,0.6405634967994605,0.6650654573726628,0.630195393323153,0.5636527640024164,0.5854596541302662
ABT,0.5054039174567536,0.6552745560192873,0.5368668084013463,0.5796204023085014,0.6552214142146251,0.659625944182037,0.5694683995945312,0.5138380098460449,0.6482728395251587,0.6824695043550428,0.6731647877535303,0.613217325524612,0.4945166711457388,0.5562756213914236,0.7010858204384995,0.5977813366194913,0.5241967513350956,0.6989452852974607,0.5340054494779527,0.6910155231722102,0.4421948565242489,0.5850010598884008,0.36109957266539094,0.6183781645813035,0.6401880120848742,0.6128467972466348,0.6235954027200018,0.6405962405916779,0.6460799511362377,0.0,0.4663140329095817,0.4623751579834431,0.5976241309559372,0.36636074454441403,0.5843430774395262,0.4341740138367451,0.6312143167710472,0.5339979647608776,0.6922368751374985,0.5534072094892564,0.6023715410593447,0.6123001275273324,0.49077126311820246,0.4559074723622007,0.5976490545886687,0.5522831562451729,0.6131735001609689
CRM,0.3716039059701278,0.5981437988451074,0.4598525042204827,0.6292030826413689,0.5976380825846471,0.5981068400739802,0.5782313860077049,0.39881550398429394,0.6278774166132395,0.5688626203582398,0.5939564015527291,0.6023050891458881,0.4205340809787678,0.5169591765289382,0.6831827062236409,0.5302671166684881,0.38140409114584733,0.6801199181363176,0.4427222018242595,0.5526273652193091,0.5544546444705117,0.47719215512638585,0.47492297453617655,0.5523809769522382,0.6804322223588213,0.5012171084714201,0.6192587303507492,0.5915114824146586,0.5274215207689192,0.4663140329095817,0.0,0.49001004963358036,0.5830375378737758,0.3536024806597569,0.606546946183809,0.49468909187647775,0.5994334250472438,0.529975488380588,0.7041768573003443,0.5750592700693795,0.6129414939142208,0.5667096562891896,0.6195033722811797,0.529289964201471,0.6227305556903978,0.5158524134833107,0.5445131464074744
ABBV,0.5431820497125959,0.6049478918817187,0.5599542361595615,0.6173127226312782,0.5960525433025664,0.6006308759042326,0.6443686941984785,0.45664621555889845,0.656163889617467,0.6339677203380139,0.6550126215598544,0.5665985985594294,0.5258421419596794,0.5718492155361273,0.6815024971440897,0.6456571927577323,0.5632103332936524,0.6825109630895081,0.5297538823690802,0.6003507506184252,0.5096756389673117,0.5500383475094547,0.48503048819677164,0.5721967189259559,0.6468721302769892,0.5709388818436468,0.6924849502744886,0.6271920638122914,0.685909313039243,0.4623751579834431,0.49001004963358036,0.0,0.6086935908011493,0.48324536613183966,0.6309256287827139,0.41530400678582635,0.6801991591851624,0.5553994735943334,0.6947457012105897,0.5339590122143457,0.6145331066944828,0.6427113069295386,0.5493381687044582,0.5709110295985242,0.6326894376850889,0.517216777867497,0.611164331423643
CVX,0.5669948045794492,0.654174498450108,0.539262330210339,0.6449912094786135,0.6602586133555468,0.6675409613971887,0.6618190690612699,0.5822283939433374,0.6767118784551213,0.687560464473385,0.683601026928017,0.5900145100331313,0.5324320171960044,0.5810975890910058,0.6891375670629368,0.5253887942096014,0.5670312353042832,0.6890927193107634,0.596075932616942,0.5580538310856492,0.5981160814209355,0.6275486955024413,0.639587866571944,0.5990507787352816,0.6919744455717478,0.6449216052677967,0.660695323329744,0.4187014354968657,0.6209117212340011,0.5976241309559372,0.5830375378737758,0.6086935908011493,0.0,0.6253864001435544,0.704051131241794,0.5838605709593192,0.6248228243483751,0.5824239668986153,0.6942629878695225,0.6832810925586156,0.5937505845134433,0.6783898106477002,0.639870587543008,0.6686199216810994,0.5938834486281273,0.635981748344183,0.6219884497367738
TMO,0.45771047228323,0.6222573307459497,0.5264050796695013,0.635115944559678,0.6818690101678684,0.6846945645232417,0.598053180785357,0.49804733354835495,0.6684805174499348,0.6410543814207225,0.6345062422820228,0.6302933731162378,0.5014212928812567,0.556810532323928,0.6953629485372563,0.6121152091873973,0.4574196666967832,0.6855443582031685,0.49303226440508846,0.6230693499718072,0.4535403716052257,0.5720299470515995,0.3858525341909844,0.58196377117629,0.6895589564097702,0.5500804795859935,0.5957605196361974,0.6280620046611266,0.6050488140334359,0.36636074454441403,0.3536024806597569,0.48324536613183966,0.6253864001435544,0.0,0.6360059628473785,0.42389627086795706,0.6427423546928269,0.539900798536537,0.6853903229304462,0.5274804842326051,0.5784225684822714,0.6143436154014719,0.5233335649570946,0.4633070604468727,0.6331455072031112,0.562416122902306,0.5883921882325343
MCD,0.5672742425107163,0.6922045059720839,0.6395298246245664,0.6863555895434137,0.6183788784999608,0.6206255359650816,0.6660889661153917,0.5485865116851154,0.613414724451339,0.6605507409207828,0.5920759999779235,0.6571687567856255,0.5647747137484695,0.6446805445101962,0.6398062720623906,0.6863492691379752,0.6203093150050303,0.6485717060316026,0.5520585075841073,0.6626063816715646,0.6403731203515186,0.6156063966459056,0.6495908576704708,0.5778670761214907,0.6092291628274845,0.663842389153839,0.6210194560929958,0.6730542178115136,0.5882243035382718,0.5843430774395262,0.606546946183809,0.6309256287827139,0.704051131241794,0.6360059628473785,0.0,0.6442421734678637,0.6145586217883333,0.588833627495857,0.6481183418767225,0.6985935740305924,0.6255110715296837,0.6092073427018482,0.6386550655148785,0.6282577496246071,0.6199345935025733,0.6082185367304604,0.5977302192838951
AMGN,0.4767896877317943,0.5915547314172924,0.4635957611043521,0.5963654649641823,0.5459576715178284,0.5502777299112932,0.5854597400549586,0.4770937535192531,0.6632009437025401,0.604278115697258,0.623122046147789,0.6103714825338911,0.530802722804021,0.5304886108206176,0.7038527810048327,0.5994367822787001,0.5261821131821275,0.6377082136932111,0.45813964129465884,0.621998533356819,0.41894551820464476,0.5403564652655434,0.4547317353352252,0.5777241126965044,0.6860522132864377,0.5400334279491753,0.635245393419682,0.5916981967297543,0.6177449861785569,0.4341740138367451,0.49468909187647775,0.41530400678582635,0.5838605709593192,0.42389627086795706,0.6442421734678637,0.0,0.5776285086617843,0.5141985411197095,0.7065863112286505,0.5226848838529626,0.5430808901824257,0.5946652850655542,0.5174638799663779,0.5064241474132984,0.5519388311990095,0.5049399298532742,0.553917830121476
COST,0.5542862305392305,0.6233728428348162,0.593949619691472,0.6761036096004157,0.6279790702756485,0.6293470530349558,0.6069854569147478,0.5443393888568328,0.6508719093304112,0.6307838158161166,0.5766837083667907,0.6005194685349846,0.5518110940877181,0.5529635018428796,0.6614924436996411,0.6831266954592462,0.5783679944301311,0.6203871127830037,0.5695372169792215,0.650777355232182,0.6029388047893036,0.5519330711175064,0.6563338608458419,0.6250817115179891,0.6124376191859311,0.5809979330314456,0.6697789739503174,0.6568751481583561,0.5172452768431861,0.6312143167710472,0.5994334250472438,0.6801991591851624,0.6248228243483751,0.6427423546928269,0.6145586217883333,0.5776285086617843,0.0,0.5791422299860745,0.6995136048071832,0.630324684730686,0.5965179942952977,0.566953662573622,0.6686409574338668,0.6166741680612443,0.6106584149351336,0.592163084482737,0.5646214859130463
ACN,0.5294819465790161,0.5860329296334292,0.5319384216478823,0.675975170490843,0.638414027863533,0.6399556891584253,0.5744910294716016,0.4449637700238799,0.6277464991214451,0.5600387852103857,0.5637276302639386,0.6489501678939511,0.43707170107328486,0.5325723455098562,0.6494599531296273,0.6051020931554971,0.5260708563144293,0.6492378668849711,0.5101851165972419,0.6279592967329928,0.5648884852221262,0.5068218480115219,0.5829609252074799,0.538673579605967,0.6403190174589557,0.5498330387222249,0.6252543080946632,0.5739574723334708,0.5949004152881032,0.5339979647608776,0.529975488380588,0.5553994735943334,0.5824239668986153,0.539900798536537,0.588833627495857,0.5141985411197095,0.5791422299860745,0.0,0.6768083406054807,0.6217451054562636,0.6119020051593859,0.5656235188936068,0.6462351561531893,0.6231862757531781,0.5952521663648853,0.5543894249634383,0.4912111450602253
NEE,0.6794977490571155,0.5896950394001786,0.6480655762004006,0.6701664549675523,0.6262201608023665,0.6240897759064246,0.6565149933027261,0.7024975719456696,0.6028586778858167,0.6028835781939781,0.6940134528444685,0.6898707268070423,0.6860810675093518,0.6255879895250308,0.5612625933644549,0.6571449652839892,0.7069749433905402,0.6486442747288406,0.6782669228804157,0.6420915693367873,0.6622598112827173,0.677345455000355,0.6413510198550916,0.7026307572201019,0.5956680470886664,0.5641863756858553,0.5696287902373441,0.6813115328834771,0.6467355368543968,0.6922368751374985,0.7041768573003443,0.6947457012105897,0.6942629878695225,0.6853903229304462,0.6481183418767225,0.7065863112286505,0.6995136048071832,0.6768083406054807,0.0,0.7004913059386858,0.7062648684448588,0.6502769001088982,0.6684157794273197,0.6939792154794218,0.586089134339116,0.6470635737564943,0.6593016958379507
LLY,0.6581331184200574,0.6760977815155612,0.6102997446062111,0.656546753628267,0.6383389260165102,0.6393937014409007,0.6387323388793797,0.6290096191982808,0.6855448894186428,0.6257639640012341,0.6628074987776782,0.5747934013597507,0.6694664795243938,0.7039421267587134,0.6922470770787913,0.650970538307934,0.6199473674631123,0.6228375933370112,0.6264794550467575,0.6982676968399891,0.51081768522492,0.6344164577052275,0.5272311171797317,0.6628481845931412,0.7059292267487894,0.6977889120255699,0.6988335961278845,0.6948165997903298,0.6801894027252627,0.5534072094892564,0.5750592700693795,0.5339590122143457,0.6832810925586156,0.5274804842326051,0.6985935740305924,0.5226848838529626,0.630324684730686,0.6217451054562636,0.7004913059386858,0.0,0.5750748437853802,0.6912906408160944,0.6250919273831563,0.5865900241829273,0.6824097365963258,0.6983401109479265,0.7034031763548341
BMY,0.5411033792332616,0.6114807946086116,0.5227148129371921,0.5571292356066383,0.5868045094722063,0.5897631145742082,0.5389075062693841,0.5802908773096694,0.6700484153997794,0.653922909902766,0.6827815033034965,0.6637486066942,0.6037949093617713,0.6220599568779221,0.6946711218052544,0.629628389971069,0.5752166550370038,0.6402971651238029,0.5363763690995853,0.6877147198434478,0.528145840803054,0.6276833526412763,0.5784384511656373,0.5666572431927003,0.6346633107149711,0.5971565640492263,0.6184929950963615,0.6126214018932055,0.6261058174184065,0.6023715410593447,0.6129414939142208,0.6145331066944828,0.5937505845134433,0.5784225684822714,0.6255110715296837,0.5430808901824257,0.5965179942952977,0.6119020051593859,0.7062648684448588,0.5750748437853802,0.0,0.6535341821272631,0.5822553219933658,0.6301157281557707,0.6377061654978708,0.6178764688857563,0.6149183132954695
LIN,0.5440624069316954,0.6602821366095278,0.5917295106061689,0.6479491892389333,0.6772728802261263,0.6744457509658469,0.652502242790841,0.5576367797391245,0.5136439599621458,0.5947925523586273,0.6111141438915052,0.6793933544788393,0.565842807413919,0.5946475481838693,0.693179234340303,0.5857495949460276,0.5902300872274291,0.6490251817237617,0.5894623988637375,0.6406966983736875,0.5933368569883253,0.48464310551539075,0.615352585706517,0.6254006698301822,0.6625900424942962,0.602510478507698,0.6183995426971002,0.6449029016816591,0.573649800899716,0.6123001275273324,0.5667096562891896,0.6427113069295386,0.6783898106477002,0.6143436154014719,0.6092073427018482,0.5946652850655542,0.566953662573622,0.5656235188936068,0.6502769001088982,0.6912906408160944,0.6535341821272631,0.0,0.6960175307983203,0.6126843882973985,0.6327108763088656,0.5896970371326488,0.5711192991837578
MDT,0.6047337542828339,0.684114285239802,0.6221725338821632,0.6189098029119944,0.6730887824208264,0.6758107534087793,0.5373789835136459,0.6054225549401855,0.5949232563554108,0.6887856149594723,0.6310693024816453,0.5847174892670713,0.607007905889785,0.6185398902101914,0.6907899848351945,0.6725131533815472,0.6221604083813698,0.6687477095473346,0.6213643975465636,0.6871188680919562,0.501540350050907,0.7009737746374669,0.4776886950929424,0.6435597903201111,0.6906563026582306,0.6846437361581579,0.5480700306476008,0.7029719779339215,0.6405634967994605,0.49077126311820246,0.6195033722811797,0.5493381687044582,0.639870587543008,0.5233335649570946,0.6386550655148785,0.5174638799663779,0.6686409574338668,0.6462351561531893,0.6684157794273197,0.6250919273831563,0.5822553219933658,0.6960175307983203,0.0,0.6367978102965078,0.5096027811336515,0.6054285030084967,0.646711515390467
DHR,0.5570043643714443,0.6329782352260133,0.6106989479256375,0.6258364287556798,0.664344504476116,0.6703365043945865,0.6065068346069952,0.5718987959914873,0.6822685323539218,0.6539445109962159,0.7021182236972835,0.6852003725244633,0.5801471915379703,0.590081385196746,0.6942390580357042,0.6475746784283966,0.5682756031919126,0.6553565665220158,0.5470781287699552,0.671190474757958,0.5467154999599295,0.5738858940467804,0.5453006088546023,0.6718370624238396,0.6747012727780277,0.6007331324061327,0.6748290065626703,0.6619446338436582,0.6650654573726628,0.4559074723622007,0.529289964201471,0.5709110295985242,0.6686199216810994,0.4633070604468727,0.6282577496246071,0.5064241474132984,0.6166741680612443,0.6231862757531781,0.6939792154794218,0.5865900241829273,0.6301157281557707,0.6126843882973985,0.6367978102965078,0.0,0.6439235889725752,0.575506539191997,0.5974891659100746
PM,0.5833558420231557,0.6349505236833924,0.5813930338751655,0.6897518232979072,0.6674621323098376,0.6707222151944303,0.5760911930530458,0.5164684978295901,0.5828976959181654,0.6532370848120428,0.6834900234853566,0.6820855466174253,0.5424341713624263,0.6339645446801344,0.6341654849077198,0.6285525637419774,0.5879296576626367,0.6909576544573797,0.5657209203680315,0.6113073691303917,0.5794311630921091,0.6133508850061404,0.5939886749099935,0.6211542748201382,0.6032505678408147,0.6553609162035708,0.5336411931599259,0.6303620080904352,0.630195393323153,0.5976490545886687,0.6227305556903978,0.6326894376850889,0.5938834486281273,0.6331455072031112,0.6199345935025733,0.5519388311990095,0.6106584149351336,0.5952521663648853,0.586089134339116,0.6824097365963258,0.6377061654978708,0.6327108763088656,0.5096027811336515,0.6439235889725752,0.0,0.5921624749698067,0.5808500255624869
