,MSFT,AAPL,AMZN,FB,GOOGL,GOOG,JNJ,V,PG,JPM,HD,UNH,MA,NVDA,VZ,NFLX,ADBE,INTC,PYPL,T,PFE,CSCO,MRK,CMCSA,PEP,BAC,KO,XOM,WMT,ABT,CRM,ABBV,CVX,TMO,MCD,AMGN,COST,ACN,NEE,LLY,BMY,LIN,MDT,DHR,PM,TXN,NKE
MSFT,0.0,0.4162043072544494,0.2990752684000219,0.3257427534057429,0.39503930981066526,0.40998830684431636,0.5872705933873784,0.2943411445010484,0.521139363783852,0.45659958761985225,0.4317150059687835,0.5701249971779964,0.2685195480013739,0.3516380824069798,0.4853565430849987,0.47897187077526876,0.2972672108596473,0.3695586246716005,0.3581503566055096,0.5279621316357569,0.5524077462178378,0.44179054200992784,0.44872615179781783,0.33403204005456405,0.44831064923969877,0.4691467213828299,0.5005144004898849,0.4237594043155434,0.49809532253283395,0.35208954135890724,0.48581632713031037,0.5137798731808549,0.4781832414592971,0.38776804467158005,0.4662028111600898,0.6098745568644343,0.47543356486753624,0.29938750485631715,0.6038679025311056,0.44253339856327417,0.5204646669146974,0.4636837228869606,0.41740096088678985,0.34535854594693516,0.615936680304065,0.2856964733679623,0.39714184938315567
AAPL,0.4162043072544494,0.0,0.3954469157819549,0.4382206228483889,0.46588615290367674,0.47530036304610646,0.6148301742173895,0.45308508823030386,0.5385739564937242,0.41428386012356166,0.4457265126450444,0.6125707135944666,0.4566926320138263,0.38418238461871695,0.5490858758284317,0.5212931977935474,0.4342443862211685,0.33666277583169674,0.4665337588754625,0.47737908382274385,0.5448541264970913,0.43136438548137207,0.5326397318215246,0.38835058928663235,0.4970890899705608,0.4272585565634555,0.5447792015979747,0.4038730325265385,0.5447263633014114,0.4156583396661973,0.5124564304356022,0.5157662573158601,0.4457743405183422,0.45695376269850285,0.5712991255279963,0.5632759750287534,0.557736564478316,0.45111031514392697,0.6548549087802021,0.5020077936842225,0.5325021637879594,0.5803167316320038,0.5022752000294934,0.4338730534889547,0.5567585950862673,0.32890151099653864,0.3917137867857525
AMZN,0.2990752684000219,0.3954469157819549,0.0,0.29341585791494285,0.4840706420657539,0.4937935021127646,0.563171697207086,0.36462647586165287,0.5622157428975652,0.40980370337538746,0.46492364412547343,0.5554151257152287,0.34449542961988516,0.33889660764611695,0.5490784501158956,0.4702526197880452,0.40554744959478045,0.35655151036982474,0.3674655514415971,0.5494021472116842,0.513517749709493,0.46739091516860376,0.53658808020128,0.3152317046642852,0.5089546595693389,0.43691737042969364,0.5514848775085177,0.41853695610397035,0.4825701083991008,0.4090804515915038,0.5016439659037679,0.556346836313776,0.4701732969549293,0.4360463938226173,0.5384360873383968,0.6269498822743493,0.5071520007033491,0.40236876650272607,0.6341567018320886,0.4995163955556141,0.5611366948051938,0.49721081986200855,0.4914595868538848,0.43815400360018786,0.5898596237640301,0.32605997703659373,0.39658731430066446
FB,0.3257427534057429,0.4382206228483889,0.29341585791494285,0.0,0.4748524971941522,0.4829065457163458,0.5836049013400925,0.38594314639868493,0.6030562601562561,0.43452651471698317,0.5159926561013313,0.5589118532819501,0.37131015960567626,0.3813161070996528,0.5826497882685945,0.4799996674431794,0.3959537607066399,0.4023185828931386,0.37222159685879075,0.5402372508937309,0.5566839647537449,0.5108378129375346,0.5216175289630083,0.34833658844634424,0.5442597144810147,0.4406745358252865,0.5775691243059153,0.4608901978134206,0.4879859126880996,0.4233726245135548,0.4327368522929111,0.5719057073611626,0.4835012729890185,0.4549768536129543,0.524142070872151,0.6037800227936129,0.5157038126848461,0.4250837113289851,0.699385613893779,0.521560397386896,0.6113675591459865,0.50988175357211,0.5060894995693915,0.4618220322802545,0.6550289032753343,0.3743912288140882,0.4771447220574722
GOOGL,0.39503930981066526,0.46588615290367674,0.4840706420657539,0.4748524971941522,0.0,0.03411051556557206,0.6298852924445304,0.4314117095084285,0.5437350435763489,0.46724738574657193,0.49817033299435454,0.5548658045734001,0.4476871892094888,0.44405854555728475,0.48584130909129053,0.48652155551620835,0.44006228191569124,0.4839440477418154,0.4770310102034043,0.5259256105476082,0.5234220619880995,0.5152349227831332,0.5913908848898027,0.46857495252693093,0.4871698848996726,0.4514935795591113,0.4821580063892179,0.48491291413385024,0.5290349125032964,0.4709811746083832,0.5322949416719821,0.5225225866408951,0.5612438334946239,0.5149635220826143,0.5683202832482867,0.6177714656045616,0.5439856297776403,0.4334685091821687,0.6476536026995704,0.5250684922682073,0.5769469043825627,0.5408303821679873,0.5363441127546419,0.5106423900915805,0.6183524890605089,0.42487995515356325,0.47347894713073396
GOOG,0.40998830684431636,0.47530036304610646,0.4937935021127646,0.4829065457163458,0.03411051556557206,0.0,0.6373015307767684,0.44281817537878676,0.5525484460665497,0.47372135453163916,0.5068050248600724,0.5555439218057217,0.4607007178757976,0.4535529685096502,0.4954394004955149,0.4935319643171179,0.4490113063148012,0.4988983347075011,0.4840323954179702,0.5327024144329072,0.5217258948575134,0.5203906081152209,0.5998885456477464,0.47618702104768945,0.49647924720763104,0.45685756213225737,0.4871450384029274,0.4948119693239704,0.5384180269053647,0.48598934873525523,0.5350851312074487,0.5267981520331436,0.569372965425823,0.52849559633185,0.574498663062314,0.6183082608758119,0.55239362194479,0.44910253738812694,0.6503684726301441,0.530943156835504,0.5856645980197516,0.5471933999355418,0.5462084290914416,0.5246437282240617,0.6217557368401171,0.44020225075760794,0.4835264017336694
JNJ,0.5872705933873784,0.6148301742173895,0.563171697207086,0.5836049013400925,0.6298852924445304,0.6373015307767684,0.0,0.6366033957214117,0.6699390328510084,0.6008299289255514,0.6765068158213899,0.6190836667072004,0.6338210050560457,0.6018249262376593,0.5926034891108511,0.5702546627310117,0.6499836740869654,0.5943410525762869,0.6570969196327789,0.6135393136920376,0.6700357561938091,0.5971156763911059,0.6575322198251484,0.5479263585395472,0.6274626550298011,0.6207724484169098,0.6969487232943421,0.6119632598352323,0.6338440185736691,0.6129875194267294,0.676193813562998,0.673064863125075,0.5954236051569932,0.6160666487570997,0.6854347342935759,0.6581631183138158,0.6240967921260465,0.6457243945675495,0.687035899419512,0.596699853520833,0.6146859118202016,0.6244600768699096,0.6345124695425259,0.6189785581757027,0.6756607268908077,0.6027425033017797,0.6690630256703239
V,0.2943411445010484,0.45308508823030386,0.36462647586165287,0.38594314639868493,0.4314117095084285,0.44281817537878676,0.6366033957214117,0.0,0.5112062837649802,0.5319779390634485,0.44882020132004236,0.6347476742583095,0.16636908780895093,0.4360924196704859,0.5297238532330294,0.519258852044296,0.3240997286237824,0.4551351400784564,0.3362292782482738,0.5962926400671401,0.5572119501116073,0.5523453112984738,0.4440786543776298,0.4051010829426513,0.4064130577940127,0.5438882899789531,0.4407677773878488,0.4872928171877778,0.4681940728499518,0.4102480181955853,0.5152341300246376,0.58860013244464,0.5525530906424726,0.4338327182535793,0.42614603519561267,0.5709341057853282,0.4512197194844946,0.26382073938954753,0.5974019729309674,0.48922736107213277,0.5575817361475722,0.5279449863241988,0.4066319479662932,0.39631430971029,0.6027681289886729,0.3509292677662433,0.45215458430299166
PG,0.521139363783852,0.5385739564937242,0.5622157428975652,0.6030562601562561,0.5437350435763489,0.5525484460665497,0.6699390328510084,0.5112062837649802,0.0,0.5873115898721245,0.5819210352670403,0.7040914948006546,0.523828277050257,0.5804649212795755,0.5596861867858138,0.6607686885595826,0.558537389425161,0.5597082158585333,0.5783485720633386,0.5834409416285002,0.6962294720870401,0.5968647640731064,0.5526652362809661,0.5360714466690119,0.4055328853612579,0.5641984055203116,0.4520451199618421,0.5351818009759871,0.48435940186092613,0.5363266724729214,0.6387172125396876,0.5515880466139165,0.5882768767752243,0.5470865764571154,0.5843862230188925,0.6298033907391865,0.5424958063082577,0.4828833582883403,0.5010802774178343,0.5381091738901065,0.5645487075361488,0.6300918831231028,0.5160606454290858,0.4613747311858048,0.6223734965474905,0.5097394128448054,0.5382155122141735
JPM,0.45659958761985225,0.41428386012356166,0.40980370337538746,0.43452651471698317,0.46724738574657193,0.47372135453163916,0.6008299289255514,0.5319779390634485,0.5873115898721245,0.0,0.4612217834922768,0.48577222717590585,0.5419820934841186,0.4036762808847131,0.5236525739829656,0.521012201492407,0.5210832499530589,0.38575838124868306,0.5454514028489917,0.497218665438854,0.48221926759822425,0.482953198300587,0.604366218970707,0.3801141152863509,0.5918623569722298,0.18557509462033195,0.6075831930442416,0.3246733530602231,0.5165081868831392,0.4466201461562618,0.5237152670247045,0.49460186571008,0.3963247693088253,0.4349750463169254,0.6342998667193174,0.5946474871549552,0.575600933503091,0.5099891479686283,0.6973896062790179,0.4980619904530242,0.5589232611638429,0.5462965344706299,0.5753763507234076,0.5059492866286432,0.602689975979627,0.4442885384185717,0.46737148184273647
HD,0.4317150059687835,0.4457265126450444,0.46492364412547343,0.5159926561013313,0.49817033299435454,0.5068050248600724,0.6765068158213899,0.44882020132004236,0.5819210352670403,0.4612217834922768,0.0,0.6132357230592236,0.4660683662822835,0.4563145077469784,0.5579545657487804,0.5587879266238309,0.500876909515716,0.44441905940552096,0.5242235442012064,0.5518965923064774,0.5613430353075004,0.5093425943789645,0.5783495573340244,0.44618054752536024,0.5177927411250658,0.4707212990487025,0.5795271664151663,0.4472598643187847,0.5574885295485972,0.4623377495946973,0.5461243782237111,0.5463679304948408,0.5033442492626709,0.4821865868208289,0.5609538723534436,0.6645975976799614,0.5275060753913408,0.45764305318416415,0.6644992579027355,0.5388408712845877,0.5504051484328453,0.5702253541983431,0.4277192191411638,0.49976573016964554,0.6082421634528992,0.4215115332662219,0.4343845700481726
UNH,0.5701249971779964,0.6125707135944666,0.5554151257152287,0.5589118532819501,0.5548658045734001,0.5555439218057217,0.6190836667072004,0.6347476742583095,0.7040914948006546,0.48577222717590585,0.6132357230592236,0.0,0.6524877347244923,0.5540880044815114,0.5502005267016219,0.6357951473922523,0.6361343923044024,0.5938926376050443,0.6187646957575889,0.551503754649256,0.6065016429885045,0.5968090158814177,0.6498954468096696,0.5786961356176552,0.6763828369281688,0.5253103813446094,0.6393200865419948,0.5808642305106742,0.6117071511557495,0.5223768649623132,0.5954406209038341,0.6355570808482296,0.5880431519447469,0.581325177687138,0.7047913718908269,0.6675627098037694,0.6787803127788433,0.6385266850251543,0.7031477684549461,0.5343574445439875,0.6127450123274546,0.6183340904853382,0.6332256513910569,0.6255531862541172,0.6011354965493918,0.6002477336019632,0.6636985565923877
MA,0.2685195480013739,0.4566926320138263,0.34449542961988516,0.37131015960567626,0.4476871892094888,0.4607007178757976,0.6338210050560457,0.16636908780895093,0.523828277050257,0.5419820934841186,0.4660683662822835,0.6524877347244923,0.0,0.4413528228715845,0.5474715453269029,0.48777165143980233,0.3272113216372365,0.4441103610692814,0.3083251245461486,0.6080182137448217,0.5765311551121017,0.5427828474891281,0.4299346144808829,0.4016280586164471,0.43160952244905376,0.5506135635252372,0.4756985224746482,0.4950730901227598,0.4721834256019366,0.40358889466017095,0.524173942704782,0.5805197712331942,0.5566628514075593,0.42138836387028816,0.3790053491332556,0.59964491004846,0.46465370432811726,0.25583699452210945,0.6001420359880529,0.5276570694187375,0.5719808909372703,0.5055207512028628,0.40399665772223087,0.3820291703372306,0.6117111792340124,0.3371103437795084,0.41437917412246356
NVDA,0.3516380824069798,0.38418238461871695,0.33889660764611695,0.3813161070996528,0.44405854555728475,0.4535529685096502,0.6018249262376593,0.4360924196704859,0.5804649212795755,0.4036762808847131,0.4563145077469784,0.5540880044815114,0.4413528228715845,0.0,0.53596611871071,0.4990353752566208,0.4140439207226867,0.33244065709268816,0.4298036947911503,0.5305705066939491,0.5449649453112458,0.42605553197148405,0.5842023229222695,0.3728040393613336,0.538791513930663,0.39983128544145624,0.5692676291366698,0.40120825949793765,0.5637654925562119,0.43140694262117274,0.4893088376739982,0.48638107605392544,0.479167071796965,0.4711091758330516,0.6035778432891344,0.6328317720994436,0.5365786497391957,0.47695105552155875,0.6938267894449687,0.554775980869546,0.5886260217894294,0.5494853582611198,0.5436753159350929,0.4987128247885874,0.5872406467748611,0.3011379456764262,0.4225350839539363
VZ,0.4853565430849987,0.5490858758284317,0.5490784501158956,0.5826497882685945,0.48584130909129053,0.4954394004955149,0.5926034891108511,0.5297238532330294,0.5596861867858138,0.5236525739829656,0.5579545657487804,0.5502005267016219,0.5474715453269029,0.53596611871071,0.0,0.6329376024845647,0.5537812741891367,0.5008796790984112,0.5814971781733781,0.4261121521105885,0.5025451737297044,0.5778770721367684,0.5399921443523068,0.48876248380645104,0.4779552518703019,0.5424954169386542,0.4346631643994756,0.5224427725784921,0.5235161285779816,0.43626203665209307,0.5881027150844929,0.4744778674806341,0.5225804861840365,0.47414963490398393,0.583211604295545,0.6664138184789608,0.5235935481533696,0.4808883457474211,0.6127050858831562,0.48495565607383706,0.4678828352271139,0.4523797256220541,0.5114969219387961,0.47146138075257293,0.6067734856995072,0.48997731564500124,0.5738592227206859
NFLX,0.47897187077526876,0.5212931977935474,0.4702526197880452,0.4799996674431794,0.48652155551620835,0.4935319643171179,0.5702546627310117,0.519258852044296,0.6607686885595826,0.521012201492407,0.5587879266238309,0.6357951473922523,0.48777165143980233,0.4990353752566208,0.6329376024845647,0.0,0.5000931630696545,0.5179446774627213,0.5611553067250324,0.6170682117868248,0.5946221525314254,0.5918977448106792,0.6327943425511492,0.5040938116112039,0.5837337119709322,0.5022030277404188,0.6495675396113102,0.5213349380332937,0.6047752054958256,0.5844683046176947,0.615739676047695,0.6450333066408502,0.5882912305210314,0.5555012715317726,0.6103261553277376,0.6214726331264424,0.6144894765216468,0.5222460861632512,0.6857080376624864,0.6438325343924013,0.6095864924464689,0.5865955059332609,0.6271044418887729,0.5794785712643681,0.6098820205061075,0.49438669876473973,0.4893095481715233
ADBE,0.2972672108596473,0.4342443862211685,0.40554744959478045,0.3959537607066399,0.44006228191569124,0.4490113063148012,0.6499836740869654,0.3240997286237824,0.558537389425161,0.5210832499530589,0.500876909515716,0.6361343923044024,0.3272113216372365,0.4140439207226867,0.5537812741891367,0.5000931630696545,0.0,0.4347745680193482,0.3775986462635672,0.5661126987505551,0.5556835749678136,0.4941294595659416,0.48404086524519224,0.4589016554889203,0.47343442048034345,0.5118784683804287,0.5208129277445496,0.44276972776310364,0.5455749608903115,0.4318563850050207,0.4187069094597771,0.5301440342851278,0.5139051889602319,0.43048156220225614,0.5105955752850784,0.5905452242247725,0.5141638317837542,0.3415616747750833,0.599770553973424,0.49611346212951435,0.5419918503147979,0.5321118427090363,0.4935780147204132,0.4421264383885947,0.6564802444604579,0.3594168825385892,0.4228887238620497
INTC,0.3695586246716005,0.33666277583169674,0.35655151036982474,0.4023185828931386,0.4839440477418154,0.4988983347075011,0.5943410525762869,0.4551351400784564,0.5597082158585333,0.38575838124868306,0.44441905940552096,0.5938926376050443,0.4441103610692814,0.33244065709268816,0.5008796790984112,0.5179446774627213,0.4347745680193482,0.0,0.46172548286864845,0.49496511373116164,0.5439898451233138,0.42013016381578283,0.5777393194919448,0.34288151660673755,0.4858158202939179,0.41180343735251007,0.5552854275834717,0.3530445858206385,0.5246287594089177,0.4106450095911648,0.5300476290443843,0.5138461474846477,0.4373200423388513,0.4033784509536148,0.5859941572814524,0.6573413889234248,0.529326258073373,0.4422573100010979,0.6816292819774137,0.5623871671475114,0.5838610912474734,0.5025007867979152,0.5107547269238532,0.4539744958473897,0.5918314167913998,0.27061685366579286,0.3820819648654794
PYPL,0.3581503566055096,0.4665337588754625,0.3674655514415971,0.37222159685879075,0.4770310102034043,0.4840323954179702,0.6570969196327789,0.3362292782482738,0.5783485720633386,0.5454514028489917,0.5242235442012064,0.6187646957575889,0.3083251245461486,0.4298036947911503,0.5814971781733781,0.5611553067250324,0.3775986462635672,0.46172548286864845,0.0,0.6385173022803696,0.6001835255444167,0.544219503232398,0.4843711731564656,0.43464355253001713,0.5147399311564365,0.5514771770215822,0.5011525500257779,0.535099171373324,0.5248924895333531,0.414706973986457,0.4507098640924643,0.5141304454841241,0.5827814592311995,0.4750254003956105,0.5043708370515599,0.6144146691033776,0.508930300024248,0.36952429270697956,0.659275426950258,0.5534130176795319,0.6527174185106049,0.46861440513241615,0.4528778438564753,0.42375766826666306,0.6704100669836985,0.38969737914744035,0.47909500055779014
T,0.5279621316357569,0.47737908382274385,0.5494021472116842,0.5402372508937309,0.5259256105476082,0.5327024144329072,0.6135393136920376,0.5962926400671401,0.5834409416285002,0.497218665438854,0.5518965923064774,0.551503754649256,0.6080182137448217,0.5305705066939491,0.4261121521105885,0.6170682117868248,0.5661126987505551,0.49496511373116164,0.6385173022803696,0.0,0.5057445868796135,0.5236726689026882,0.5380182966026434,0.5306105254932405,0.5568665125429968,0.4998470492857421,0.5525628521658335,0.5189472421809234,0.5606615427589204,0.4707270996797049,0.5748996033618615,0.5066026215346383,0.5446345298383816,0.49371575408339996,0.6071977242005798,0.6450851087808805,0.6226800219083305,0.5341517952351523,0.6405357412807982,0.4899175172159415,0.4835237372171384,0.5716034679336854,0.5332005652221532,0.5172111550412574,0.5581030678113955,0.5156611021671511,0.5708379425044031
PFE,0.5524077462178378,0.5448541264970913,0.513517749709493,0.5566839647537449,0.5234220619880995,0.5217258948575134,0.6700357561938091,0.5572119501116073,0.6962294720870401,0.48221926759822425,0.5613430353075004,0.6065016429885045,0.5765311551121017,0.5449649453112458,0.5025451737297044,0.5946221525314254,0.5556835749678136,0.5439898451233138,0.6001835255444167,0.5057445868796135,0.0,0.5666604417156117,0.632236633090211,0.5520089365989478,0.5526095449812702,0.5021699312711505,0.5627061020597979,0.49968719033897324,0.56219433501305,0.5619499444887905,0.5975159676357953,0.5192090138607117,0.5488064317145113,0.5125271317803781,0.6117849363765431,0.6553857950313964,0.6178716279886047,0.567174783107233,0.6322447953301763,0.5283835230378374,0.4959107861815709,0.5819538712188328,0.6097358014516414,0.5809669649961005,0.6199925446823739,0.5798883272695595,0.5601781509695569
CSCO,0.44179054200992784,0.43136438548137207,0.46739091516860376,0.5108378129375346,0.5152349227831332,0.5203906081152209,0.5971156763911059,0.5523453112984738,0.5968647640731064,0.482953198300587,0.5093425943789645,0.5968090158814177,0.5427828474891281,0.42605553197148405,0.5778770721367684,0.5918977448106792,0.4941294595659416,0.42013016381578283,0.544219503232398,0.5236726689026882,0.5666604417156117,0.0,0.5664822265641808,0.44353706582802527,0.5858887810959342,0.47016150058843736,0.6425294468505088,0.4240981538947306,0.7040538464799655,0.4606832054995431,0.5931440690146998,0.46869718436382624,0.4585529163588368,0.5032820140548266,0.6179957656617072,0.6454927271362104,0.576739485387895,0.5245480673127554,0.652960261781346,0.5245077213810837,0.5608267277274687,0.5632752414243953,0.5569036375666497,0.49039093881403156,0.6481827248554252,0.42611537346439876,0.42281360663552925
MRK,0.44872615179781783,0.5326397318215246,0.53658808020128,0.5216175289630083,0.5913908848898027,0.5998885456477464,0.6575322198251484,0.4440786543776298,0.5526652362809661,0.604366218970707,0.5783495573340244,0.6498954468096696,0.4299346144808829,0.5842023229222695,0.5399921443523068,0.6327943425511492,0.48404086524519224,0.5777393194919448,0.4843711731564656,0.5380182966026434,0.632236633090211,0.5664822265641808,0.0,0.5521930413432291,0.5227177784201903,0.6240205421403138,0.504125277838141,0.5696428598399906,0.6300126084107719,0.39482047370466145,0.5694342350739845,0.5435334648247458,0.602063233847605,0.4583157315666095,0.4245347505848217,0.5178823303601603,0.5734401569701494,0.3683808637158889,0.5800901711423353,0.4498542182397918,0.5375026285148495,0.5107954983598133,0.4057461991458947,0.35891611057348716,0.6320126817736464,0.5118095073225957,0.5485349137801533
CMCSA,0.33403204005456405,0.38835058928663235,0.3152317046642852,0.34833658844634424,0.46857495252693093,0.47618702104768945,0.5479263585395472,0.4051010829426513,0.5360714466690119,0.3801141152863509,0.44618054752536024,0.5786961356176552,0.4016280586164471,0.3728040393613336,0.48876248380645104,0.5040938116112039,0.4589016554889203,0.34288151660673755,0.43464355253001713,0.5306105254932405,0.5520089365989478,0.44353706582802527,0.5521930413432291,0.0,0.4925358898444373,0.4061483382243931,0.5527497820924272,0.4151077707304664,0.49964836493090337,0.40649631899616084,0.523338476496998,0.5126560686142262,0.4377802151022295,0.45040600576139306,0.5427531295736479,0.594072710333754,0.48344178937693594,0.4205567762546359,0.6841115445454868,0.4998101051773023,0.5251154298594289,0.504521003377609,0.48444986302946663,0.4300334184654829,0.6362119875988872,0.33532624918088144,0.43115669966222736
PEP,0.44831064923969877,0.4970890899705608,0.5089546595693389,0.5442597144810147,0.4871698848996726,0.49647924720763104,0.6274626550298011,0.4064130577940127,0.4055328853612579,0.5918623569722298,0.5177927411250658,0.6763828369281688,0.43160952244905376,0.538791513930663,0.4779552518703019,0.5837337119709322,0.47343442048034345,0.4858158202939179,0.5147399311564365,0.5568665125429968,0.5526095449812702,0.5858887810959342,0.5227177784201903,0.4925358898444373,0.0,0.5957158740713605,0.30784847514988306,0.5236838236636837,0.44776278561633714,0.46353848415102167,0.5974181607866876,0.5542727623952166,0.5686576471686728,0.49744249792368544,0.5075272984027063,0.6157723503254569,0.47622225318007494,0.4157572481237109,0.48120772865762557,0.5148610907930532,0.5096111861722618,0.5706040360292501,0.4276205820986317,0.44818872197155335,0.5997180525471631,0.43610472336286654,0.5162184745594021
BAC,0.4691467213828299,0.4272585565634555,0.43691737042969364,0.4406745358252865,0.4514935795591113,0.45685756213225737,0.6207724484169098,0.5438882899789531,0.5641984055203116,0.18557509462033195,0.4707212990487025,0.5253103813446094,0.5506135635252372,0.39983128544145624,0.5424954169386542,0.5022030277404188,0.5118784683804287,0.41180343735251007,0.5514771770215822,0.4998470492857421,0.5021699312711505,0.47016150058843736,0.6240205421403138,0.4061483382243931,0.5957158740713605,0.0,0.5987439619228666,0.3396078738508419,0.5416479600911079,0.4727523832097257,0.5456949109709934,0.4804106024283004,0.40593203793001503,0.4796395809211745,0.6408347621357484,0.6159000648208447,0.5866970769225963,0.5272701761527744,0.6917088896308183,0.5424979564030408,0.5730311389154774,0.5689498269751082,0.5829878281683482,0.5300356234936785,0.5962021098861977,0.45184125306233547,0.448253084251305
KO,0.5005144004898849,0.5447792015979747,0.5514848775085177,0.5775691243059153,0.4821580063892179,0.4871450384029274,0.6969487232943421,0.4407677773878488,0.4520451199618421,0.6075831930442416,0.5795271664151663,0.6393200865419948,0.4756985224746482,0.5692676291366698,0.4346631643994756,0.6495675396113102,0.5208129277445496,0.5552854275834717,0.5011525500257779,0.5525628521658335,0.5627061020597979,0.6425294468505088,0.504125277838141,0.5527497820924272,0.30784847514988306,0.5987439619228666,0.0,0.5706298868532705,0.4697780248941829,0.47089257847448796,0.6069694559621468,0.5294871457966018,0.605525073798249,0.546733799643374,0.5065214367875024,0.645128785883661,0.5128692404690239,0.4328257927928882,0.4982126543367185,0.5264299426373199,0.5595039799653462,0.5440842812708835,0.476814192777887,0.47968387062096773,0.5747253666026696,0.48610192343013847,0.54971432051105
XOM,0.4237594043155434,0.4038730325265385,0.41853695610397035,0.4608901978134206,0.48491291413385024,0.4948119693239704,0.6119632598352323,0.4872928171877778,0.5351818009759871,0.3246733530602231,0.4472598643187847,0.5808642305106742,0.4950730901227598,0.40120825949793765,0.5224427725784921,0.5213349380332937,0.44276972776310364,0.3530445858206385,0.535099171373324,0.5189472421809234,0.49968719033897324,0.4240981538947306,0.5696428598399906,0.4151077707304664,0.5236838236636837,0.3396078738508419,0.5706298868532705,0.0,0.5578337870536753,0.46934583095597676,0.5407035132648074,0.4571281796930384,0.28394341629093023,0.4133599115830917,0.6270015714377268,0.6213219876549759,0.5625039391299431,0.46848502933729325,0.6803589673778275,0.4880634485806453,0.5392056495571683,0.5421670957440584,0.527025211925176,0.4684738168688423,0.601370221801804,0.373467356838872,0.4110065646776504
WMT,0.49809532253283395,0.5447263633014114,0.4825701083991008,0.4879859126880996,0.5290349125032964,0.5384180269053647,0.6338440185736691,0.4681940728499518,0.48435940186092613,0.5165081868831392,0.5574885295485972,0.6117071511557495,0.4721834256019366,0.5637654925562119,0.5235161285779816,0.6047752054958256,0.5455749608903115,0.5246287594089177,0.5248924895333531,0.5606615427589204,0.56219433501305,0.7040538464799655,0.6300126084107719,0.49964836493090337,0.44776278561633714,0.5416479600911079,0.4697780248941829,0.5578337870536753,0.0,0.5392702004977763,0.5651968812410954,0.6391243456990429,0.5873438724120298,0.5265121534881135,0.547644153469998,0.6943485062515932,0.5129251695764767,0.5005255180499668,0.5742265256538066,0.5662908553283932,0.6012962283704187,0.6013317980018577,0.5424304492744293,0.5376018637482844,0.5902416617508814,0.5213283108792166,0.5875554564170583
ABT,0.35208954135890724,0.4156583396661973,0.4090804515915038,0.4233726245135548,0.4709811746083832,0.48598934873525523,0.6129875194267294,0.4102480181955853,0.5363266724729214,0.4466201461562618,0.4623377495946973,0.5223768649623132,0.40358889466017095,0.43140694262117274,0.43626203665209307,0.5844683046176947,0.4318563850050207,0.4106450095911648,0.414706973986457,0.4707270996797049,0.5619499444887905,0.4606832054995431,0.39482047370466145,0.40649631899616084,0.46353848415102167,0.4727523832097257,0.47089257847448796,0.46934583095597676,0.5392702004977763,0.0,0.4965369502756059,0.4734223045587592,0.4910287398318613,0.36368869225284134,0.45561283941572206,0.552882321888679,0.47000498928586254,0.3430871930988877,0.6052194602858872,0.43370392945856634,0.5127638868837614,0.46724126824190526,0.3907062444688573,0.2885192375401805,0.6153819498586298,0.37477710153420707,0.4236169590390211
CRM,0.48581632713031037,0.5124564304356022,0.5016439659037679,0.4327368522929111,0.5322949416719821,0.5350851312074487,0.676193813562998,0.5152341300246376,0.6387172125396876,0.5237152670247045,0.5461243782237111,0.5954406209038341,0.524173942704782,0.4893088376739982,0.5881027150844929,0.615739676047695,0.4187069094597771,0.5300476290443843,0.4507098640924643,0.5748996033618615,0.5975159676357953,0.5931440690146998,0.5694342350739845,0.523338476496998,0.5974181607866876,0.5456949109709934,0.6069694559621468,0.5407035132648074,0.5651968812410954,0.4965369502756059,0.0,0.5799388720903018,0.5512233008448854,0.5118388480902134,0.6339675774447808,0.6533897904571573,0.6322938643841582,0.5105216392162741,0.7067490826024613,0.5627114545202834,0.6133058247952089,0.5445408662225323,0.5487318198875734,0.5306971215265578,0.6996514109540437,0.5057980012561134,0.5571114880160851
ABBV,0.5137798731808549,0.5157662573158601,0.556346836313776,0.5719057073611626,0.5225225866408951,0.5267981520331436,0.673064863125075,0.58860013244464,0.5515880466139165,0.49460186571008,0.5463679304948408,0.6355570808482296,0.5805197712331942,0.48638107605392544,0.4744778674806341,0.6450333066408502,0.5301440342851278,0.5138461474846477,0.5141304454841241,0.5066026215346383,0.5192090138607117,0.46869718436382624,0.5435334648247458,0.5126560686142262,0.5542727623952166,0.4804106024283004,0.5294871457966018,0.4571281796930384,0.6391243456990429,0.4734223045587592,0.5799388720903018,0.0,0.5157272889488522,0.5261919329576173,0.5921750572384489,0.6483387021411862,0.6164285937800754,0.5158974462758245,0.6414571318858417,0.5356939250149956,0.54755534054719,0.47657519128153125,0.5363904219773716,0.4882634809271897,0.6498417050394687,0.5049452044729502,0.5273925409494146
CVX,0.4781832414592971,0.4457743405183422,0.4701732969549293,0.4835012729890185,0.5612438334946239,0.569372965425823,0.5954236051569932,0.5525530906424726,0.5882768767752243,0.3963247693088253,0.5033442492626709,0.5880431519447469,0.5566628514075593,0.479167071796965,0.5225804861840365,0.5882912305210314,0.5139051889602319,0.4373200423388513,0.5827814592311995,0.5446345298383816,0.5488064317145113,0.4585529163588368,0.602063233847605,0.4377802151022295,0.5686576471686728,0.40593203793001503,0.605525073798249,0.28394341629093023,0.5873438724120298,0.4910287398318613,0.5512233008448854,0.5157272889488522,0.0,0.4985693886452693,0.6551670919941538,0.6201363582809565,0.5695200631719655,0.5425911524155074,0.6813459131394783,0.5031778209446635,0.5385727675383529,0.5493200325593587,0.5671746351210716,0.4894507439514848,0.624814206809038,0.4590221774574446,0.5077368289164923
TMO,0.38776804467158005,0.45695376269850285,0.4360463938226173,0.4549768536129543,0.5149635220826143,0.52849559633185,0.6160666487570997,0.4338327182535793,0.5470865764571154,0.4349750463169254,0.4821865868208289,0.581325177687138,0.42138836387028816,0.4711091758330516,0.47414963490398393,0.5555012715317726,0.43048156220225614,0.4033784509536148,0.4750254003956105,0.49371575408339996,0.5125271317803781,0.5032820140548266,0.4583157315666095,0.45040600576139306,0.49744249792368544,0.4796395809211745,0.546733799643374,0.4133599115830917,0.5265121534881135,0.36368869225284134,0.5118388480902134,0.5261919329576173,0.4985693886452693,0.0,0.5467848847048655,0.6398741141543873,0.5324738260314259,0.3693440310873893,0.6288741369959095,0.4765172533542466,0.49310198854339465,0.49489667975068063,0.42570426259830035,0.31918718948673386,0.6471586475427353,0.3885013234534695,0.46158823228213436
MCD,0.4662028111600898,0.5712991255279963,0.5384360873383968,0.524142070872151,0.5683202832482867,0.574498663062314,0.6854347342935759,0.42614603519561267,0.5843862230188925,0.6342998667193174,0.5609538723534436,0.7047913718908269,0.3790053491332556,0.6035778432891344,0.583211604295545,0.6103261553277376,0.5105955752850784,0.5859941572814524,0.5043708370515599,0.6071977242005798,0.6117849363765431,0.6179957656617072,0.4245347505848217,0.5427531295736479,0.5075272984027063,0.6408347621357484,0.5065214367875024,0.6270015714377268,0.547644153469998,0.45561283941572206,0.6339675774447808,0.5921750572384489,0.6551670919941538,0.5467848847048655,0.0,0.6131389188227093,0.5305032692913273,0.42236531297765034,0.5898512095329541,0.6009714768710287,0.5963141867339676,0.5574386858009565,0.4978726752409613,0.46664209678908597,0.6276041219594042,0.5327334699867601,0.5065416654988947
AMGN,0.6098745568644343,0.5632759750287534,0.6269498822743493,0.6037800227936129,0.6177714656045616,0.6183082608758119,0.6581631183138158,0.5709341057853282,0.6298033907391865,0.5946474871549552,0.6645975976799614,0.6675627098037694,0.59964491004846,0.6328317720994436,0.6664138184789608,0.6214726331264424,0.5905452242247725,0.6573413889234248,0.6144146691033776,0.6450851087808805,0.6553857950313964,0.6454927271362104,0.5178823303601603,0.594072710333754,0.6157723503254569,0.6159000648208447,0.645128785883661,0.6213219876549759,0.6943485062515932,0.552882321888679,0.6533897904571573,0.6483387021411862,0.6201363582809565,0.6398741141543873,0.6131389188227093,0.0,0.6060477984960989,0.5805951779572935,0.6875979729256549,0.5168797623324787,0.6217768254605135,0.6499689120467379,0.6468478275505694,0.5757726068303191,0.6889982145097953,0.6483848120560941,0.6271237190485632
COST,0.47543356486753624,0.557736564478316,0.5071520007033491,0.5157038126848461,0.5439856297776403,0.55239362194479,0.6240967921260465,0.4512197194844946,0.5424958063082577,0.575600933503091,0.5275060753913408,0.6787803127788433,0.46465370432811726,0.5365786497391957,0.5235935481533696,0.6144894765216468,0.5141638317837542,0.529326258073373,0.508930300024248,0.6226800219083305,0.6178716279886047,0.576739485387895,0.5734401569701494,0.48344178937693594,0.47622225318007494,0.5866970769225963,0.5128692404690239,0.5625039391299431,0.5129251695764767,0.47000498928586254,0.6322938643841582,0.6164285937800754,0.5695200631719655,0.5324738260314259,0.5305032692913273,0.6060477984960989,0.0,0.4618433844143047,0.6315203604535736,0.5879246459117997,0.6212248372306087,0.5536966843837187,0.5347694800732712,0.4875839490802862,0.6828420689513875,0.48137537611496123,0.4940406835185005
ACN,0.29938750485631715,0.45111031514392697,0.40236876650272607,0.4250837113289851,0.4334685091821687,0.44910253738812694,0.6457243945675495,0.26382073938954753,0.4828833582883403,0.5099891479686283,0.45764305318416415,0.6385266850251543,0.25583699452210945,0.47695105552155875,0.4808883457474211,0.5222460861632512,0.3415616747750833,0.4422573100010979,0.36952429270697956,0.5341517952351523,0.567174783107233,0.5245480673127554,0.3683808637158889,0.4205567762546359,0.4157572481237109,0.5272701761527744,0.4328257927928882,0.46848502933729325,0.5005255180499668,0.3430871930988877,0.5105216392162741,0.5158974462758245,0.5425911524155074,0.3693440310873893,0.42236531297765034,0.5805951779572935,0.4618433844143047,0.0,0.5694168722959787,0.45768720251229017,0.5085747866739654,0.47438181407517177,0.3541380065504126,0.291326308380782,0.6248356635112173,0.3473586162366269,0.43293343678853724
NEE,0.6038679025311056,0.6548549087802021,0.6341567018320886,0.699385613893779,0.6476536026995704,0.6503684726301441,0.687035899419512,0.5974019729309674,0.5010802774178343,0.6973896062790179,0.6644992579027355,0.7031477684549461,0.6001420359880529,0.6938267894449687,0.6127050858831562,0.6857080376624864,0.599770553973424,0.6816292819774137,0.659275426950258,0.6405357412807982,0.6322447953301763,0.652960261781346,0.5800901711423353,0.6841115445454868,0.48120772865762557,0.6917088896308183,0.4982126543367185,0.6803589673778275,0.5742265256538066,0.6052194602858872,0.7067490826024613,0.6414571318858417,0.6813459131394783,0.6288741369959095,0.5898512095329541,0.6875979729256549,0.6315203604535736,0.5694168722959787,0.0,0.5615549449153389,0.6130614724384211,0.6501678594564219,0.5595313745434327,0.5825880317736584,0.6150364206188169,0.6440987392829748,0.6545135168806233
LLY,0.44253339856327417,0.5020077936842225,0.4995163955556141,0.521560397386896,0.5250684922682073,0.530943156835504,0.596699853520833,0.48922736107213277,0.5381091738901065,0.4980619904530242,0.5388408712845877,0.5343574445439875,0.5276570694187375,0.554775980869546,0.48495565607383706,0.6438325343924013,0.49611346212951435,0.5623871671475114,0.5534130176795319,0.4899175172159415,0.5283835230378374,0.5245077213810837,0.4498542182397918,0.4998101051773023,0.5148610907930532,0.5424979564030408,0.5264299426373199,0.4880634485806453,0.5662908553283932,0.43370392945856634,0.5627114545202834,0.5356939250149956,0.5031778209446635,0.4765172533542466,0.6009714768710287,0.5168797623324787,0.5879246459117997,0.45768720251229017,0.5615549449153389,0.0,0.46773344981021975,0.5738816420089035,0.49862100818370325,0.4411509425220081,0.6569329603179284,0.5327470153180663,0.5744191300394966
BMY,0.5204646669146974,0.5325021637879594,0.5611366948051938,0.6113675591459865,0.5769469043825627,0.5856645980197516,0.6146859118202016,0.5575817361475722,0.5645487075361488,0.5589232611638429,0.5504051484328453,0.6127450123274546,0.5719808909372703,0.5886260217894294,0.4678828352271139,0.6095864924464689,0.5419918503147979,0.5838610912474734,0.6527174185106049,0.4835237372171384,0.4959107861815709,0.5608267277274687,0.5375026285148495,0.5251154298594289,0.5096111861722618,0.5730311389154774,0.5595039799653462,0.5392056495571683,0.6012962283704187,0.5127638868837614,0.6133058247952089,0.54755534054719,0.5385727675383529,0.49310198854339465,0.5963141867339676,0.6217768254605135,0.6212248372306087,0.5085747866739654,0.6130614724384211,0.46773344981021975,0.0,0.6096986499431754,0.5400439275251955,0.4883449981350004,0.6294150238503775,0.5470947217942078,0.5869518849087128
LIN,0.4636837228869606,0.5803167316320038,0.49721081986200855,0.50988175357211,0.5408303821679873,0.5471933999355418,0.6244600768699096,0.5279449863241988,0.6300918831231028,0.5462965344706299,0.5702253541983431,0.6183340904853382,0.5055207512028628,0.5494853582611198,0.4523797256220541,0.5865955059332609,0.5321118427090363,0.5025007867979152,0.46861440513241615,0.5716034679336854,0.5819538712188328,0.5632752414243953,0.5107954983598133,0.504521003377609,0.5706040360292501,0.5689498269751082,0.5440842812708835,0.5421670957440584,0.6013317980018577,0.46724126824190526,0.5445408662225323,0.47657519128153125,0.5493200325593587,0.49489667975068063,0.5574386858009565,0.6499689120467379,0.5536966843837187,0.47438181407517177,0.6501678594564219,0.5738816420089035,0.6096986499431754,0.0,0.517777551027299,0.44912543433000474,0.684025562024581,0.4930378887825099,0.5552207219750885
MDT,0.41740096088678985,0.5022752000294934,0.4914595868538848,0.5060894995693915,0.5363441127546419,0.5462084290914416,0.6345124695425259,0.4066319479662932,0.5160606454290858,0.5753763507234076,0.4277192191411638,0.6332256513910569,0.40399665772223087,0.5436753159350929,0.5114969219387961,0.6271044418887729,0.4935780147204132,0.5107547269238532,0.4528778438564753,0.5332005652221532,0.6097358014516414,0.5569036375666497,0.4057461991458947,0.48444986302946663,0.4276205820986317,0.5829878281683482,0.476814192777887,0.527025211925176,0.5424304492744293,0.3907062444688573,0.5487318198875734,0.5363904219773716,0.5671746351210716,0.42570426259830035,0.4978726752409613,0.6468478275505694,0.5347694800732712,0.3541380065504126,0.5595313745434327,0.49862100818370325,0.5400439275251955,0.517777551027299,0.0,0.3812975011049988,0.6461573178505152,0.419670670880071,0.5547217265294735
DHR,0.34535854594693516,0.4338730534889547,0.43815400360018786,0.4618220322802545,0.5106423900915805,0.5246437282240617,0.6189785581757027,0.39631430971029,0.4613747311858048,0.5059492866286432,0.49976573016964554,0.6255531862541172,0.3820291703372306,0.4987128247885874,0.47146138075257293,0.5794785712643681,0.4421264383885947,0.4539744958473897,0.42375766826666306,0.5172111550412574,0.5809669649961005,0.49039093881403156,0.35891611057348716,0.4300334184654829,0.44818872197155335,0.5300356234936785,0.47968387062096773,0.4684738168688423,0.5376018637482844,0.2885192375401805,0.5306971215265578,0.4882634809271897,0.4894507439514848,0.31918718948673386,0.46664209678908597,0.5757726068303191,0.4875839490802862,0.291326308380782,0.5825880317736584,0.4411509425220081,0.4883449981350004,0.44912543433000474,0.3812975011049988,0.0,0.6465516815498608,0.4064967386966171,0.46036224799690934
