,MSFT,AAPL,AMZN,FB,GOOGL,GOOG,JNJ,V,PG,JPM,HD,UNH,MA,NVDA,VZ,NFLX,ADBE,INTC,PYPL,T,PFE,CSCO,MRK,CMCSA,PEP,BAC,KO,XOM,WMT,ABT,CRM,ABBV,CVX,TMO,MCD,AMGN,COST,ACN,NEE,LLY,BMY,LIN,MDT,DHR,PM,TXN,NKE
MSFT,0.0,0.2589321208084065,0.37082529198948055,0.4058606567688355,0.30368743874905557,0.3130630545388667,0.5001265967780191,0.36105859838682297,0.5597404985973853,0.5930024473849067,0.45110884842126886,0.5208566549831428,0.3777401846297314,0.33720505904283515,0.5436740712723835,0.530292945769816,0.2715136476645793,0.3806223180996463,0.4173219375564917,0.5656389522258315,0.5822131642494355,0.4520722600312548,0.5442610730011892,0.5889305602666621,0.5209237326010363,0.57450596417019,0.5624417500692541,0.5372969340721067,0.6936119107850334,0.46490011016613997,0.32351826248633914,0.5539813171514948,0.5228750329188654,0.4293983322987463,0.5023458931388279,0.5636501305017497,0.4592909926118535,0.41041162526013136,0.6055671157106481,0.5487983626425785,0.584103647807265,0.522503681670883,0.5422102977734075,0.4237596148915288,0.6198260213606784,0.41177709618839176,0.45939823029410426
AAPL,0.2589321208084065,0.0,0.4406340930954885,0.37003235795229444,0.3399642754190526,0.34601869428633425,0.5024357596049337,0.3783436201788374,0.5156239982330614,0.5371318302941135,0.41958647448039643,0.4537177448568174,0.3831696146182655,0.41224637076405724,0.5223276326098156,0.5552446110770533,0.40305639564717605,0.423022477494454,0.48821489494854203,0.5180659532117275,0.5831671389236622,0.4799422682533325,0.542516716797144,0.5533211397089668,0.47610313991580067,0.5258052667288259,0.49791571036561505,0.4866497902987452,0.6836173299823739,0.4834241420211174,0.4016866738259134,0.5322347223387591,0.4832888657865678,0.47204272877934084,0.4677914733556932,0.6058853092373688,0.4586448504594164,0.41749702572676867,0.5952651205240355,0.5518841909291626,0.5479033574668802,0.49920403167499516,0.5032704381717121,0.4813534549945603,0.5745556906848589,0.4147618059130628,0.41101439845152327
AMZN,0.37082529198948055,0.4406340930954885,0.0,0.44952325273019955,0.4420421273130297,0.43547776531178917,0.5875167803304477,0.5567848729960694,0.6243943140134627,0.6587877735969825,0.6379666676128597,0.5872474666527793,0.5599799691257221,0.46799671055029524,0.6686841313531903,0.4558826400020988,0.40516198896264055,0.5294075375757753,0.5373321827407422,0.6685325675222638,0.6487007165542299,0.577918375961184,0.6232255547765064,0.6431044026871602,0.6364362783527022,0.6395717758962133,0.6867031839318807,0.6329155941351183,0.6763289808590198,0.5919742019082391,0.46377194616365724,0.6887982970653729,0.6526904339085156,0.5574544397927462,0.5934315388822843,0.5367658206705579,0.5637953419841515,0.5749567951012103,0.6513567683710465,0.6252208823688101,0.6744601336428565,0.6421608189009689,0.6663365615294057,0.5798442178729548,0.6971143640314853,0.5380559638939781,0.591265503892779
FB,0.4058606567688355,0.37003235795229444,0.44952325273019955,0.0,0.33018625377533667,0.32245220508254707,0.5692634175160435,0.458519233955791,0.5835781341536501,0.5928192252424145,0.5387630118852655,0.5143830402230732,0.45901936064714477,0.4627141460615855,0.6213562565388895,0.5305588963406767,0.4142555864073345,0.4816375650946448,0.4961081204720094,0.5976224224073304,0.6300554387796371,0.5850049731290874,0.6089373927474688,0.5828147262135484,0.5779871527515751,0.5736441306564852,0.5733574906851621,0.5508308456167031,0.6925881426574205,0.5550530242938799,0.4639285845423257,0.6009948075786383,0.5361331902169975,0.5625252689368546,0.5071526790120083,0.581158308030017,0.5319656729819128,0.4886177817707281,0.6367311342512003,0.6396206644749965,0.6212812544866643,0.5730505712430425,0.5941232592765294,0.5757620064511094,0.6170678355584035,0.5295673664561674,0.49404570768858747
GOOGL,0.30368743874905557,0.3399642754190526,0.4420421273130297,0.33018625377533667,0.0,0.04642210295227402,0.5143681390331348,0.3326311364649932,0.5425028025903088,0.5424766092551302,0.46673292538212785,0.5105432836837599,0.34309002400212824,0.42658939877708385,0.5270562750934162,0.541693083553423,0.36903081977708196,0.3865926916605518,0.4584011354420664,0.5162221584783733,0.5682626732589223,0.5040111194640434,0.5413880872655518,0.5454693019690288,0.5869447694531079,0.5371658281242964,0.5313972644422026,0.5007202115027034,0.7069614394993168,0.4782701502557481,0.4189557069867979,0.5698543476989284,0.4681601235259501,0.5141570722953044,0.4941565917072789,0.5927624178653398,0.48599825975837446,0.395740253933976,0.6011466944825441,0.6106643409004774,0.5999339554417388,0.5096083569934375,0.5344427455663162,0.5079464888974013,0.6106181142834193,0.42926127814812937,0.4613139024328029
GOOG,0.3130630545388667,0.34601869428633425,0.43547776531178917,0.32245220508254707,0.04642210295227402,0.0,0.5171971993067439,0.34194211623332516,0.5379911680026159,0.5390452333106147,0.473910826162611,0.5114944048510318,0.3563898077909148,0.4294650370237845,0.5276282886399267,0.5232867891053838,0.36865186361537694,0.3942360376941323,0.4655467665325488,0.5156530335505941,0.573509799169412,0.5139103656998854,0.5422517954626626,0.5449890318453762,0.586294766911499,0.5322293640099538,0.5319072993437032,0.5047375574627513,0.7041548638800847,0.48684588390886957,0.4198793320284014,0.5800695489150136,0.47125417405039455,0.5176683447442199,0.497888767733716,0.5920460506946824,0.48731353287912227,0.40118488022118887,0.5964823087086145,0.6190223026843784,0.610447252467125,0.5119564358194445,0.5439325241699837,0.5175807170031764,0.6110227215543786,0.43634883310218764,0.46913138192916937
JNJ,0.5001265967780191,0.5024357596049337,0.5875167803304477,0.5692634175160435,0.5143681390331348,0.5171971993067439,0.0,0.5008641285542433,0.48047129096439384,0.581500829300772,0.45918891261314143,0.4074820473896271,0.5081648339385594,0.5195767608093359,0.44232404013727833,0.6424088344365361,0.5597119773909656,0.5505692450929544,0.6064338435771688,0.5727516979476232,0.4442644841423676,0.4926275418913088,0.3787107369521396,0.579451111758194,0.47934390098001656,0.5993856583020691,0.5378947384822396,0.5511450606664591,0.623033802554003,0.4831975151305646,0.5742969526245256,0.4956174555538867,0.5101246676493919,0.47715203383251387,0.5436291041899226,0.533853247274649,0.5326678106243274,0.5142517388576809,0.5600211314455383,0.45577625112139053,0.4871009017505599,0.4700466506926042,0.4768299089216532,0.39426472254733014,0.5870982740278743,0.5453525054929539,0.5211375696938644
V,0.36105859838682297,0.3783436201788374,0.5567848729960694,0.458519233955791,0.3326311364649932,0.34194211623332516,0.5008641285542433,0.0,0.5435204459645695,0.44192402075373144,0.3876843349940932,0.4806383176630164,0.14702788067318578,0.42070212472317137,0.486318298131578,0.6405957619471475,0.43422468057337493,0.3626110525371625,0.45165019796182826,0.4378331501671704,0.528910994490049,0.4237044149963434,0.5096951812794758,0.4244353606704129,0.537487238256306,0.43766043126092147,0.4037359195918118,0.38555461979103933,0.693604949037578,0.47072735842233165,0.4529217791172623,0.5644232040954391,0.3373544172702018,0.460967601528925,0.40876216697705153,0.6312218389899487,0.5413543495741187,0.29304276403073937,0.5561515364610626,0.6332359096534814,0.575004664117817,0.36825045556363695,0.4002264952578774,0.45133576769178174,0.5738939647748899,0.3458250932383645,0.41096836204132914
PG,0.5597404985973853,0.5156239982330614,0.6243943140134627,0.5835781341536501,0.5425028025903088,0.5379911680026159,0.48047129096439384,0.5435204459645695,0.0,0.5333365878124872,0.5244764534620189,0.47631963497223717,0.5697676890546085,0.611081068183134,0.4311546764956063,0.6293225583081272,0.621412268556345,0.6152631166134483,0.6715811456782659,0.48389470577355476,0.6062230203199306,0.577407928969864,0.5365407915462358,0.5462130169712536,0.43644532240920186,0.5507667628885184,0.44759613159820655,0.5016131860079588,0.6162367628570741,0.5312438868659226,0.5795151948875125,0.6530295485593584,0.5185914364402118,0.6163468088307863,0.5771996344526984,0.5990106972122468,0.6071540522434018,0.5186330062451533,0.49548253324459185,0.596768818929588,0.6214721734365498,0.4861467201262237,0.5356941420876812,0.571228639555577,0.5362209189100037,0.5679018631241985,0.5430093366526795
JPM,0.5930024473849067,0.5371318302941135,0.6587877735969825,0.5928192252424145,0.5424766092551302,0.5390452333106147,0.581500829300772,0.44192402075373144,0.5333365878124872,0.0,0.4701028298947611,0.4420324918502572,0.44669545614559764,0.6420937185579417,0.49843802279216654,0.6716360392846575,0.6270519933407575,0.49899921244345646,0.6755750636772135,0.26211026907545126,0.568482322066294,0.50754484790222,0.5301971816898736,0.3522541727044635,0.538638441242974,0.151709755221004,0.30820575557957286,0.33915015341991506,0.6723945559240143,0.6016410185604403,0.6132916718065472,0.6459498651424904,0.31357430448279483,0.6087568152242471,0.412343202796446,0.68503220849625,0.6089947429421282,0.43412386150670396,0.5763246989933076,0.6978786931017473,0.6006022436950454,0.4274342447798796,0.44404069775282723,0.564692126167312,0.4406439261631864,0.42484795066188874,0.39339441089660876
HD,0.45110884842126886,0.41958647448039643,0.6379666676128597,0.5387630118852655,0.46673292538212785,0.473910826162611,0.45918891261314143,0.3876843349940932,0.5244764534620189,0.4701028298947611,0.0,0.4127868026843072,0.40720918273123446,0.47947312950816845,0.4065612810306601,0.6493835566597309,0.5267135583134351,0.46074402284628,0.5247884690031478,0.40633120642089376,0.5127643476155404,0.3860957669904929,0.4510673475583587,0.4533485861231058,0.4036785732504353,0.45479618663736976,0.43655686785706815,0.4292747367073476,0.6407417286735775,0.4763307420665116,0.5254084719525479,0.4888855828631665,0.37341490616518824,0.4606395175928701,0.42566664609503874,0.5939104152431887,0.5369938206887007,0.41682231762524863,0.5419576616098433,0.5536001529295589,0.4611805202883864,0.43393431330121746,0.39904273820883773,0.4400332056224088,0.5005805300822685,0.4110936473346586,0.42184662208288304
UNH,0.5208566549831428,0.4537177448568174,0.5872474666527793,0.5143830402230732,0.5105432836837599,0.5114944048510318,0.4074820473896271,0.4806383176630164,0.47631963497223717,0.4420324918502572,0.4127868026843072,0.0,0.487574122121494,0.5648356793010915,0.5152299278102759,0.623160405137329,0.589322405212523,0.539570283371781,0.6456747073725482,0.4652715623120225,0.4812864256475498,0.4720921322455817,0.42556609569784587,0.5142740627881559,0.4652139549205949,0.4701031437835704,0.4868595432560086,0.4398503271380779,0.6974734226739376,0.5074615827363003,0.5742842964476362,0.5100995198270668,0.43442420103590434,0.5414341627067101,0.5121737607042517,0.508912723551218,0.5830377566377134,0.47775572046877535,0.5725124913306388,0.5566112440431396,0.47442603061230265,0.48798229667749693,0.43680017713013236,0.46378071900371887,0.550973276174264,0.5229865349497312,0.45986942896951905
MA,0.3777401846297314,0.3831696146182655,0.5599799691257221,0.45901936064714477,0.34309002400212824,0.3563898077909148,0.5081648339385594,0.14702788067318578,0.5697676890546085,0.44669545614559764,0.40720918273123446,0.487574122121494,0.0,0.4516963113455363,0.5113826348232529,0.6451871569454701,0.45416788572590383,0.37790866724975614,0.4642496631551939,0.45694912386632763,0.5373646519019265,0.4498611016022022,0.5126569197924087,0.43058828585385056,0.5417120436768668,0.4479912658677565,0.3973374914773963,0.40081384225882793,0.6983896081330235,0.5029798517496455,0.4505413637525004,0.5616103157308285,0.3488125908576391,0.4925572758100356,0.4063708689043082,0.6324193340509089,0.5259588495859707,0.34011753984920784,0.5523634956623403,0.6018912846865346,0.5650474371402939,0.3790540394581574,0.4079171583169551,0.4531237694850537,0.555226475744302,0.37265252177002545,0.415113385760661
NVDA,0.33720505904283515,0.41224637076405724,0.46799671055029524,0.4627141460615855,0.42658939877708385,0.4294650370237845,0.5195767608093359,0.42070212472317137,0.611081068183134,0.6420937185579417,0.47947312950816845,0.5648356793010915,0.4516963113455363,0.0,0.5391811126558557,0.5638116616322376,0.40020021420308033,0.40450959922480395,0.4344388610161938,0.5968206296602799,0.5977045476352728,0.44025627143012586,0.5681851103729377,0.5936883799431961,0.5046370903623624,0.62431012525494,0.594243454603373,0.5924077268578598,0.6272383705047577,0.4922907464843273,0.3993784952273341,0.5372992837537873,0.5778170815945352,0.41763295412725654,0.5346734968891456,0.5766540035817346,0.4711682035276358,0.4670539263634274,0.5792691082192908,0.6232905819938911,0.6162215293191391,0.5238747766288396,0.5674498563511792,0.4617644151753008,0.6362761792156469,0.46432259417998345,0.5158373807946577
VZ,0.5436740712723835,0.5223276326098156,0.6686841313531903,0.6213562565388895,0.5270562750934162,0.5276282886399267,0.44232404013727833,0.486318298131578,0.4311546764956063,0.49843802279216654,0.4065612810306601,0.5152299278102759,0.5113826348232529,0.5391811126558557,0.0,0.7069084578706116,0.615947680651878,0.47481333336512904,0.6138168296627102,0.42126757382254354,0.5133939595032576,0.44109925470383143,0.4667796395849615,0.5147258289746405,0.47397408712647254,0.5151208172918079,0.4327551225151262,0.47952098323050013,0.6363788624563568,0.4999900649388342,0.6103494604604349,0.5430288057905204,0.4567817141302064,0.5415275394405815,0.46806051098548374,0.6515466846386374,0.519734157522605,0.49325318308117866,0.4747144134657291,0.5807274088116747,0.6063720747804531,0.46325430938913603,0.4868871263599253,0.5039630741051182,0.4819931918914378,0.4195565464623871,0.4962211113634013
NFLX,0.530292945769816,0.5552446110770533,0.4558826400020988,0.5305588963406767,0.541693083553423,0.5232867891053838,0.6424088344365361,0.6405957619471475,0.6293225583081272,0.6716360392846575,0.6493835566597309,0.623160405137329,0.6451871569454701,0.5638116616322376,0.7069084578706116,0.0,0.5484408740092618,0.6518823717928363,0.6310869237499798,0.6930155649889806,0.7057845102523601,0.6970532513739932,0.6671720244229485,0.6697259640148985,0.6393948804660519,0.6603579701272557,0.6897856335739,0.6678651207896856,0.6557064954861449,0.6796836383841417,0.5885795684914946,0.6958836701328417,0.6670992256480682,0.6567031389259611,0.696397344709143,0.5760379608352293,0.6329019808193521,0.6573142063107922,0.6642369562397218,0.655942517233607,0.6799120909919546,0.6726247275789423,0.698178135944028,0.6723265283993541,0.6840005882254291,0.6829275675118383,0.6240405334862391
ADBE,0.2715136476645793,0.40305639564717605,0.40516198896264055,0.4142555864073345,0.36903081977708196,0.36865186361537694,0.5597119773909656,0.43422468057337493,0.621412268556345,0.6270519933407575,0.5267135583134351,0.589322405212523,0.45416788572590383,0.40020021420308033,0.615947680651878,0.5484408740092618,0.0,0.4678105110198446,0.4315971745464866,0.6015415280079437,0.6062953647495893,0.49123797231009525,0.5647805291347727,0.604219607224684,0.5831398109661475,0.6045503443308812,0.5949993434204287,0.5968825261220624,0.7002064206749565,0.4823759652748804,0.33416138591484695,0.5813532179711826,0.5718573827449935,0.45992407406218405,0.5685986255067057,0.5564180413998687,0.5227793015488206,0.43311541232437784,0.6427850540274461,0.5714989978986913,0.6085742024420656,0.5651709977399286,0.5621617537108543,0.48433525688396395,0.660597945470179,0.5011394266917022,0.5293831176028383
INTC,0.3806223180996463,0.423022477494454,0.5294075375757753,0.4816375650946448,0.3865926916605518,0.3942360376941323,0.5505692450929544,0.3626110525371625,0.6152631166134483,0.49899921244345646,0.46074402284628,0.539570283371781,0.37790866724975614,0.40450959922480395,0.47481333336512904,0.6518823717928363,0.4678105110198446,0.0,0.4978548500161623,0.4693807760245685,0.5474477808707747,0.3897384487050077,0.5394365278543092,0.4942467953055914,0.573412820305983,0.4898382788778461,0.4766993988258261,0.4724223253750392,0.7070826476402919,0.5060618348884406,0.5033099384007701,0.5585331655807241,0.45562428226152407,0.4725756803651473,0.4170033900133664,0.6321135412869384,0.4753083311574957,0.453631371029425,0.5568844672033526,0.6515994388452853,0.5929165736178001,0.494106685649914,0.5177895747764828,0.48286777923804614,0.5300517215117359,0.2906309735403267,0.44818350917163835
PYPL,0.4173219375564917,0.48821489494854203,0.5373321827407422,0.4961081204720094,0.4584011354420664,0.4655467665325488,0.6064338435771688,0.45165019796182826,0.6715811456782659,0.6755750636772135,0.5247884690031478,0.6456747073725482,0.4642496631551939,0.4344388610161938,0.6138168296627102,0.6310869237499798,0.4315971745464866,0.4978548500161623,0.0,0.6667674386149918,0.6791925403696669,0.5315270055122858,0.6380397720579876,0.6317269162508767,0.5944680192090094,0.6613038254535266,0.6434290263435882,0.627590846982485,0.7026646984149378,0.4745323357248462,0.46534990180508906,0.6244044874069067,0.5769850330667767,0.5021430841202719,0.5540751058655261,0.6336668013013035,0.6000153888040016,0.459308256774661,0.5988742194042936,0.6235338030184917,0.639515678043636,0.5664806334238353,0.5702189209948915,0.5078891056587357,0.6967190494076435,0.5059150764979525,0.5913699590587161
T,0.5656389522258315,0.5180659532117275,0.6685325675222638,0.5976224224073304,0.5162221584783733,0.5156530335505941,0.5727516979476232,0.4378331501671704,0.48389470577355476,0.26211026907545126,0.40633120642089376,0.4652715623120225,0.45694912386632763,0.5968206296602799,0.42126757382254354,0.6930155649889806,0.6015415280079437,0.4693807760245685,0.6667674386149918,0.0,0.5845411288538909,0.4432534869363235,0.5121076948150151,0.3264184076892769,0.5259758284966178,0.2658129411787566,0.31472336001972284,0.3499247016420583,0.6949576767248632,0.5484687470978693,0.5790155346388256,0.5927790659254569,0.3192308765207905,0.5975119788675927,0.442406641374051,0.6754220649019601,0.5636408160076899,0.4204079020288453,0.5722510437329649,0.677532707292023,0.5827778739069361,0.412039887351331,0.44085916409923964,0.5733242787902374,0.4213869829722433,0.4015877618728203,0.43348438341726153
PFE,0.5822131642494355,0.5831671389236622,0.6487007165542299,0.6300554387796371,0.5682626732589223,0.573509799169412,0.4442644841423676,0.528910994490049,0.6062230203199306,0.568482322066294,0.5127643476155404,0.4812864256475498,0.5373646519019265,0.5977045476352728,0.5133939595032576,0.7057845102523601,0.6062953647495893,0.5474477808707747,0.6791925403696669,0.5845411288538909,0.0,0.4925337760126073,0.4146774742707292,0.5725406152675265,0.5768459865763332,0.589887644478354,0.535006078425323,0.5770416945152748,0.706312439454492,0.5146657623470855,0.6233392206978252,0.5123229239016674,0.5626796439931749,0.5522426226620919,0.576804553625355,0.5133769353943516,0.6030603624002521,0.5801655644484115,0.6079754010081226,0.5946234822569052,0.5298204128549516,0.5690692399152447,0.4681663089201822,0.5050012451133068,0.5960087375203892,0.5550268911701238,0.57759628749144
CSCO,0.4520722600312548,0.4799422682533325,0.577918375961184,0.5850049731290874,0.5040111194640434,0.5139103656998854,0.4926275418913088,0.4237044149963434,0.577407928969864,0.50754484790222,0.3860957669904929,0.4720921322455817,0.4498611016022022,0.44025627143012586,0.44109925470383143,0.6970532513739932,0.49123797231009525,0.3897384487050077,0.5315270055122858,0.4432534869363235,0.4925337760126073,0.0,0.46402902103398325,0.4674275306096004,0.5220875679331967,0.4920903279675137,0.49632439867324146,0.46750144433467267,0.6966302704339843,0.4658461482148627,0.5356861438249273,0.5014158889001887,0.45266383123475157,0.48396583705034896,0.4730160321842886,0.5921177289422997,0.5461601168872962,0.43372076458316833,0.5648464465416445,0.5698495264687289,0.5387345274810735,0.4648875499232272,0.45725868609933784,0.4416602798049509,0.559071203565284,0.3745812367587434,0.511897907693668
MRK,0.5442610730011892,0.542516716797144,0.6232255547765064,0.6089373927474688,0.5413880872655518,0.5422517954626626,0.3787107369521396,0.5096951812794758,0.5365407915462358,0.5301971816898736,0.4510673475583587,0.42556609569784587,0.5126569197924087,0.5681851103729377,0.4667796395849615,0.6671720244229485,0.5647805291347727,0.5394365278543092,0.6380397720579876,0.5121076948150151,0.4146774742707292,0.46402902103398325,0.0,0.5069214832731387,0.5283525968810413,0.5404902915509909,0.5049913381591156,0.5540221710787374,0.6549753441287187,0.4865812038824828,0.597251335894025,0.4296460025981078,0.5011716021112393,0.4756256381256063,0.5486714778877495,0.4636533777878419,0.5315034757753409,0.512375543179791,0.5718085063293372,0.4511918123092941,0.4127004785217688,0.49865292930076627,0.46516103094802624,0.4533400410084807,0.5429101755417928,0.5000448590164225,0.5328512696385602
CMCSA,0.5889305602666621,0.5533211397089668,0.6431044026871602,0.5828147262135484,0.5454693019690288,0.5449890318453762,0.579451111758194,0.4244353606704129,0.5462130169712536,0.3522541727044635,0.4533485861231058,0.5142740627881559,0.43058828585385056,0.5936883799431961,0.5147258289746405,0.6697259640148985,0.604219607224684,0.4942467953055914,0.6317269162508767,0.3264184076892769,0.5725406152675265,0.4674275306096004,0.5069214832731387,0.0,0.5543504936892464,0.3668175562308851,0.3236205563913841,0.4001583452011421,0.6957579944508362,0.5648599498608475,0.5840674979639984,0.6047145275620401,0.3734254727169279,0.5902118747312667,0.40841026301685385,0.6475662684135672,0.5905038316155925,0.44148757591711696,0.5571601638480114,0.6870707560687844,0.5883395003572629,0.4036656199046874,0.40888130547060725,0.5865202710165801,0.4434322549225622,0.41220712176803315,0.48260423335310526
PEP,0.5209237326010363,0.47610313991580067,0.6364362783527022,0.5779871527515751,0.5869447694531079,0.586294766911499,0.47934390098001656,0.537487238256306,0.43644532240920186,0.538638441242974,0.4036785732504353,0.4652139549205949,0.5417120436768668,0.5046370903623624,0.47397408712647254,0.6393948804660519,0.5831398109661475,0.573412820305983,0.5944680192090094,0.5259758284966178,0.5768459865763332,0.5220875679331967,0.5283525968810413,0.5543504936892464,0.0,0.5466995363715215,0.45558147192418647,0.5436519111519165,0.5881566145933447,0.5472810311067347,0.5159169600400639,0.5843070886968628,0.5367037122327482,0.5218020639967119,0.5375793195251919,0.5669657885083283,0.5458935599917669,0.5007290954449818,0.5220136133729034,0.5802713527586802,0.5170269323950712,0.46197630918180493,0.4975626442942072,0.47574248074805636,0.44496943446796733,0.5628922107951881,0.4876498631115964
BAC,0.57450596417019,0.5258052667288259,0.6395717758962133,0.5736441306564852,0.5371658281242964,0.5322293640099538,0.5993856583020691,0.43766043126092147,0.5507667628885184,0.151709755221004,0.45479618663736976,0.4701031437835704,0.4479912658677565,0.62431012525494,0.5151208172918079,0.6603579701272557,0.6045503443308812,0.4898382788778461,0.6613038254535266,0.2658129411787566,0.589887644478354,0.4920903279675137,0.5404902915509909,0.3668175562308851,0.5466995363715215,0.0,0.34634798627191676,0.33761526461195424,0.6808705951529799,0.6217426027158512,0.6031056607075779,0.6419520863122277,0.31409775977070475,0.6145015002823951,0.43000794402938397,0.6746137056355674,0.6086755718467362,0.43258384433319197,0.6206364503955485,0.6935499341577613,0.6060415005282425,0.44147563014716246,0.4723112183037049,0.5894400158507652,0.45449626095989837,0.42325071185957747,0.4171701265955149
KO,0.5624417500692541,0.49791571036561505,0.6867031839318807,0.5733574906851621,0.5313972644422026,0.5319072993437032,0.5378947384822396,0.4037359195918118,0.44759613159820655,0.30820575557957286,0.43655686785706815,0.4868595432560086,0.3973374914773963,0.594243454603373,0.4327551225151262,0.6897856335739,0.5949993434204287,0.4766993988258261,0.6434290263435882,0.31472336001972284,0.535006078425323,0.49632439867324146,0.5049913381591156,0.3236205563913841,0.45558147192418647,0.34634798627191676,0.0,0.3681062619097805,0.6610163369614526,0.5334079235806111,0.5431999723970863,0.5805953673556306,0.33903480354455345,0.5808879754961958,0.3994855995434817,0.6495900902198614,0.5627660884121234,0.42605572321381857,0.48111783995546753,0.654246528637104,0.5685791360212215,0.344758521563327,0.37804108427895455,0.5320838478629434,0.34139747411366755,0.4220349023244239,0.38909540196085485
XOM,0.5372969340721067,0.4866497902987452,0.6329155941351183,0.5508308456167031,0.5007202115027034,0.5047375574627513,0.5511450606664591,0.38555461979103933,0.5016131860079588,0.33915015341991506,0.4292747367073476,0.4398503271380779,0.40081384225882793,0.5924077268578598,0.47952098323050013,0.6678651207896856,0.5968825261220624,0.4724223253750392,0.627590846982485,0.3499247016420583,0.5770416945152748,0.46750144433467267,0.5540221710787374,0.4001583452011421,0.5436519111519165,0.33761526461195424,0.3681062619097805,0.0,0.6932499179126976,0.5830136542167755,0.591791745720388,0.613203602133859,0.1978751359461598,0.6369588181193092,0.4042594117239852,0.6749206073283743,0.6231983001927521,0.42620647563693065,0.5638532841043538,0.6579559601273687,0.5764092332802521,0.38496276032237203,0.42839944368896116,0.5767732930267013,0.48548619941714705,0.38958700546606473,0.4268180050104104
WMT,0.6936119107850334,0.6836173299823739,0.6763289808590198,0.6925881426574205,0.7069614394993168,0.7041548638800847,0.623033802554003,0.693604949037578,0.6162367628570741,0.6723945559240143,0.6407417286735775,0.6974734226739376,0.6983896081330235,0.6272383705047577,0.6363788624563568,0.6557064954861449,0.7002064206749565,0.7070826476402919,0.7026646984149378,0.6949576767248632,0.706312439454492,0.6966302704339843,0.6549753441287187,0.6957579944508362,0.5881566145933447,0.6808705951529799,0.6610163369614526,0.6932499179126976,0.0,0.666818129865153,0.7017340720455321,0.6447123930148665,0.6952125674428755,0.6511043711756268,0.6895188829766649,0.6977430600178963,0.534614781852055,0.7009834611742481,0.6047079312224248,0.6411372844179577,0.6382065107064627,0.6211789094712777,0.691775803001932,0.6702357828498119,0.5930430617600387,0.6855526192290854,0.686033312112089
ABT,0.46490011016613997,0.4834241420211174,0.5919742019082391,0.5550530242938799,0.4782701502557481,0.48684588390886957,0.4831975151305646,0.47072735842233165,0.5312438868659226,0.6016410185604403,0.4763307420665116,0.5074615827363003,0.5029798517496455,0.4922907464843273,0.4999900649388342,0.6796836383841417,0.4823759652748804,0.5060618348884406,0.4745323357248462,0.5484687470978693,0.5146657623470855,0.4658461482148627,0.4865812038824828,0.5648599498608475,0.5472810311067347,0.6217426027158512,0.5334079235806111,0.5830136542167755,0.666818129865153,0.0,0.48902887245999843,0.4921381684686159,0.543199285165893,0.4147399439241643,0.5047355002812154,0.5220578342938801,0.5578784529572124,0.42444098354995785,0.5375447488303611,0.5912453353824801,0.5549674944109877,0.5137961748318371,0.4438574970496044,0.43739991947715123,0.6156517773923029,0.49694399309866416,0.5329491793924781
CRM,0.32351826248633914,0.4016866738259134,0.46377194616365724,0.4639285845423257,0.4189557069867979,0.4198793320284014,0.5742969526245256,0.4529217791172623,0.5795151948875125,0.6132916718065472,0.5254084719525479,0.5742842964476362,0.4505413637525004,0.3993784952273341,0.6103494604604349,0.5885795684914946,0.33416138591484695,0.5033099384007701,0.46534990180508906,0.5790155346388256,0.6233392206978252,0.5356861438249273,0.597251335894025,0.5840674979639984,0.5159169600400639,0.6031056607075779,0.5431999723970863,0.591791745720388,0.7017340720455321,0.48902887245999843,0.0,0.6005053668532208,0.5845515007612176,0.5021990039153048,0.5301497852679228,0.5647566758840942,0.4869690930062097,0.4430922287591666,0.5949642248980389,0.6026647783760144,0.625180553403006,0.5271627750415548,0.5644570471777419,0.5161506860788327,0.5942168565342881,0.5276332734448375,0.5096041275289666
ABBV,0.5539813171514948,0.5322347223387591,0.6887982970653729,0.6009948075786383,0.5698543476989284,0.5800695489150136,0.4956174555538867,0.5644232040954391,0.6530295485593584,0.6459498651424904,0.4888855828631665,0.5100995198270668,0.5616103157308285,0.5372992837537873,0.5430288057905204,0.6958836701328417,0.5813532179711826,0.5585331655807241,0.6244044874069067,0.5927790659254569,0.5123229239016674,0.5014158889001887,0.4296460025981078,0.6047145275620401,0.5843070886968628,0.6419520863122277,0.5805953673556306,0.613203602133859,0.6447123930148665,0.4921381684686159,0.6005053668532208,0.0,0.5759414964687728,0.512928738381371,0.6156058236248279,0.544729650270826,0.5458802749449315,0.5554521793643563,0.686204047023599,0.47155259386236453,0.4249512495389082,0.5862423073025241,0.5208252145585504,0.5106350367718544,0.5953999645349377,0.5720058032109019,0.5869774559871063
CVX,0.5228750329188654,0.4832888657865678,0.6526904339085156,0.5361331902169975,0.4681601235259501,0.47125417405039455,0.5101246676493919,0.3373544172702018,0.5185914364402118,0.31357430448279483,0.37341490616518824,0.43442420103590434,0.3488125908576391,0.5778170815945352,0.4567817141302064,0.6670992256480682,0.5718573827449935,0.45562428226152407,0.5769850330667767,0.3192308765207905,0.5626796439931749,0.45266383123475157,0.5011716021112393,0.3734254727169279,0.5367037122327482,0.31409775977070475,0.33903480354455345,0.1978751359461598,0.6952125674428755,0.543199285165893,0.5845515007612176,0.5759414964687728,0.0,0.5979734906204702,0.3946500758254432,0.666159287878949,0.6201250158784214,0.38066581860358156,0.5527504309484128,0.6306005118011141,0.5547275440778664,0.37519853882375265,0.4041559580735833,0.5418143221577667,0.48275098043675374,0.38531998527087824,0.4125294160457243
TMO,0.4293983322987463,0.47204272877934084,0.5574544397927462,0.5625252689368546,0.5141570722953044,0.5176683447442199,0.47715203383251387,0.460967601528925,0.6163468088307863,0.6087568152242471,0.4606395175928701,0.5414341627067101,0.4925572758100356,0.41763295412725654,0.5415275394405815,0.6567031389259611,0.45992407406218405,0.4725756803651473,0.5021430841202719,0.5975119788675927,0.5522426226620919,0.48396583705034896,0.4756256381256063,0.5902118747312667,0.5218020639967119,0.6145015002823951,0.5808879754961958,0.6369588181193092,0.6511043711756268,0.4147399439241643,0.5021990039153048,0.512928738381371,0.5979734906204702,0.0,0.5028534107215522,0.543238442228459,0.4693534394068455,0.4831369972158702,0.575748286000319,0.5475020126972118,0.4990667265891481,0.5367106354973463,0.506406865947835,0.33397128038224067,0.6470276200448374,0.4742094759588426,0.5419325696103189
MCD,0.5023458931388279,0.4677914733556932,0.5934315388822843,0.5071526790120083,0.4941565917072789,0.497888767733716,0.5436291041899226,0.40876216697705153,0.5771996344526984,0.412343202796446,0.42566664609503874,0.5121737607042517,0.4063708689043082,0.5346734968891456,0.46806051098548374,0.696397344709143,0.5685986255067057,0.4170033900133664,0.5540751058655261,0.442406641374051,0.576804553625355,0.4730160321842886,0.5486714778877495,0.40841026301685385,0.5375793195251919,0.43000794402938397,0.3994855995434817,0.4042594117239852,0.6895188829766649,0.5047355002812154,0.5301497852679228,0.6156058236248279,0.3946500758254432,0.5028534107215522,0.0,0.6844189871218984,0.5498815078914423,0.44598043505387597,0.47216091984715725,0.6719368123736795,0.5989374611150245,0.41901372777452234,0.4837916178778816,0.5064211436775182,0.49273933268160863,0.35732546255590275,0.39028975321496046
AMGN,0.5636501305017497,0.6058853092373688,0.5367658206705579,0.581158308030017,0.5927624178653398,0.5920460506946824,0.533853247274649,0.6312218389899487,0.5990106972122468,0.68503220849625,0.5939104152431887,0.508912723551218,0.6324193340509089,0.5766540035817346,0.6515466846386374,0.5760379608352293,0.5564180413998687,0.6321135412869384,0.6336668013013035,0.6754220649019601,0.5133769353943516,0.5921177289422997,0.4636533777878419,0.6475662684135672,0.5669657885083283,0.6746137056355674,0.6495900902198614,0.6749206073283743,0.6977430600178963,0.5220578342938801,0.5647566758840942,0.544729650270826,0.666159287878949,0.543238442228459,0.6844189871218984,0.0,0.6147494882682016,0.6297692529080003,0.6659243712890447,0.5520910209581646,0.5409370455223391,0.6248680553093207,0.5732666073723115,0.5369287602806649,0.6482581229116249,0.6610797001913794,0.6713354298204924
COST,0.4592909926118535,0.4586448504594164,0.5637953419841515,0.5319656729819128,0.48599825975837446,0.48731353287912227,0.5326678106243274,0.5413543495741187,0.6071540522434018,0.6089947429421282,0.5369938206887007,0.5830377566377134,0.5259588495859707,0.4711682035276358,0.519734157522605,0.6329019808193521,0.5227793015488206,0.4753083311574957,0.6000153888040016,0.5636408160076899,0.6030603624002521,0.5461601168872962,0.5315034757753409,0.5905038316155925,0.5458935599917669,0.6086755718467362,0.5627660884121234,0.6231983001927521,0.534614781852055,0.5578784529572124,0.4869690930062097,0.5458802749449315,0.6201250158784214,0.4693534394068455,0.5498815078914423,0.6147494882682016,0.0,0.5198424822100696,0.6135271275256127,0.55236139881487,0.5805998266612903,0.5159478992155357,0.5560857771434631,0.5126720382583594,0.539032251636846,0.4682391824409123,0.5434100345329471
ACN,0.41041162526013136,0.41749702572676867,0.5749567951012103,0.4886177817707281,0.395740253933976,0.40118488022118887,0.5142517388576809,0.29304276403073937,0.5186330062451533,0.43412386150670396,0.41682231762524863,0.47775572046877535,0.34011753984920784,0.4670539263634274,0.49325318308117866,0.6573142063107922,0.43311541232437784,0.453631371029425,0.459308256774661,0.4204079020288453,0.5801655644484115,0.43372076458316833,0.512375543179791,0.44148757591711696,0.5007290954449818,0.43258384433319197,0.42605572321381857,0.42620647563693065,0.7009834611742481,0.42444098354995785,0.4430922287591666,0.5554521793643563,0.38066581860358156,0.4831369972158702,0.44598043505387597,0.6297692529080003,0.5198424822100696,0.0,0.572877913934322,0.5862689938835094,0.5569661654199412,0.3836070026920205,0.42731265989895656,0.47764799506730743,0.5360340271990709,0.38514634195477776,0.42404275678551634
NEE,0.6055671157106481,0.5952651205240355,0.6513567683710465,0.6367311342512003,0.6011466944825441,0.5964823087086145,0.5600211314455383,0.5561515364610626,0.49548253324459185,0.5763246989933076,0.5419576616098433,0.5725124913306388,0.5523634956623403,0.5792691082192908,0.4747144134657291,0.6642369562397218,0.6427850540274461,0.5568844672033526,0.5988742194042936,0.5722510437329649,0.6079754010081226,0.5648464465416445,0.5718085063293372,0.5571601638480114,0.5220136133729034,0.6206364503955485,0.48111783995546753,0.5638532841043538,0.6047079312224248,0.5375447488303611,0.5949642248980389,0.686204047023599,0.5527504309484128,0.575748286000319,0.47216091984715725,0.6659243712890447,0.6135271275256127,0.572877913934322,0.0,0.6650539060043851,0.6609078282589803,0.5236510917520498,0.5823353385221856,0.5334919054184754,0.5659393473716432,0.5413964148217003,0.5343969797105357
LLY,0.5487983626425785,0.5518841909291626,0.6252208823688101,0.6396206644749965,0.6106643409004774,0.6190223026843784,0.45577625112139053,0.6332359096534814,0.596768818929588,0.6978786931017473,0.5536001529295589,0.5566112440431396,0.6018912846865346,0.6232905819938911,0.5807274088116747,0.655942517233607,0.5714989978986913,0.6515994388452853,0.6235338030184917,0.677532707292023,0.5946234822569052,0.5698495264687289,0.4511918123092941,0.6870707560687844,0.5802713527586802,0.6935499341577613,0.654246528637104,0.6579559601273687,0.6411372844179577,0.5912453353824801,0.6026647783760144,0.47155259386236453,0.6306005118011141,0.5475020126972118,0.6719368123736795,0.5520910209581646,0.55236139881487,0.5862689938835094,0.6650539060043851,0.0,0.4615100292013363,0.615080118917573,0.5998858108374343,0.5241855056297048,0.6205478523408202,0.6336037808051335,0.6319747942826816
BMY,0.584103647807265,0.5479033574668802,0.6744601336428565,0.6212812544866643,0.5999339554417388,0.610447252467125,0.4871009017505599,0.575004664117817,0.6214721734365498,0.6006022436950454,0.4611805202883864,0.47442603061230265,0.5650474371402939,0.6162215293191391,0.6063720747804531,0.6799120909919546,0.6085742024420656,0.5929165736178001,0.639515678043636,0.5827778739069361,0.5298204128549516,0.5387345274810735,0.4127004785217688,0.5883395003572629,0.5170269323950712,0.6060415005282425,0.5685791360212215,0.5764092332802521,0.6382065107064627,0.5549674944109877,0.625180553403006,0.4249512495389082,0.5547275440778664,0.4990667265891481,0.5989374611150245,0.5409370455223391,0.5805998266612903,0.5569661654199412,0.6609078282589803,0.4615100292013363,0.0,0.54995016001887,0.505670643270493,0.5078746138033666,0.5677565803287131,0.5816441972032731,0.5485946691088234
LIN,0.522503681670883,0.49920403167499516,0.6421608189009689,0.5730505712430425,0.5096083569934375,0.5119564358194445,0.4700466506926042,0.36825045556363695,0.4861467201262237,0.4274342447798796,0.43393431330121746,0.48798229667749693,0.3790540394581574,0.5238747766288396,0.46325430938913603,0.6726247275789423,0.5651709977399286,0.494106685649914,0.5664806334238353,0.412039887351331,0.5690692399152447,0.4648875499232272,0.49865292930076627,0.4036656199046874,0.46197630918180493,0.44147563014716246,0.344758521563327,0.38496276032237203,0.6211789094712777,0.5137961748318371,0.5271627750415548,0.5862423073025241,0.37519853882375265,0.5367106354973463,0.41901372777452234,0.6248680553093207,0.5159478992155357,0.3836070026920205,0.5236510917520498,0.615080118917573,0.54995016001887,0.0,0.34229671209625584,0.49355746655177274,0.46905011044139905,0.4234763225555601,0.4610251007419904
MDT,0.5422102977734075,0.5032704381717121,0.6663365615294057,0.5941232592765294,0.5344427455663162,0.5439325241699837,0.4768299089216532,0.4002264952578774,0.5356941420876812,0.44404069775282723,0.39904273820883773,0.43680017713013236,0.4079171583169551,0.5674498563511792,0.4868871263599253,0.698178135944028,0.5621617537108543,0.5177895747764828,0.5702189209948915,0.44085916409923964,0.4681663089201822,0.45725868609933784,0.46516103094802624,0.40888130547060725,0.4975626442942072,0.4723112183037049,0.37804108427895455,0.42839944368896116,0.691775803001932,0.4438574970496044,0.5644570471777419,0.5208252145585504,0.4041559580735833,0.506406865947835,0.4837916178778816,0.5732666073723115,0.5560857771434631,0.42731265989895656,0.5823353385221856,0.5998858108374343,0.505670643270493,0.34229671209625584,0.0,0.4656327414310922,0.5263825723171278,0.45158905822388806,0.5053201735162149
DHR,0.4237596148915288,0.4813534549945603,0.5798442178729548,0.5757620064511094,0.5079464888974013,0.5175807170031764,0.39426472254733014,0.45133576769178174,0.571228639555577,0.564692126167312,0.4400332056224088,0.46378071900371887,0.4531237694850537,0.4617644151753008,0.5039630741051182,0.6723265283993541,0.48433525688396395,0.48286777923804614,0.5078891056587357,0.5733242787902374,0.5050012451133068,0.4416602798049509,0.4533400410084807,0.5865202710165801,0.47574248074805636,0.5894400158507652,0.5320838478629434,0.5767732930267013,0.6702357828498119,0.43739991947715123,0.5161506860788327,0.5106350367718544,0.5418143221577667,0.33397128038224067,0.5064211436775182,0.5369287602806649,0.5126720382583594,0.47764799506730743,0.5334919054184754,0.5241855056297048,0.5078746138033666,0.49355746655177274,0.4656327414310922,0.0,0.6054927483549831,0.47207328399474796,0.4916672969324818
