,MSFT,AAPL,AMZN,FB,GOOGL,GOOG,JNJ,V,PG,JPM,HD,UNH,MA,NVDA,VZ,NFLX,ADBE,INTC,PYPL,T,PFE,CSCO,MRK,CMCSA,PEP,BAC,KO,XOM,WMT,ABT,CRM,ABBV,CVX,TMO,MCD,AMGN,COST,ACN,NEE,LLY,BMY,LIN,MDT,DHR,PM,TXN,NKE
MSFT,0.0,0.4766266204081412,0.4280044789790371,0.4286069287672547,0.3699793573361331,0.3751977710585295,0.6276918295412691,0.4601430192448635,0.6500804580533788,0.6763327291951203,0.6436818311294631,0.6524032086567648,0.406652370489049,0.5492813484480932,0.704929946897326,0.5068395220067841,0.35674175632278105,0.455428800678064,0.48737071760799056,0.7025446878990933,0.6405444451803814,0.5685670971690593,0.6886739052544961,0.5208739805331153,0.5907870282809246,0.6783469913657377,0.6215571944128697,0.6649062376996966,0.6980111812525417,0.5866574698662067,0.39600229066906695,0.5982070217542363,0.6788322046076609,0.5401161476895608,0.5961989229648149,0.603160659405099,0.6942148833372888,0.49965961551638466,0.6329827721552906,0.7068164126987398,0.7040815907872257,0.5821534752056606,0.6035600012854038,0.5617533989617256,0.5310462373776299,0.3926575197295749,0.6391877567643999
AAPL,0.4766266204081412,0.0,0.46290255744025705,0.4989772686901783,0.43887611024246753,0.4400813131268477,0.6701163414069238,0.47425012758426194,0.6861472458792417,0.6474216153904038,0.6310544048680319,0.6394084407409478,0.46732393054232013,0.5973332734611428,0.6370205119492249,0.5391606608123344,0.468586489286568,0.5282838776475179,0.559611693823102,0.6680136393128543,0.6626657098382445,0.6584419083859997,0.6647575642421703,0.5965856895907184,0.6967607337595605,0.6230082338828928,0.6974580759459901,0.6764829004517857,0.6674399678847092,0.6636065702202325,0.516209311137906,0.6509872767686102,0.6400856933058036,0.5896861892879832,0.6059304205813103,0.6075731933589411,0.6385545031979691,0.6417688768345704,0.6574692279638931,0.6659711879752044,0.693871534999724,0.6350990301342212,0.6723538146209813,0.5765118682551712,0.661673188131645,0.48778693543710017,0.6531282778574921
AMZN,0.4280044789790371,0.46290255744025705,0.0,0.38496738809317516,0.3744226718105253,0.38491663073554666,0.7046740662254204,0.4352369414686249,0.6994900816986223,0.6896720534408917,0.7037920061718218,0.6552773525567986,0.4353414631186375,0.5696485613709276,0.6615420780522525,0.4697807330580617,0.3960814795684755,0.5470712687724786,0.4721368586852804,0.6781055477780628,0.6276079429397445,0.6673484167478756,0.683111316729769,0.6316843541199114,0.6520097815639739,0.6983943117790046,0.6400569868676178,0.6652597259890577,0.6536405899859861,0.6282816413831214,0.43899737465858646,0.6237051759502202,0.617200178046184,0.6084837422435296,0.6121018936663826,0.6728937995937648,0.6145254922325901,0.599223179677796,0.6388211461750274,0.695273859740711,0.6454608236205381,0.6294846251289835,0.6651455923542017,0.6393838985506055,0.5391708377227054,0.502335800846576,0.6830997515485575
FB,0.4286069287672547,0.4989772686901783,0.38496738809317516,0.0,0.3372315964275218,0.34210690615883776,0.6673196651473533,0.4826804970725651,0.6620398258831355,0.7039257353985449,0.6810545470732388,0.6529235219235046,0.5099210684115807,0.5427898978607685,0.6216004358573178,0.452110070106561,0.4249926914303233,0.4509955989736047,0.41896178677242024,0.6418091818603229,0.6872447732392869,0.6579232335823817,0.6157163702642865,0.5725109189416993,0.6411935055595291,0.6838468550653186,0.6365421593999431,0.6408343634877841,0.6922977875414565,0.6500836050417137,0.4351190689273795,0.6700215885245968,0.6787620844531944,0.5653530793084772,0.6490580141267256,0.6285357931488313,0.6885550064694996,0.5876416749803172,0.6696446326628341,0.6101679777111666,0.6499978624084715,0.674464419932484,0.662147628739196,0.6178309288337592,0.5536776735045449,0.4476728063472403,0.67553629096235
GOOGL,0.3699793573361331,0.43887611024246753,0.3744226718105253,0.3372315964275218,0.0,0.05492268724739678,0.6298971697714327,0.38630991089159034,0.6919272251122822,0.6986358447610117,0.7039514837662434,0.6041798355142883,0.42232192935431767,0.504033820208883,0.6547435688773012,0.43439440433716614,0.30341516840932636,0.4839301157618654,0.46566763497893005,0.6838342599538053,0.6730755887183085,0.6173895956736871,0.6854731109711528,0.5744056832468708,0.6135882314704799,0.7048680843408951,0.6679163492223797,0.6279471557485613,0.6833161200045216,0.6360448442241567,0.4200793627658573,0.6095326234089532,0.6226993150497964,0.524828298729791,0.7035052760280995,0.5770308685897553,0.6892984405368062,0.5749051697396507,0.6262543928924682,0.6367087358756464,0.6990023895559476,0.6588623014476211,0.6326720947098761,0.5420290812599197,0.49975103952649785,0.4261639499751124,0.6896840098579884
GOOG,0.3751977710585295,0.4400813131268477,0.38491663073554666,0.34210690615883776,0.05492268724739678,0.0,0.6311375291574247,0.38496373889959734,0.6854431453152379,0.7026276899202683,0.7065495354118371,0.6062346050719067,0.43202775673469157,0.5088726759552585,0.6545156857062706,0.43240563076448996,0.31336781974208466,0.48529803960732876,0.48027659751350404,0.6853180282943567,0.6730942174382892,0.624200831056364,0.687357516686756,0.5709224329830512,0.6110656055400265,0.705156544902003,0.6689440360004746,0.6230304165310727,0.6925126191724527,0.6437546708181034,0.42426472713135094,0.6080228771027324,0.6236722604894728,0.5286777933310554,0.7015877392949182,0.5670690766455193,0.6982127356974525,0.5727407412621871,0.6285043495898935,0.6342104386055007,0.7058744966205354,0.6598893019155432,0.626524752830039,0.533282639328355,0.501195980068867,0.43187956454689097,0.6918438593575953
JNJ,0.6276918295412691,0.6701163414069238,0.7046740662254204,0.6673196651473533,0.6298971697714327,0.6311375291574247,0.0,0.690729705325417,0.5772455444940312,0.6762886069835344,0.694801620560311,0.6211611256881814,0.6426895308092503,0.674895531820293,0.6628076149116059,0.603506344231463,0.6122626603645451,0.6339248910503464,0.6547478895105008,0.6820826774546481,0.5529818479763002,0.6284862581222557,0.5844520560606512,0.6643749309983761,0.606003061881058,0.6572727662225214,0.6570148635277675,0.6748597525392689,0.6662313657518979,0.5825052220338695,0.6310044509080973,0.5506593866421277,0.659509905757551,0.6306469406233588,0.6823748785371414,0.6003188952917217,0.673686822229164,0.6084093345891118,0.5944278522607871,0.5694048412956609,0.6108938779471985,0.6513798993802793,0.5803564788581638,0.6270428603754431,0.5867860774724418,0.6400177860660217,0.6936830097962471
V,0.4601430192448635,0.47425012758426194,0.4352369414686249,0.4826804970725651,0.38630991089159034,0.38496373889959734,0.690729705325417,0.0,0.676784741571075,0.691362205748081,0.6870143054013611,0.6387814373935535,0.26859809441357774,0.56529859516437,0.6316712766609205,0.4722354212091104,0.3835480238755804,0.4865181637383061,0.5200966276123352,0.7047538890957399,0.6762381061612799,0.5756714735359308,0.6658297429276898,0.5767570255908954,0.5969858370967511,0.6796572992217592,0.6122311487548928,0.6748303927204722,0.6881251875763226,0.6549856130749696,0.46810775560800755,0.6245064394905908,0.6602095668911776,0.5903877118491003,0.6542510838862049,0.6392225573575078,0.6794516897837788,0.5232037958553437,0.5854783789490053,0.689897770812159,0.7065776440458704,0.5886807427739974,0.6386827055917541,0.570423190850762,0.5992440079575588,0.48859923087355533,0.6832665591910428
PG,0.6500804580533788,0.6861472458792417,0.6994900816986223,0.6620398258831355,0.6919272251122822,0.6854431453152379,0.5772455444940312,0.676784741571075,0.0,0.6570511032287025,0.6419891919731484,0.7034135075359391,0.6365438911532404,0.6594386025841487,0.495861389001072,0.6327694272840282,0.7042008229011718,0.6296681484009043,0.6291366934081526,0.5597958178149696,0.6173455804332945,0.618469675825446,0.5859887686025403,0.5625705027119655,0.5194566038375663,0.6529026984505176,0.5022807157724288,0.607558157056191,0.6798463188687481,0.6228551586979536,0.696794057357616,0.6922104190757924,0.6436246475468986,0.7033458340237015,0.5906562445094414,0.6652131885709911,0.6614542254051624,0.6173568269492523,0.5869057794780211,0.6887675965859831,0.6954193390022924,0.6443996860802338,0.6886871970217692,0.6815789170123562,0.5862815663328175,0.6603699573591786,0.7000557429890913
JPM,0.6763327291951203,0.6474216153904038,0.6896720534408917,0.7039257353985449,0.6986358447610117,0.7026276899202683,0.6762886069835344,0.691362205748081,0.6570511032287025,0.0,0.6090970531968953,0.6646138222414827,0.6918284587817348,0.6748781959791891,0.7037247631788985,0.6720468504954751,0.6909688445284582,0.6296738103057363,0.6571255483753939,0.6927728077464996,0.6581081780261583,0.6324901678420926,0.6783529709159908,0.6777033756511086,0.6592293460609073,0.1885715215313843,0.6647710884607305,0.6028917724156967,0.6592564860186743,0.6548254249728985,0.6896908545521555,0.6196382549364438,0.5452182025016463,0.6479815229370331,0.6455706380823373,0.6205943251414275,0.6696381838015469,0.6381811972178869,0.5565706984091646,0.7028323404203851,0.6493706954385775,0.5795455850643171,0.5376314205952968,0.6960428003173657,0.6470778367135487,0.6570392645379419,0.6564286496805771
HD,0.6436818311294631,0.6310544048680319,0.7037920061718218,0.6810545470732388,0.7039514837662434,0.7065495354118371,0.694801620560311,0.6870143054013611,0.6419891919731484,0.6090970531968953,0.0,0.6723833730683205,0.6597698291246867,0.6936747751579811,0.6606468044067386,0.6868350480150884,0.7031386593772283,0.6472210070494128,0.6974397156648156,0.6734082394457594,0.6808361424950115,0.6531534288129673,0.6998695317022554,0.616082452184865,0.6531236421351354,0.5867719912320983,0.6453279076210966,0.7040461606074037,0.635850434296117,0.6779134059405293,0.6494381254414827,0.69225752882195,0.6606015961729067,0.641018070124375,0.567982421539324,0.6899125979109666,0.6244442273559925,0.6216674922112203,0.6613395741828112,0.6787855539794905,0.6796389286746103,0.6327023868429368,0.6529306783856563,0.5303878614123677,0.6049295139201496,0.6621925108397132,0.6783707131622194
UNH,0.6524032086567648,0.6394084407409478,0.6552773525567986,0.6529235219235046,0.6041798355142883,0.6062346050719067,0.6211611256881814,0.6387814373935535,0.7034135075359391,0.6646138222414827,0.6723833730683205,0.0,0.613460604211951,0.6896396470258616,0.6823328495819299,0.6337541014991033,0.5929690247642322,0.6193104500602887,0.6925838638624625,0.6718256918081444,0.6299673411121985,0.6995497869725005,0.6502057012804286,0.6502619465110925,0.6149538936909253,0.6881392140097373,0.6539759070243104,0.6979669468005473,0.6395513553524074,0.581072070102469,0.5777951206062613,0.5937153995417458,0.7066879091476237,0.5785783556471831,0.6538930393770364,0.6317295262543084,0.6968302699953256,0.6622351942765315,0.590897754127211,0.6408097526581235,0.5615349080400922,0.6703653042420177,0.5766103635520067,0.6196328221502649,0.6045609389531985,0.7000874300729242,0.6764914591733729
MA,0.406652370489049,0.46732393054232013,0.4353414631186375,0.5099210684115807,0.42232192935431767,0.43202775673469157,0.6426895308092503,0.26859809441357774,0.6365438911532404,0.6918284587817348,0.6597698291246867,0.613460604211951,0.0,0.5649818387567004,0.6410675125356601,0.5061780191576231,0.38449665250634213,0.4357446519870946,0.48589088126453023,0.7058898756239032,0.6903589316105733,0.5386613723924288,0.6918650375936313,0.5587153598183532,0.5822788505443363,0.7019104970721528,0.5692985745067188,0.6832983940266604,0.6775537777730787,0.5946277303518707,0.4468259203349854,0.5596331119135887,0.6508354073382323,0.5402443618951825,0.5673031329193606,0.609815086868356,0.677246481364288,0.5330640621813846,0.5832689064504796,0.6772685037069862,0.698180004993183,0.5457488192424483,0.5893565415354641,0.5283660573465943,0.5669659203786054,0.4771701380078654,0.6819543878712975
NVDA,0.5492813484480932,0.5973332734611428,0.5696485613709276,0.5427898978607685,0.504033820208883,0.5088726759552585,0.674895531820293,0.56529859516437,0.6594386025841487,0.6748781959791891,0.6936747751579811,0.6896396470258616,0.5649818387567004,0.0,0.6711666022693354,0.5627164780147803,0.5057407750967051,0.5878552269851407,0.5492063622225887,0.6798104591373777,0.6576015579279212,0.6867108571615705,0.6911323705627114,0.6249557005143547,0.6755197289899605,0.6690659182020426,0.706069048981502,0.6811673436615202,0.6800803839254727,0.6867451171874212,0.5219902971116588,0.6654337696214646,0.7025431216819747,0.6765048351645179,0.6782062893919073,0.6900834114274739,0.6985952825326016,0.5953804491899057,0.6743490021010806,0.675325450293171,0.6913155799671489,0.6827533667621669,0.6651399405599007,0.662375961059342,0.6767659217217866,0.41786039550247295,0.6979521830276366
VZ,0.704929946897326,0.6370205119492249,0.6615420780522525,0.6216004358573178,0.6547435688773012,0.6545156857062706,0.6628076149116059,0.6316712766609205,0.495861389001072,0.7037247631788985,0.6606468044067386,0.6823328495819299,0.6410675125356601,0.6711666022693354,0.0,0.6552107004543196,0.6285381242785149,0.6171001731871971,0.6382536706387033,0.3932096469476045,0.6217690016979561,0.6900139000094262,0.4895187375703686,0.6079272995896523,0.6450984497975978,0.6771988937944953,0.5969360680211494,0.6262597520728375,0.632077749092475,0.6604106954864702,0.6851219415079262,0.6919636425319812,0.57999438448162,0.6859555353400848,0.6973365159951551,0.6381322947786306,0.649189323366626,0.6720291439001841,0.6855311216295132,0.5886616180762805,0.6732898154677486,0.6735851065893879,0.7017821548697674,0.6590468179363301,0.6784898342749713,0.680165898486909,0.6560298205188138
NFLX,0.5068395220067841,0.5391606608123344,0.4697807330580617,0.452110070106561,0.43439440433716614,0.43240563076448996,0.603506344231463,0.4722354212091104,0.6327694272840282,0.6720468504954751,0.6868350480150884,0.6337541014991033,0.5061780191576231,0.5627164780147803,0.6552107004543196,0.0,0.4444103044270414,0.5849975151257549,0.5208238408470737,0.6778995520687318,0.702021570872923,0.6668455742159165,0.6754614808562102,0.6406692605924272,0.6381482999838518,0.677028338179202,0.6885285383678148,0.6235717141363806,0.6987089575141652,0.6644861404469274,0.5319453422072892,0.6657775551446177,0.6230615308046342,0.6754112317040908,0.687937488642889,0.6400437901039482,0.6841968885677407,0.5767387394743138,0.5892288579125049,0.6660079074091072,0.6908333442151366,0.6758913514992477,0.6764485975229336,0.6057648791506243,0.5962332053918448,0.5040232512794862,0.6867798374148253
ADBE,0.35674175632278105,0.468586489286568,0.3960814795684755,0.4249926914303233,0.30341516840932636,0.31336781974208466,0.6122626603645451,0.3835480238755804,0.7042008229011718,0.6909688445284582,0.7031386593772283,0.5929690247642322,0.38449665250634213,0.5057407750967051,0.6285381242785149,0.4444103044270414,0.0,0.4815582906819119,0.49289767835022763,0.7006789443378212,0.675970126981187,0.6053133836313348,0.6992405742123354,0.566604559222418,0.5890180338984357,0.6858286801541474,0.6493069080474982,0.60156228478529,0.6966740203427784,0.6395687826765134,0.34714184845447393,0.6240392802757574,0.6026937689281208,0.6006430184921995,0.663411175903787,0.6116198254777028,0.7017825071624274,0.5131740241343081,0.5786170179968766,0.6971226055417918,0.6640216575209409,0.6553169140383112,0.6106926786059209,0.5487834617535832,0.5454395006174211,0.4033471541368983,0.6491307165740419
INTC,0.455428800678064,0.5282838776475179,0.5470712687724786,0.4509955989736047,0.4839301157618654,0.48529803960732876,0.6339248910503464,0.4865181637383061,0.6296681484009043,0.6296738103057363,0.6472210070494128,0.6193104500602887,0.4357446519870946,0.5878552269851407,0.6171001731871971,0.5849975151257549,0.4815582906819119,0.0,0.49234693478308283,0.6425185710518055,0.655699283537367,0.6061552687398568,0.677142145274643,0.4867488139055031,0.6341876135572203,0.6318907362323419,0.6165041849209051,0.6895664622198424,0.6366261787949128,0.6090111331322284,0.47416824372805705,0.6269085915087,0.674321022815099,0.5622240814333694,0.6385756722925814,0.625346333228645,0.6199400677777828,0.5096972209016954,0.6583152792303975,0.6773646413398662,0.7026639191132853,0.6485123165226572,0.5799698359964537,0.6247191783925239,0.5874925714971676,0.43688518266393067,0.6364960345098574
PYPL,0.48737071760799056,0.559611693823102,0.4721368586852804,0.41896178677242024,0.46566763497893005,0.48027659751350404,0.6547478895105008,0.5200966276123352,0.6291366934081526,0.6571255483753939,0.6974397156648156,0.6925838638624625,0.48589088126453023,0.5492063622225887,0.6382536706387033,0.5208238408470737,0.49289767835022763,0.49234693478308283,0.0,0.6453824809718258,0.7006161076261185,0.6163982744316785,0.6068815878634609,0.5476511206328903,0.6833539189864238,0.6557739672608228,0.6356379936147232,0.6538875165902494,0.6761924341927453,0.6250953316656438,0.5225349596218201,0.6061395770942165,0.6550047356539443,0.6103260487372744,0.632970646700085,0.6292491013758421,0.6771564793476249,0.6052549666908867,0.7038470118530762,0.5903993499639677,0.6596106785593692,0.6618062777809696,0.6528237977012517,0.6283699625269906,0.6032192765934987,0.5008236578737675,0.6853758435924419
T,0.7025446878990933,0.6680136393128543,0.6781055477780628,0.6418091818603229,0.6838342599538053,0.6853180282943567,0.6820826774546481,0.7047538890957399,0.5597958178149696,0.6927728077464996,0.6734082394457594,0.6718256918081444,0.7058898756239032,0.6798104591373777,0.3932096469476045,0.6778995520687318,0.7006789443378212,0.6425185710518055,0.6453824809718258,0.0,0.6584496045335093,0.668491716660902,0.5871083444206703,0.6498716977197938,0.5710347456225625,0.6704032346295272,0.5186897144475634,0.5986198443865278,0.6520136694268125,0.6547333318294025,0.6795164143882192,0.6512027485670858,0.5747568526083573,0.6159970068495808,0.6853387110499018,0.5912540583413461,0.703554693392438,0.6495901984357015,0.6183346797758762,0.6190576750705683,0.7050957149645914,0.6908579601781056,0.6560143210005547,0.7009070413047912,0.6414612568000976,0.644896200495866,0.7015318114563295
PFE,0.6405444451803814,0.6626657098382445,0.6276079429397445,0.6872447732392869,0.6730755887183085,0.6730942174382892,0.5529818479763002,0.6762381061612799,0.6173455804332945,0.6581081780261583,0.6808361424950115,0.6299673411121985,0.6903589316105733,0.6576015579279212,0.6217690016979561,0.702021570872923,0.675970126981187,0.655699283537367,0.7006161076261185,0.6584496045335093,0.0,0.6800817320328949,0.4976386801734225,0.7061456830740135,0.6715384699161613,0.6424612125497502,0.6702823193964732,0.6343093947631645,0.6842306583046444,0.5725799228545828,0.6023258362032533,0.5968588296833635,0.6381767008741519,0.6610136780206093,0.6924177220088936,0.5749140953418332,0.6471553894036778,0.6929924553654325,0.6988835893530828,0.4882879868974161,0.5603883834995672,0.6163191749127391,0.6101154771226938,0.5917145259430043,0.7006711308426615,0.6492736387980496,0.6672465324405166
CSCO,0.5685670971690593,0.6584419083859997,0.6673484167478756,0.6579232335823817,0.6173895956736871,0.624200831056364,0.6284862581222557,0.5756714735359308,0.618469675825446,0.6324901678420926,0.6531534288129673,0.6995497869725005,0.5386613723924288,0.6867108571615705,0.6900139000094262,0.6668455742159165,0.6053133836313348,0.6061552687398568,0.6163982744316785,0.668491716660902,0.6800817320328949,0.0,0.6889328182295839,0.662525566566725,0.6486289949690796,0.6734625131825167,0.6191571878297301,0.6709173464516553,0.6154007040761609,0.6101410325023733,0.5950456994991369,0.6590211147591455,0.6986037986629451,0.6258085778442475,0.6509273994735628,0.6399717302956295,0.6927331457375064,0.6014636467189617,0.6912348628075525,0.6713426190540591,0.6245109026705937,0.5950569172494861,0.6053794138083732,0.606230712338962,0.613473065746935,0.6404202794418282,0.6819185550278507
MRK,0.6886739052544961,0.6647575642421703,0.683111316729769,0.6157163702642865,0.6854731109711528,0.687357516686756,0.5844520560606512,0.6658297429276898,0.5859887686025403,0.6783529709159908,0.6998695317022554,0.6502057012804286,0.6918650375936313,0.6911323705627114,0.4895187375703686,0.6754614808562102,0.6992405742123354,0.677142145274643,0.6068815878634609,0.5871083444206703,0.4976386801734225,0.6889328182295839,0.0,0.6322518202440666,0.6107728972645128,0.6900371071256369,0.5624035605908563,0.6574724862647717,0.6275273848164497,0.6365669891823641,0.7049576150382866,0.6628467840317466,0.6301702591448013,0.6490197126653657,0.6661920436900939,0.6367503222477863,0.7013642704565595,0.6951667031976588,0.6959337973503774,0.5456359686909292,0.6804117859870606,0.6739800864771407,0.6409494674193573,0.6353360235647584,0.6575986648004708,0.6752359258496535,0.6879655295014583
CMCSA,0.5208739805331153,0.5965856895907184,0.6316843541199114,0.5725109189416993,0.5744056832468708,0.5709224329830512,0.6643749309983761,0.5767570255908954,0.5625705027119655,0.6777033756511086,0.616082452184865,0.6502619465110925,0.5587153598183532,0.6249557005143547,0.6079272995896523,0.6406692605924272,0.566604559222418,0.4867488139055031,0.5476511206328903,0.6498716977197938,0.7061456830740135,0.662525566566725,0.6322518202440666,0.0,0.6131565607730077,0.638689224558169,0.6109238113073522,0.6922794261609171,0.6517477796073855,0.6267571763484995,0.5837710798013851,0.6788672132625674,0.6917232559992741,0.5563523965217928,0.6329848952916568,0.6452316897661353,0.5574099708536995,0.5511204406139347,0.6325491553161446,0.6915828768234704,0.6664022484399863,0.6178046242378121,0.6380014636156224,0.614179815084902,0.5963488807685747,0.5359033395201893,0.6246063643053082
PEP,0.5907870282809246,0.6967607337595605,0.6520097815639739,0.6411935055595291,0.6135882314704799,0.6110656055400265,0.606003061881058,0.5969858370967511,0.5194566038375663,0.6592293460609073,0.6531236421351354,0.6149538936909253,0.5822788505443363,0.6755197289899605,0.6450984497975978,0.6381482999838518,0.5890180338984357,0.6341876135572203,0.6833539189864238,0.5710347456225625,0.6715384699161613,0.6486289949690796,0.6107728972645128,0.6131565607730077,0.0,0.6434334235569977,0.36398351105279386,0.6738121313693647,0.6300394948881481,0.642249003052466,0.6004973296036643,0.6677001652174879,0.6725455114468347,0.6702366020973183,0.6373996422390646,0.6838508454179703,0.6512807961394971,0.5266888006631156,0.5254250286154011,0.699152872441376,0.6971333339368209,0.6401068577346315,0.5844790691512286,0.5851976371550494,0.5163997382679378,0.6462533429309345,0.6683659152474699
BAC,0.6783469913657377,0.6230082338828928,0.6983943117790046,0.6838468550653186,0.7048680843408951,0.705156544902003,0.6572727662225214,0.6796572992217592,0.6529026984505176,0.1885715215313843,0.5867719912320983,0.6881392140097373,0.7019104970721528,0.6690659182020426,0.6771988937944953,0.677028338179202,0.6858286801541474,0.6318907362323419,0.6557739672608228,0.6704032346295272,0.6424612125497502,0.6734625131825167,0.6900371071256369,0.638689224558169,0.6434334235569977,0.0,0.6607776689607571,0.6141190531320304,0.6542384015030245,0.6556436005393795,0.7058395979448602,0.6397122795045521,0.5457516495116487,0.6564178393649646,0.6471229198116725,0.6395120906482792,0.6637303608099135,0.6234727870750009,0.5594424602381912,0.7034052726303851,0.6589903327012284,0.5784617107461835,0.5671685632447608,0.6974283397526009,0.6529907804395718,0.6461070929186427,0.6614274556573899
KO,0.6215571944128697,0.6974580759459901,0.6400569868676178,0.6365421593999431,0.6679163492223797,0.6689440360004746,0.6570148635277675,0.6122311487548928,0.5022807157724288,0.6647710884607305,0.6453279076210966,0.6539759070243104,0.5692985745067188,0.706069048981502,0.5969360680211494,0.6885285383678148,0.6493069080474982,0.6165041849209051,0.6356379936147232,0.5186897144475634,0.6702823193964732,0.6191571878297301,0.5624035605908563,0.6109238113073522,0.36398351105279386,0.6607776689607571,0.0,0.6170602373808544,0.6810934705767854,0.6656485100178026,0.6404487721229094,0.6943303664047922,0.6583808281333032,0.6935317979264651,0.6016341283141179,0.6605140400734596,0.6883558455179905,0.6182178040959962,0.5425982448167712,0.7063481776483335,0.6905467975010757,0.5958164324545571,0.5975560596931085,0.6102771455995256,0.5013950361843289,0.7007120790627894,0.69029895979178
XOM,0.6649062376996966,0.6764829004517857,0.6652597259890577,0.6408343634877841,0.6279471557485613,0.6230304165310727,0.6748597525392689,0.6748303927204722,0.607558157056191,0.6028917724156967,0.7040461606074037,0.6979669468005473,0.6832983940266604,0.6811673436615202,0.6262597520728375,0.6235717141363806,0.60156228478529,0.6895664622198424,0.6538875165902494,0.5986198443865278,0.6343093947631645,0.6709173464516553,0.6574724862647717,0.6922794261609171,0.6738121313693647,0.6141190531320304,0.6170602373808544,0.0,0.646830602161125,0.7014141066655012,0.6273113108177962,0.6852610897069216,0.3890085192604358,0.6865689668499241,0.7032242978520031,0.6108285378420852,0.6548609208517872,0.6576920520585832,0.6986063305397809,0.6801768389283679,0.6427793209186718,0.6019554794561327,0.6119969273145741,0.6828676598191055,0.6728515204345199,0.6973281877679742,0.6682979124850797
WMT,0.6980111812525417,0.6674399678847092,0.6536405899859861,0.6922977875414565,0.6833161200045216,0.6925126191724527,0.6662313657518979,0.6881251875763226,0.6798463188687481,0.6592564860186743,0.635850434296117,0.6395513553524074,0.6775537777730787,0.6800803839254727,0.632077749092475,0.6987089575141652,0.6966740203427784,0.6366261787949128,0.6761924341927453,0.6520136694268125,0.6842306583046444,0.6154007040761609,0.6275273848164497,0.6517477796073855,0.6300394948881481,0.6542384015030245,0.6810934705767854,0.646830602161125,0.0,0.6934483029251927,0.7005022134900468,0.6982344153218165,0.6875154097033669,0.6969971034373511,0.6460900634540767,0.6496781852931838,0.42315077532334994,0.6549607769168955,0.6571911576938453,0.6952939133826741,0.6890124478154018,0.6768667283529209,0.6640399037170961,0.6574797130871136,0.6459184229574713,0.6875070261531888,0.6521989915689459
ABT,0.5866574698662067,0.6636065702202325,0.6282816413831214,0.6500836050417137,0.6360448442241567,0.6437546708181034,0.5825052220338695,0.6549856130749696,0.6228551586979536,0.6548254249728985,0.6779134059405293,0.581072070102469,0.5946277303518707,0.6867451171874212,0.6604106954864702,0.6644861404469274,0.6395687826765134,0.6090111331322284,0.6250953316656438,0.6547333318294025,0.5725799228545828,0.6101410325023733,0.6365669891823641,0.6267571763484995,0.642249003052466,0.6556436005393795,0.6656485100178026,0.7014141066655012,0.6934483029251927,0.0,0.619557121545558,0.47789635184321994,0.6986750182576118,0.5541049745156297,0.5928919076404797,0.6119202084485224,0.6953716717531127,0.6378285199614641,0.6681265425046752,0.5403806116313401,0.5992628045616448,0.5904793190966257,0.5445364299900954,0.6681563242409775,0.6376932220378458,0.6306516192483443,0.6692609718672748
CRM,0.39600229066906695,0.516209311137906,0.43899737465858646,0.4351190689273795,0.4200793627658573,0.42426472713135094,0.6310044509080973,0.46810775560800755,0.696794057357616,0.6896908545521555,0.6494381254414827,0.5777951206062613,0.4468259203349854,0.5219902971116588,0.6851219415079262,0.5319453422072892,0.34714184845447393,0.47416824372805705,0.5225349596218201,0.6795164143882192,0.6023258362032533,0.5950456994991369,0.7049576150382866,0.5837710798013851,0.6004973296036643,0.7058395979448602,0.6404487721229094,0.6273113108177962,0.7005022134900468,0.619557121545558,0.0,0.6356040854366014,0.6313781938059692,0.5793576738401327,0.5962206727564662,0.660977028616705,0.6956394306785666,0.5621610223301263,0.5964804644504197,0.7013765020551013,0.674721842310927,0.6838088899038912,0.5735041430408283,0.6542893076876104,0.559589714902583,0.4118468699862639,0.6705482097558196
ABBV,0.5982070217542363,0.6509872767686102,0.6237051759502202,0.6700215885245968,0.6095326234089532,0.6080228771027324,0.5506593866421277,0.6245064394905908,0.6922104190757924,0.6196382549364438,0.69225752882195,0.5937153995417458,0.5596331119135887,0.6654337696214646,0.6919636425319812,0.6657775551446177,0.6240392802757574,0.6269085915087,0.6061395770942165,0.6512027485670858,0.5968588296833635,0.6590211147591455,0.6628467840317466,0.6788672132625674,0.6677001652174879,0.6397122795045521,0.6943303664047922,0.6852610897069216,0.6982344153218165,0.47789635184321994,0.6356040854366014,0.0,0.6931036659568963,0.5629437220879852,0.677122360993226,0.5377917954089206,0.6701976580854071,0.6789358227387934,0.6453066181784639,0.4744438642696139,0.6366905360297894,0.5816742651854145,0.5362062225477158,0.6234489250567906,0.6560880828074375,0.6446198677151296,0.6711143428411824
CVX,0.6788322046076609,0.6400856933058036,0.617200178046184,0.6787620844531944,0.6226993150497964,0.6236722604894728,0.659509905757551,0.6602095668911776,0.6436246475468986,0.5452182025016463,0.6606015961729067,0.7066879091476237,0.6508354073382323,0.7025431216819747,0.57999438448162,0.6230615308046342,0.6026937689281208,0.674321022815099,0.6550047356539443,0.5747568526083573,0.6381767008741519,0.6986037986629451,0.6301702591448013,0.6917232559992741,0.6725455114468347,0.5457516495116487,0.6583808281333032,0.3890085192604358,0.6875154097033669,0.6986750182576118,0.6313781938059692,0.6931036659568963,0.0,0.6634633557288687,0.7005132973242658,0.634430349238073,0.6766116707772523,0.6583973789367986,0.6893776460655539,0.697025412574069,0.7063325290769813,0.5738651542532902,0.641640284365553,0.6726025648711657,0.6628016912630501,0.6909628991700167,0.6752785324208942
TMO,0.5401161476895608,0.5896861892879832,0.6084837422435296,0.5653530793084772,0.524828298729791,0.5286777933310554,0.6306469406233588,0.5903877118491003,0.7033458340237015,0.6479815229370331,0.641018070124375,0.5785783556471831,0.5402443618951825,0.6765048351645179,0.6859555353400848,0.6754112317040908,0.6006430184921995,0.5622240814333694,0.6103260487372744,0.6159970068495808,0.6610136780206093,0.6258085778442475,0.6490197126653657,0.5563523965217928,0.6702366020973183,0.6564178393649646,0.6935317979264651,0.6865689668499241,0.6969971034373511,0.5541049745156297,0.5793576738401327,0.5629437220879852,0.6634633557288687,0.0,0.5716443238670156,0.5453878109270254,0.7047956687912162,0.6266617278430321,0.6514745169525035,0.6024845874061627,0.684818129998732,0.5690034937867537,0.6095403540786094,0.6035361351046818,0.5955064988510818,0.6575998772280286,0.6419467137505325
MCD,0.5961989229648149,0.6059304205813103,0.6121018936663826,0.6490580141267256,0.7035052760280995,0.7015877392949182,0.6823748785371414,0.6542510838862049,0.5906562445094414,0.6455706380823373,0.567982421539324,0.6538930393770364,0.5673031329193606,0.6782062893919073,0.6973365159951551,0.687937488642889,0.663411175903787,0.6385756722925814,0.632970646700085,0.6853387110499018,0.6924177220088936,0.6509273994735628,0.6661920436900939,0.6329848952916568,0.6373996422390646,0.6471229198116725,0.6016341283141179,0.7032242978520031,0.6460900634540767,0.5928919076404797,0.5962206727564662,0.677122360993226,0.7005132973242658,0.5716443238670156,0.0,0.6693837653727199,0.6822434518726934,0.6755103681995328,0.6678078559150435,0.6581125888027308,0.6767614880964731,0.5722545676907248,0.6071169226942367,0.680337379792418,0.6589901189877033,0.6488115166844944,0.6909762178399673
AMGN,0.603160659405099,0.6075731933589411,0.6728937995937648,0.6285357931488313,0.5770308685897553,0.5670690766455193,0.6003188952917217,0.6392225573575078,0.6652131885709911,0.6205943251414275,0.6899125979109666,0.6317295262543084,0.609815086868356,0.6900834114274739,0.6381322947786306,0.6400437901039482,0.6116198254777028,0.625346333228645,0.6292491013758421,0.5912540583413461,0.5749140953418332,0.6399717302956295,0.6367503222477863,0.6452316897661353,0.6838508454179703,0.6395120906482792,0.6605140400734596,0.6108285378420852,0.6496781852931838,0.6119202084485224,0.660977028616705,0.5377917954089206,0.634430349238073,0.5453878109270254,0.6693837653727199,0.0,0.6483496940998574,0.6921732348517196,0.6312049321226989,0.5710974612093591,0.5591886271130855,0.6417328843862349,0.604746697140065,0.5690365074189344,0.6847893449002338,0.6639820140572004,0.6160918534253293
COST,0.6942148833372888,0.6385545031979691,0.6145254922325901,0.6885550064694996,0.6892984405368062,0.6982127356974525,0.673686822229164,0.6794516897837788,0.6614542254051624,0.6696381838015469,0.6244442273559925,0.6968302699953256,0.677246481364288,0.6985952825326016,0.649189323366626,0.6841968885677407,0.7017825071624274,0.6199400677777828,0.6771564793476249,0.703554693392438,0.6471553894036778,0.6927331457375064,0.7013642704565595,0.5574099708536995,0.6512807961394971,0.6637303608099135,0.6883558455179905,0.6548609208517872,0.42315077532334994,0.6953716717531127,0.6956394306785666,0.6701976580854071,0.6766116707772523,0.7047956687912162,0.6822434518726934,0.6483496940998574,0.0,0.6518480474299098,0.6930012538892336,0.6743153339095289,0.6872857885368551,0.670236174405168,0.6907185450438639,0.668138511790915,0.6510486494933041,0.672599425571727,0.5982874714840799
ACN,0.49965961551638466,0.6417688768345704,0.599223179677796,0.5876416749803172,0.5749051697396507,0.5727407412621871,0.6084093345891118,0.5232037958553437,0.6173568269492523,0.6381811972178869,0.6216674922112203,0.6622351942765315,0.5330640621813846,0.5953804491899057,0.6720291439001841,0.5767387394743138,0.5131740241343081,0.5096972209016954,0.6052549666908867,0.6495901984357015,0.6929924553654325,0.6014636467189617,0.6951667031976588,0.5511204406139347,0.5266888006631156,0.6234727870750009,0.6182178040959962,0.6576920520585832,0.6549607769168955,0.6378285199614641,0.5621610223301263,0.6789358227387934,0.6583973789367986,0.6266617278430321,0.6755103681995328,0.6921732348517196,0.6518480474299098,0.0,0.6548452612838139,0.6563823399910625,0.7016024903414139,0.5926638484332781,0.5629612430901182,0.5946985162901227,0.6045849165649019,0.4770054001290672,0.6306485123452704
NEE,0.6329827721552906,0.6574692279638931,0.6388211461750274,0.6696446326628341,0.6262543928924682,0.6285043495898935,0.5944278522607871,0.5854783789490053,0.5869057794780211,0.5565706984091646,0.6613395741828112,0.590897754127211,0.5832689064504796,0.6743490021010806,0.6855311216295132,0.5892288579125049,0.5786170179968766,0.6583152792303975,0.7038470118530762,0.6183346797758762,0.6988835893530828,0.6912348628075525,0.6959337973503774,0.6325491553161446,0.5254250286154011,0.5594424602381912,0.5425982448167712,0.6986063305397809,0.6571911576938453,0.6681265425046752,0.5964804644504197,0.6453066181784639,0.6893776460655539,0.6514745169525035,0.6678078559150435,0.6312049321226989,0.6930012538892336,0.6548452612838139,0.0,0.6946579086042656,0.643223170328033,0.659093551077559,0.6853882399262979,0.6903596222864941,0.5958703185279003,0.625698142009178,0.6949149644464556
LLY,0.7068164126987398,0.6659711879752044,0.695273859740711,0.6101679777111666,0.6367087358756464,0.6342104386055007,0.5694048412956609,0.689897770812159,0.6887675965859831,0.7028323404203851,0.6787855539794905,0.6408097526581235,0.6772685037069862,0.675325450293171,0.5886616180762805,0.6660079074091072,0.6971226055417918,0.6773646413398662,0.5903993499639677,0.6190576750705683,0.4882879868974161,0.6713426190540591,0.5456359686909292,0.6915828768234704,0.699152872441376,0.7034052726303851,0.7063481776483335,0.6801768389283679,0.6952939133826741,0.5403806116313401,0.7013765020551013,0.4744438642696139,0.697025412574069,0.6024845874061627,0.6581125888027308,0.5710974612093591,0.6743153339095289,0.6563823399910625,0.6946579086042656,0.0,0.5915874410577511,0.6554971573359671,0.6275500715488559,0.6129853262449182,0.6791515817135042,0.697985848965523,0.700228000918077
BMY,0.7040815907872257,0.693871534999724,0.6454608236205381,0.6499978624084715,0.6990023895559476,0.7058744966205354,0.6108938779471985,0.7065776440458704,0.6954193390022924,0.6493706954385775,0.6796389286746103,0.5615349080400922,0.698180004993183,0.6913155799671489,0.6732898154677486,0.6908333442151366,0.6640216575209409,0.7026639191132853,0.6596106785593692,0.7050957149645914,0.5603883834995672,0.6245109026705937,0.6804117859870606,0.6664022484399863,0.6971333339368209,0.6589903327012284,0.6905467975010757,0.6427793209186718,0.6890124478154018,0.5992628045616448,0.674721842310927,0.6366905360297894,0.7063325290769813,0.684818129998732,0.6767614880964731,0.5591886271130855,0.6872857885368551,0.7016024903414139,0.643223170328033,0.5915874410577511,0.0,0.6400922911509876,0.5623450902696877,0.6309382909990936,0.7031946523397031,0.7050430144020049,0.6564293898501237
LIN,0.5821534752056606,0.6350990301342212,0.6294846251289835,0.674464419932484,0.6588623014476211,0.6598893019155432,0.6513798993802793,0.5886807427739974,0.6443996860802338,0.5795455850643171,0.6327023868429368,0.6703653042420177,0.5457488192424483,0.6827533667621669,0.6735851065893879,0.6758913514992477,0.6553169140383112,0.6485123165226572,0.6618062777809696,0.6908579601781056,0.6163191749127391,0.5950569172494861,0.6739800864771407,0.6178046242378121,0.6401068577346315,0.5784617107461835,0.5958164324545571,0.6019554794561327,0.6768667283529209,0.5904793190966257,0.6838088899038912,0.5816742651854145,0.5738651542532902,0.5690034937867537,0.5722545676907248,0.6417328843862349,0.670236174405168,0.5926638484332781,0.659093551077559,0.6554971573359671,0.6400922911509876,0.0,0.5979299243590418,0.5962167493070031,0.6010630856674194,0.6589420136909445,0.6702431053393688
MDT,0.6035600012854038,0.6723538146209813,0.6651455923542017,0.662147628739196,0.6326720947098761,0.626524752830039,0.5803564788581638,0.6386827055917541,0.6886871970217692,0.5376314205952968,0.6529306783856563,0.5766103635520067,0.5893565415354641,0.6651399405599007,0.7017821548697674,0.6764485975229336,0.6106926786059209,0.5799698359964537,0.6528237977012517,0.6560143210005547,0.6101154771226938,0.6053794138083732,0.6409494674193573,0.6380014636156224,0.5844790691512286,0.5671685632447608,0.5975560596931085,0.6119969273145741,0.6640399037170961,0.5445364299900954,0.5735041430408283,0.5362062225477158,0.641640284365553,0.6095403540786094,0.6071169226942367,0.604746697140065,0.6907185450438639,0.5629612430901182,0.6853882399262979,0.6275500715488559,0.5623450902696877,0.5979299243590418,0.0,0.5736251410241539,0.595020229501495,0.6102041321964149,0.6875850122186478
DHR,0.5617533989617256,0.5765118682551712,0.6393838985506055,0.6178309288337592,0.5420290812599197,0.533282639328355,0.6270428603754431,0.570423190850762,0.6815789170123562,0.6960428003173657,0.5303878614123677,0.6196328221502649,0.5283660573465943,0.662375961059342,0.6590468179363301,0.6057648791506243,0.5487834617535832,0.6247191783925239,0.6283699625269906,0.7009070413047912,0.5917145259430043,0.606230712338962,0.6353360235647584,0.614179815084902,0.5851976371550494,0.6974283397526009,0.6102771455995256,0.6828676598191055,0.6574797130871136,0.6681563242409775,0.6542893076876104,0.6234489250567906,0.6726025648711657,0.6035361351046818,0.680337379792418,0.5690365074189344,0.668138511790915,0.5946985162901227,0.6903596222864941,0.6129853262449182,0.6309382909990936,0.5962167493070031,0.5736251410241539,0.0,0.5438535555930537,0.6486148049352756,0.6859062423797114
PM,0.5310462373776299,0.661673188131645,0.5391708377227054,0.5536776735045449,0.49975103952649785,0.501195980068867,0.5867860774724418,0.5992440079575588,0.5862815663328175,0.6470778367135487,0.6049295139201496,0.6045609389531985,0.5669659203786054,0.6767659217217866,0.6784898342749713,0.5962332053918448,0.5454395006174211,0.5874925714971676,0.6032192765934987,0.6414612568000976,0.7006711308426615,0.613473065746935,0.6575986648004708,0.5963488807685747,0.5163997382679378,0.6529907804395718,0.5013950361843289,0.6728515204345199,0.6459184229574713,0.6376932220378458,0.559589714902583,0.6560880828074375,0.6628016912630501,0.5955064988510818,0.6589901189877033,0.6847893449002338,0.6510486494933041,0.6045849165649019,0.5958703185279003,0.6791515817135042,0.7031946523397031,0.6010630856674194,0.595020229501495,0.5438535555930537,0.0,0.6264415019004314,0.6712984131728226
