,MSFT,AAPL,AMZN,FB,GOOGL,GOOG,JNJ,V,PG,JPM,HD,UNH,MA,NVDA,VZ,NFLX,ADBE,INTC,PYPL,T,PFE,CSCO,MRK,CMCSA,PEP,BAC,KO,XOM,WMT,ABT,CRM,ABBV,CVX,TMO,MCD,AMGN,COST,ACN,NEE,LLY,BMY,LIN,MDT,DHR,PM,TXN,NKE
MSFT,0.0,0.2138847992455885,0.39984200211864906,0.3153230298893146,0.24019751834030809,0.24008030030779115,0.3311881415894354,0.3347082855480912,0.4276760325308864,0.49258730952651775,0.34370193683060524,0.37310899043889845,0.3611011556483107,0.287359404141239,0.4215929779096677,0.5448120148079171,0.3158476992610258,0.33786325514773613,0.32459047947203024,0.4261382906052399,0.39819748721489445,0.2961322585348548,0.39493232597959543,0.42302769591993483,0.3616687956066118,0.46855724305106655,0.39560997451529284,0.4872697111311901,0.5023431733334176,0.3406845996732323,0.3150045615955837,0.41879117109994185,0.4209165885149023,0.3430402396048461,0.382312958219049,0.36975689297774833,0.37527943801037766,0.3041003857643104,0.39193552521794817,0.4736316583459601,0.4397312089855494,0.34064420847122207,0.41617248907427173,0.36739541974849765,0.4083767558410977,0.32613366137650057,0.3880203086182115
AAPL,0.2138847992455885,0.0,0.42224252048993455,0.3140417490903961,0.25289598675707886,0.25070384183452765,0.3760723963658026,0.31869987383085735,0.42956310453744545,0.4773836706879394,0.3581079288306605,0.3352826065364932,0.33319553046126604,0.31001840424113275,0.46823857055183377,0.5673201892853874,0.3609725204500293,0.40999133234123925,0.32963601634681583,0.39645755321306264,0.43610192601727304,0.31514470604759454,0.4428083267021573,0.4211905678171655,0.359239476681869,0.43547625619394414,0.3781796850270354,0.4762865902262004,0.5221116753642983,0.36442343298725965,0.3477117206458741,0.4130386267072935,0.4254798662470743,0.35449347062825154,0.3659299622867218,0.4073155264171218,0.4020431956746172,0.32243763748572335,0.3785978141522242,0.48587122110400327,0.4407878557951983,0.3560768931968344,0.4083577799773249,0.38415731065227615,0.4264971614937301,0.3464141355371304,0.3780725164976001
AMZN,0.39984200211864906,0.42224252048993455,0.0,0.44677520019103667,0.433227503532649,0.4300692103222456,0.5402351677166621,0.5931621169868956,0.5726569031887517,0.6687057025665193,0.5456120338755327,0.526786613727421,0.5998574595256999,0.44846512747608014,0.5687443170624074,0.3733542090337997,0.389218116367308,0.4165461424832394,0.5032015446668866,0.5988938828293264,0.5594319743670834,0.507920026173364,0.5636576537587151,0.5273158196149564,0.5442828033618003,0.646128512107482,0.6085686648142695,0.631150831161826,0.5555595406763008,0.5267790514665526,0.478578472312368,0.5820552145221127,0.6219708120237221,0.5618215668805442,0.6039032604017516,0.4805316577262282,0.482847998744621,0.5328769703020453,0.6121237447662328,0.5631407417293771,0.598496509698005,0.5516065189930281,0.6157248860883495,0.5391633336877142,0.5978518640244671,0.4612148341527101,0.6184736909605044
FB,0.3153230298893146,0.3140417490903961,0.44677520019103667,0.0,0.2682679946734439,0.26093469734148256,0.46605412378515887,0.39437771440587494,0.5479884274366302,0.5040854561702687,0.4375187840558833,0.4455489871623595,0.42337049555267087,0.3958336722037224,0.5539261780769191,0.5935017734022963,0.3916545660883694,0.4331684021530877,0.3674821055688375,0.49064980647380296,0.5169319270976724,0.4081016574604597,0.5074087103663378,0.4883091008628738,0.5005360937395265,0.47583912634897363,0.4961484867332167,0.4969157907302169,0.6093192173124817,0.4738242293026361,0.37875364046462073,0.48864587663531167,0.4518785276996182,0.4393395969643461,0.4206261351755351,0.4924265376768944,0.5077018056215058,0.36555347370527824,0.4848708797246954,0.566414250213286,0.5147728547108676,0.41206150258167235,0.4840184232168458,0.49008070198613146,0.5177581492695605,0.42521246869985746,0.4705446130050274
GOOGL,0.24019751834030809,0.25289598675707886,0.433227503532649,0.2682679946734439,0.0,0.026865535655756886,0.4089080185144694,0.32054117873938737,0.48635167810734176,0.4765862099958186,0.38619342385086314,0.4114011576389203,0.35388828351723933,0.35238471619531164,0.45813357016036016,0.5646129379235421,0.32571015645870954,0.3731423170731584,0.3181671863644635,0.4079528863450321,0.44265658523168766,0.33125526367426045,0.4322434468118812,0.4056814954949498,0.45561857678162837,0.44945049114313135,0.4246079550268078,0.46367467867617707,0.5724678283015452,0.39900050160705375,0.341863395623377,0.42106727839180286,0.41017049622266927,0.3861930018605108,0.4068069541201216,0.45200182409727446,0.43307326418341635,0.2849174014766203,0.4360349733426729,0.5127414217442157,0.4669281776999127,0.36981106998124563,0.4228423828521179,0.4073358758216413,0.46706939681594595,0.32734533479884714,0.4397534725925964
GOOG,0.24008030030779115,0.25070384183452765,0.4300692103222456,0.26093469734148256,0.026865535655756886,0.0,0.40845792733122804,0.3234740681527633,0.48391814105085607,0.47802244299010827,0.38893084197880484,0.41218374399774227,0.35817918719341846,0.35051352320864837,0.46302971609115534,0.5611193065065819,0.330746619147407,0.3778777406050491,0.3140089661243194,0.41176501366359847,0.4465999678214888,0.3325925826494396,0.4330630512382209,0.4110498890519466,0.45664760493856416,0.44865463449087933,0.4302629899747089,0.46658967244578237,0.5711139405302604,0.3976591490831518,0.33949166174762524,0.4251882658522066,0.4097909399798693,0.38183047446319973,0.40365873657498724,0.44982796640366063,0.4370780818958351,0.2871667135379522,0.43470681182301935,0.5173281074730376,0.46777816451461346,0.37230960113278666,0.4283799126224598,0.4100941155337563,0.47280377713524,0.32963485610901155,0.44319416753513474
JNJ,0.3311881415894354,0.3760723963658026,0.5402351677166621,0.46605412378515887,0.4089080185144694,0.40845792733122804,0.0,0.3868097593089977,0.33685201161705747,0.5104631413277513,0.47626229437715395,0.3460808220540229,0.4161771750465548,0.44457681434883684,0.3828685386106481,0.6495644286897813,0.49417545348829517,0.5286536763341372,0.4326354858028747,0.4368300633143557,0.35390446102149975,0.34198528595578404,0.3136136954097793,0.4913023351434787,0.3739493189488207,0.4780059273278015,0.3967750597900827,0.49831567702219737,0.49118218896474514,0.29415490800095884,0.47899368334017683,0.3688963604159531,0.4201384978534529,0.35791984175512614,0.42912988695341275,0.36822687134588344,0.42726098938690676,0.3732711574352563,0.3672133971981949,0.40568707362108136,0.37363875138253305,0.41137974544667044,0.41860528158302285,0.3671457525414467,0.41601723272601593,0.4606414367198035,0.39322991544487457
V,0.3347082855480912,0.31869987383085735,0.5931621169868956,0.39437771440587494,0.32054117873938737,0.3234740681527633,0.3868097593089977,0.0,0.4712134118101923,0.3483551311552182,0.3847886689469663,0.37262329742921135,0.14918741211526898,0.38150543127358844,0.46202254384274966,0.6977254999834904,0.4723946836692565,0.4753464741072917,0.34842060107525247,0.34138344411639876,0.4490848180477003,0.32391817804944856,0.43173125448548505,0.4482315596183941,0.439297879340938,0.32801451401354037,0.3363095460219202,0.356759066297835,0.6197323098693128,0.41625293029330057,0.4020041091263048,0.4497164450180859,0.2912497674393668,0.3521352871165167,0.2630117636021336,0.4837165458182428,0.4985230151597389,0.2892567570268572,0.35051417839055843,0.5688343612062816,0.454298947428752,0.28844473281872945,0.2644869552848619,0.400318544857831,0.42707448353274235,0.3870734466242571,0.27136682077006175
PG,0.4276760325308864,0.42956310453744545,0.5726569031887517,0.5479884274366302,0.48635167810734176,0.48391814105085607,0.33685201161705747,0.4712134118101923,0.0,0.5368372234311974,0.4759159098068265,0.46543928170372456,0.4834309917154024,0.5060344931805689,0.4094509756225233,0.6503404396593295,0.5580326638009135,0.5721284822581628,0.5169625566002194,0.4302987391670494,0.4437806353442179,0.4109073150698953,0.46318741661277346,0.4854182864280388,0.32172662286320286,0.494092779316575,0.4185580976624966,0.5053194982269089,0.45056661163580397,0.3980657584880191,0.5269502832138457,0.49009172706407694,0.5019076543011578,0.4677816448151007,0.49163394193339205,0.40034542768114434,0.4797510679409683,0.4260314562814916,0.3676978492103788,0.4681313780574753,0.4869721367854051,0.48464607043650576,0.49385157864430773,0.44061987509050654,0.43608537955883725,0.48244923706651816,0.47029803518636415
JPM,0.49258730952651775,0.4773836706879394,0.6687057025665193,0.5040854561702687,0.4765862099958186,0.47802244299010827,0.5104631413277513,0.3483551311552182,0.5368372234311974,0.0,0.41653676130238987,0.45833881439456947,0.3528455621503416,0.5533032513203524,0.48753752328599015,0.6466609415493585,0.5812088414630429,0.5376465677936338,0.5103673486382857,0.3020577088447785,0.4795579598378939,0.4153876035099774,0.47308962508140373,0.4185803293103288,0.509098094928433,0.15383220133020906,0.3363118041830153,0.32933770799247125,0.6911519166737483,0.5262973648712773,0.48209635473323037,0.5232825691745852,0.31719519770181326,0.4770859695217865,0.3501658709219804,0.5624247704847193,0.608313356067469,0.3531062931248928,0.3972648677337695,0.6250260007642837,0.5064786624082629,0.342845937582244,0.32046404081313523,0.4798643335099079,0.40347845215723105,0.44090883835972267,0.34557052519106723
HD,0.34370193683060524,0.3581079288306605,0.5456120338755327,0.4375187840558833,0.38619342385086314,0.38893084197880484,0.47626229437715395,0.3847886689469663,0.4759159098068265,0.41653676130238987,0.0,0.4506545417473143,0.36984104550759267,0.365686090838858,0.4769512798882734,0.6067484306254955,0.43744340339553356,0.4080246229239471,0.38976600941783457,0.3926984143876933,0.4353094330493721,0.3168499297738225,0.49372639442516575,0.3862503902473531,0.3155045164022501,0.386324670829071,0.4000709620423468,0.45928990052717555,0.5490604518568868,0.46326684279462377,0.388827941836897,0.4953127290000103,0.432120025198523,0.4439236131497457,0.3945438649696829,0.4144054504040468,0.5092654150261247,0.32217888182455184,0.3857049346588492,0.5147428792500007,0.4595783073047552,0.3366899144116746,0.40450949863620994,0.4230019268166847,0.42009702510456276,0.37439501244976453,0.39541465058093433
UNH,0.37310899043889845,0.3352826065364932,0.526786613727421,0.4455489871623595,0.4114011576389203,0.41218374399774227,0.3460808220540229,0.37262329742921135,0.46543928170372456,0.45833881439456947,0.4506545417473143,0.0,0.3957842137226902,0.42052884342227037,0.4835061217233319,0.6308759192359794,0.495060368083304,0.5065387688199129,0.4677535966185413,0.4034434668509476,0.44753640846970705,0.3705701761507266,0.40873921829495363,0.48184185703095456,0.44575080478547957,0.43798970515717683,0.40433464759263793,0.4601160821041692,0.6102012082357603,0.35197690469306625,0.47969235705491386,0.4159853657534755,0.406300699486492,0.423431373059263,0.41828508131317566,0.43607187285837196,0.4744250196537685,0.4102704476624066,0.40067973723919487,0.4887805485821529,0.4233162795143617,0.40875043117473847,0.38903596983445554,0.37820751612646747,0.44345232300682746,0.45403882925250394,0.34633449906518404
MA,0.3611011556483107,0.33319553046126604,0.5998574595256999,0.42337049555267087,0.35388828351723933,0.35817918719341846,0.4161771750465548,0.14918741211526898,0.4834309917154024,0.3528455621503416,0.36984104550759267,0.3957842137226902,0.0,0.39426085815319756,0.5007791771189138,0.6924154856857329,0.4825226989874241,0.46864049478838904,0.3571154429808756,0.3745591653121378,0.4521350799065383,0.34443304187936824,0.477753561028048,0.4550748807476177,0.42277486176907625,0.3421220060330306,0.32289134371351713,0.35035735472050283,0.6189643527184753,0.4448735141284921,0.41411401287321026,0.4903134534311364,0.3146033347023261,0.40889157507302576,0.30611236348808285,0.49640501280448734,0.5150459531353754,0.34070683597455337,0.37753420867194415,0.5681203676377153,0.4822586210185284,0.31524027547196004,0.2785773420225593,0.423113719951049,0.41934607929940665,0.4053970553554143,0.288578608031512
NVDA,0.287359404141239,0.31001840424113275,0.44846512747608014,0.3958336722037224,0.35238471619531164,0.35051352320864837,0.44457681434883684,0.38150543127358844,0.5060344931805689,0.5533032513203524,0.365686090838858,0.42052884342227037,0.39426085815319756,0.0,0.5268859131534268,0.5394731760277047,0.39454900333294873,0.3580637535464638,0.356241096925824,0.5100315625319112,0.47935295487095614,0.3307133111205211,0.4829426570101752,0.4760608479664146,0.4120612376627827,0.5221498572573647,0.48472491932205325,0.5285336178386486,0.5127194579075423,0.4215340401674758,0.3716485682036181,0.4792371152245804,0.46267909049587763,0.37288557363808666,0.4059020075144184,0.3862934049180738,0.4782912445679934,0.4183849821338551,0.4242305902408423,0.5634095138883027,0.4900692513132718,0.3833310268046718,0.4702950641738086,0.3762733107958177,0.49186717720714823,0.38312107673889084,0.43814451372322333
VZ,0.4215929779096677,0.46823857055183377,0.5687443170624074,0.5539261780769191,0.45813357016036016,0.46302971609115534,0.3828685386106481,0.46202254384274966,0.4094509756225233,0.48753752328599015,0.4769512798882734,0.4835061217233319,0.5007791771189138,0.5268859131534268,0.0,0.6528886167798107,0.4777364254000068,0.4642357795871448,0.5130814021299273,0.357040822559027,0.38734300980033015,0.3722164922899608,0.35410957698338347,0.3591008745576452,0.41401086866051284,0.4748966756274634,0.3648130379048836,0.5042728117933425,0.5151123887094304,0.4297441415471807,0.5315554108322013,0.41460799442512924,0.49510749087462347,0.46845534602349753,0.5247020811512886,0.476727666917164,0.39005067965701057,0.3725183228151253,0.41970974570586334,0.4457588315621567,0.489761456795506,0.4290630286968345,0.4547426881760452,0.41896510304713364,0.3876469327028561,0.3901409127829171,0.4794537630893255
NFLX,0.5448120148079171,0.5673201892853874,0.3733542090337997,0.5935017734022963,0.5646129379235421,0.5611193065065819,0.6495644286897813,0.6977254999834904,0.6503404396593295,0.6466609415493585,0.6067484306254955,0.6308759192359794,0.6924154856857329,0.5394731760277047,0.6528886167798107,0.0,0.48005458278408425,0.5078936382077116,0.6166053852296709,0.7023892464814533,0.6541968113126049,0.6232971489277068,0.6395135205189885,0.6030538618588956,0.6274782429662632,0.6571144626882741,0.7022160977365178,0.6577194820386382,0.5613142565723813,0.6450928614095308,0.5931809324517237,0.6465362044394561,0.6960986536895261,0.6550341657303971,0.6781986226004694,0.5772583333090248,0.5932913563328668,0.6446591334825406,0.6960032235981921,0.609726763800505,0.6386491106647778,0.6585291836585533,0.696354138646587,0.6043394817274524,0.6873048405123802,0.5865989882173052,0.6731927982838948
ADBE,0.3158476992610258,0.3609725204500293,0.389218116367308,0.3916545660883694,0.32571015645870954,0.330746619147407,0.49417545348829517,0.4723946836692565,0.5580326638009135,0.5812088414630429,0.43744340339553356,0.495060368083304,0.4825226989874241,0.39454900333294873,0.4777364254000068,0.48005458278408425,0.0,0.38365477651380986,0.40703634108027453,0.4976749188829982,0.4770564011681685,0.42814135466287834,0.4842462830807911,0.417016054069643,0.47367287377878564,0.5762480946715408,0.466958166516791,0.5843133476517143,0.5472771601491518,0.4775710874529132,0.35793656389091744,0.482573695616081,0.5673202505859298,0.4740248608797274,0.5504776790432842,0.46803625102906143,0.39980623289985767,0.383302000357371,0.5309931696886538,0.5124225251665945,0.5449985894503123,0.4438450320508744,0.5043889563334408,0.4367780181613854,0.5062310755190967,0.3936888411630593,0.5405667610678964
INTC,0.33786325514773613,0.40999133234123925,0.4165461424832394,0.4331684021530877,0.3731423170731584,0.3778777406050491,0.5286536763341372,0.4753464741072917,0.5721284822581628,0.5376465677936338,0.4080246229239471,0.5065387688199129,0.46864049478838904,0.3580637535464638,0.4642357795871448,0.5078936382077116,0.38365477651380986,0.0,0.45127755891090704,0.5054830790686771,0.4812737570826105,0.3816849334634127,0.502712932981752,0.38612191017904907,0.48552953305295127,0.5281510924729176,0.4774167899932806,0.5281627358901037,0.5434212374510677,0.5220362473512582,0.4355600544377431,0.5387690762205347,0.4884542676341281,0.501665385005971,0.5132528804111223,0.49558129284389424,0.42607283171239996,0.42972739312958824,0.5254875412646554,0.5845125619880178,0.5548631620043262,0.41914367336259356,0.5261322042830499,0.45001169494177257,0.47171812956560316,0.28963214709651885,0.5189814113380006
PYPL,0.32459047947203024,0.32963601634681583,0.5032015446668866,0.3674821055688375,0.3181671863644635,0.3140089661243194,0.4326354858028747,0.34842060107525247,0.5169625566002194,0.5103673486382857,0.38976600941783457,0.4677535966185413,0.3571154429808756,0.356241096925824,0.5130814021299273,0.6166053852296709,0.40703634108027453,0.45127755891090704,0.0,0.4854477105893442,0.5072153690787506,0.36777109573781835,0.5060316011006166,0.4790266369248932,0.4349835323894677,0.4813743063273414,0.47225964463710135,0.507180636079152,0.5771612828702686,0.3900075178023215,0.37798193614360914,0.4987265234113026,0.4406570467911557,0.37893578792039273,0.39703293062713774,0.4602022610776071,0.49992083223605016,0.34597986663515407,0.4258776554952082,0.5495927657726487,0.5084537717598362,0.3907407471319718,0.4360861666128476,0.43764268746885904,0.510772402375313,0.3849476830057407,0.45710476852773585
T,0.4261382906052399,0.39645755321306264,0.5988938828293264,0.49064980647380296,0.4079528863450321,0.41176501366359847,0.4368300633143557,0.34138344411639876,0.4302987391670494,0.3020577088447785,0.3926984143876933,0.4034434668509476,0.3745591653121378,0.5100315625319112,0.357040822559027,0.7023892464814533,0.4976749188829982,0.5054830790686771,0.4854477105893442,0.0,0.4580330708692104,0.34634506710547264,0.442154306305569,0.30772071171401877,0.3996232288261882,0.253443470660596,0.26647071480279216,0.38383713289589544,0.6041766536465519,0.42582963906615584,0.47595202778719126,0.4307124569011793,0.4073664322299855,0.46634198669853855,0.4037572054503208,0.4921894751305065,0.46202070274783896,0.29425738789974526,0.3826799265955296,0.5293756867690349,0.4714809715389245,0.35502174844092166,0.35537495167451905,0.46094270663503506,0.33585113913302933,0.3904855508263233,0.3483261868646002
PFE,0.39819748721489445,0.43610192601727304,0.5594319743670834,0.5169319270976724,0.44265658523168766,0.4465999678214888,0.35390446102149975,0.4490848180477003,0.4437806353442179,0.4795579598378939,0.4353094330493721,0.44753640846970705,0.4521350799065383,0.47935295487095614,0.38734300980033015,0.6541968113126049,0.4770564011681685,0.4812737570826105,0.5072153690787506,0.4580330708692104,0.0,0.3590164771240743,0.355587823784633,0.454171486526713,0.42338256948172825,0.4839603509529624,0.3929365548657099,0.49928434961963986,0.5459662849996113,0.4066916479706009,0.48996580515088906,0.3922392872388843,0.4711115905895978,0.43315299283107994,0.49240424485648154,0.4290831635337255,0.4847597050440749,0.408767258767492,0.41674579937433576,0.47138141365345076,0.4220191419930079,0.4647546512286115,0.4229404677193075,0.394261577564834,0.4255320848645762,0.4430034664321823,0.4574604766255286
CSCO,0.2961322585348548,0.31514470604759454,0.507920026173364,0.4081016574604597,0.33125526367426045,0.3325925826494396,0.34198528595578404,0.32391817804944856,0.4109073150698953,0.4153876035099774,0.3168499297738225,0.3705701761507266,0.34443304187936824,0.3307133111205211,0.3722164922899608,0.6232971489277068,0.42814135466287834,0.3816849334634127,0.36777109573781835,0.34634506710547264,0.3590164771240743,0.0,0.37178142631513933,0.38229792014930586,0.35799049155612245,0.3651236733368283,0.3775105674383164,0.39422366577286005,0.5362916446859053,0.36281442417730675,0.4090005493575003,0.38021072828266034,0.3474461246814282,0.36132357571495516,0.36580011870846646,0.36262563354713767,0.44914030219411866,0.2956298382782672,0.37057847481147055,0.4730910899499514,0.3990214948968384,0.33978729700441385,0.38650402772836606,0.3586235804867791,0.3721677196517606,0.2950180951693312,0.3682752968254697
MRK,0.39493232597959543,0.4428083267021573,0.5636576537587151,0.5074087103663378,0.4322434468118812,0.4330630512382209,0.3136136954097793,0.43173125448548505,0.46318741661277346,0.47308962508140373,0.49372639442516575,0.40873921829495363,0.477753561028048,0.4829426570101752,0.35410957698338347,0.6395135205189885,0.4842462830807911,0.502712932981752,0.5060316011006166,0.442154306305569,0.355587823784633,0.37178142631513933,0.0,0.46187043751186035,0.49187051113443375,0.47600953598989415,0.4334814927452687,0.5279160662144374,0.54673653922514,0.40417802219443977,0.4788104576068997,0.3304357904973309,0.42535279873497606,0.3515213887860955,0.45638916389360257,0.41625662610013825,0.4640848898286668,0.3818581218606875,0.4054979180640116,0.4182873337590313,0.33343202315972836,0.4177565191537933,0.424622870330559,0.34292876054099786,0.43783405091484795,0.4312490122730391,0.4524037440604244
CMCSA,0.42302769591993483,0.4211905678171655,0.5273158196149564,0.4883091008628738,0.4056814954949498,0.4110498890519466,0.4913023351434787,0.4482315596183941,0.4854182864280388,0.4185803293103288,0.3862503902473531,0.48184185703095456,0.4550748807476177,0.4760608479664146,0.3591008745576452,0.6030538618588956,0.417016054069643,0.38612191017904907,0.4790266369248932,0.30772071171401877,0.454171486526713,0.38229792014930586,0.46187043751186035,0.0,0.4005278667758556,0.3990449857935758,0.31794174670894115,0.46517259140458983,0.5425108552669837,0.49754353877247814,0.4565186792010302,0.49596638184686437,0.4717905848209946,0.5140498791098222,0.5055244705072589,0.5056355729539841,0.4252768535334434,0.3327552296530503,0.4503857690518778,0.5372991826447187,0.5440599904682717,0.36395332758344356,0.45554915771712523,0.45846365121228594,0.3839984002078515,0.30788822152851053,0.4872594528172357
PEP,0.3616687956066118,0.359239476681869,0.5442828033618003,0.5005360937395265,0.45561857678162837,0.45664760493856416,0.3739493189488207,0.439297879340938,0.32172662286320286,0.509098094928433,0.3155045164022501,0.44575080478547957,0.42277486176907625,0.4120612376627827,0.41401086866051284,0.6274782429662632,0.47367287377878564,0.48552953305295127,0.4349835323894677,0.3996232288261882,0.42338256948172825,0.35799049155612245,0.49187051113443375,0.4005278667758556,0.0,0.45957071226303875,0.34525042397636646,0.5115524454177094,0.4430268588616145,0.40293095916052263,0.45591157364338075,0.4852977934710059,0.516466008574763,0.45065550193928017,0.4636990227047601,0.36514683271429027,0.4159589120830651,0.3831205798501554,0.3616021821153655,0.45626885959358243,0.46581161996395143,0.40857039359061914,0.4626545726396144,0.4158643554171979,0.36031245928203887,0.4381118251796891,0.42614279416793577
BAC,0.46855724305106655,0.43547625619394414,0.646128512107482,0.47583912634897363,0.44945049114313135,0.44865463449087933,0.4780059273278015,0.32801451401354037,0.494092779316575,0.15383220133020906,0.386324670829071,0.43798970515717683,0.3421220060330306,0.5221498572573647,0.4748966756274634,0.6571144626882741,0.5762480946715408,0.5281510924729176,0.4813743063273414,0.253443470660596,0.4839603509529624,0.3651236733368283,0.47600953598989415,0.3990449857935758,0.45957071226303875,0.0,0.3343927358809025,0.29780767590217655,0.6669852942280374,0.49778050863689277,0.4789128844514964,0.49997419080330135,0.30610425818617676,0.4613088410381545,0.33035855819631754,0.5160213226791275,0.5802674036930249,0.3300044459878866,0.3913235385691528,0.594912030630641,0.47883941919308054,0.3279838404020824,0.337337440056417,0.47472786424997204,0.38657240836554435,0.4107665922131429,0.33557267599229246
KO,0.39560997451529284,0.3781796850270354,0.6085686648142695,0.4961484867332167,0.4246079550268078,0.4302629899747089,0.3967750597900827,0.3363095460219202,0.4185580976624966,0.3363118041830153,0.4000709620423468,0.40433464759263793,0.32289134371351713,0.48472491932205325,0.3648130379048836,0.7022160977365178,0.466958166516791,0.4774167899932806,0.47225964463710135,0.26647071480279216,0.3929365548657099,0.3775105674383164,0.4334814927452687,0.31794174670894115,0.34525042397636646,0.3343927358809025,0.0,0.39622000279782726,0.5685574325628003,0.41617096995895997,0.4622384295521794,0.45553916788266274,0.41428314331433097,0.4664701168302919,0.4162837721455075,0.4982544357611122,0.45117616422483986,0.3330412029370832,0.32715574365484956,0.5207002110190244,0.48237324147914157,0.31927767395090834,0.3246133733231091,0.4256125708514182,0.26550949281808395,0.41045376497277075,0.32443079637676464
XOM,0.4872697111311901,0.4762865902262004,0.631150831161826,0.4969157907302169,0.46367467867617707,0.46658967244578237,0.49831567702219737,0.356759066297835,0.5053194982269089,0.32933770799247125,0.45928990052717555,0.4601160821041692,0.35035735472050283,0.5285336178386486,0.5042728117933425,0.6577194820386382,0.5843133476517143,0.5281627358901037,0.507180636079152,0.38383713289589544,0.49928434961963986,0.39422366577286005,0.5279160662144374,0.46517259140458983,0.5115524454177094,0.29780767590217655,0.39622000279782726,0.0,0.6748331475060897,0.5255260514852302,0.5352007249275995,0.5410227629792814,0.27005093477560693,0.5368844673279942,0.41396689744993936,0.5405960080019971,0.6035341096659343,0.42520309389544636,0.4630856750147437,0.5944649677789117,0.5166402959187717,0.385872071820613,0.3634918144505733,0.5201669044390219,0.43049002389749863,0.4263271935035484,0.39437603276738004
WMT,0.5023431733334176,0.5221116753642983,0.5555595406763008,0.6093192173124817,0.5724678283015452,0.5711139405302604,0.49118218896474514,0.6197323098693128,0.45056661163580397,0.6911519166737483,0.5490604518568868,0.6102012082357603,0.6189643527184753,0.5127194579075423,0.5151123887094304,0.5613142565723813,0.5472771601491518,0.5434212374510677,0.5771612828702686,0.6041766536465519,0.5459662849996113,0.5362916446859053,0.54673653922514,0.5425108552669837,0.4430268588616145,0.6669852942280374,0.5685574325628003,0.6748331475060897,0.0,0.5434611599515066,0.5877991883018809,0.5847663590587507,0.6556187592077922,0.5181496866529561,0.5997448522327471,0.48901909452885844,0.4282095097396976,0.5776269376427768,0.550807453650994,0.5400202500392115,0.5658806319564956,0.5664527138814487,0.6465056683457558,0.553439107431175,0.5640155805428521,0.5214859337691787,0.632171807261204
ABT,0.3406845996732323,0.36442343298725965,0.5267790514665526,0.4738242293026361,0.39900050160705375,0.3976591490831518,0.29415490800095884,0.41625293029330057,0.3980657584880191,0.5262973648712773,0.46326684279462377,0.35197690469306625,0.4448735141284921,0.4215340401674758,0.4297441415471807,0.6450928614095308,0.4775710874529132,0.5220362473512582,0.3900075178023215,0.42582963906615584,0.4066916479706009,0.36281442417730675,0.40417802219443977,0.49754353877247814,0.40293095916052263,0.49778050863689277,0.41617096995895997,0.5255260514852302,0.5434611599515066,0.0,0.459405011986174,0.3876212101902794,0.461117104913608,0.3545923556962864,0.4106425522691094,0.37075643001418307,0.47015530666887173,0.38649238938378155,0.352980319834722,0.47251517164429546,0.42010220206282656,0.4496998820457302,0.4268071024297046,0.39496250545124645,0.4367369985502501,0.46124655716602403,0.3876918030668245
CRM,0.3150045615955837,0.3477117206458741,0.478578472312368,0.37875364046462073,0.341863395623377,0.33949166174762524,0.47899368334017683,0.4020041091263048,0.5269502832138457,0.48209635473323037,0.388827941836897,0.47969235705491386,0.41411401287321026,0.3716485682036181,0.5315554108322013,0.5931809324517237,0.35793656389091744,0.4355600544377431,0.37798193614360914,0.47595202778719126,0.48996580515088906,0.4090005493575003,0.4788104576068997,0.4565186792010302,0.45591157364338075,0.4789128844514964,0.4622384295521794,0.5352007249275995,0.5877991883018809,0.459405011986174,0.0,0.5027245411396559,0.4730121621417119,0.4088289106376575,0.41794620070525773,0.4492209985741431,0.4823396092467353,0.33081449301198557,0.4615406963039871,0.5698374653468632,0.5116667674955523,0.3625643143525908,0.44006636766551344,0.4259415518321611,0.48759030672776027,0.4074925232556073,0.46036688257165276
ABBV,0.41879117109994185,0.4130386267072935,0.5820552145221127,0.48864587663531167,0.42106727839180286,0.4251882658522066,0.3688963604159531,0.4497164450180859,0.49009172706407694,0.5232825691745852,0.4953127290000103,0.4159853657534755,0.4903134534311364,0.4792371152245804,0.41460799442512924,0.6465362044394561,0.482573695616081,0.5387690762205347,0.4987265234113026,0.4307124569011793,0.3922392872388843,0.38021072828266034,0.3304357904973309,0.49596638184686437,0.4852977934710059,0.49997419080330135,0.45553916788266274,0.5410227629792814,0.5847663590587507,0.3876212101902794,0.5027245411396559,0.0,0.47464684020693376,0.39534950800891777,0.5005076418537249,0.4379156732040829,0.47185546132997075,0.40074419213873425,0.4525169736608375,0.391396486134778,0.3311256868927244,0.4790470380178753,0.437732136025648,0.3929183728112494,0.44762041861251084,0.48151685321967913,0.45860167454813583
CVX,0.4209165885149023,0.4254798662470743,0.6219708120237221,0.4518785276996182,0.41017049622266927,0.4097909399798693,0.4201384978534529,0.2912497674393668,0.5019076543011578,0.31719519770181326,0.432120025198523,0.406300699486492,0.3146033347023261,0.46267909049587763,0.49510749087462347,0.6960986536895261,0.5673202505859298,0.4884542676341281,0.4406570467911557,0.4073664322299855,0.4711115905895978,0.3474461246814282,0.42535279873497606,0.4717905848209946,0.516466008574763,0.30610425818617676,0.41428314331433097,0.27005093477560693,0.6556187592077922,0.461117104913608,0.4730121621417119,0.47464684020693376,0.0,0.42216379698440076,0.3170133488917423,0.50412630308778,0.595874984637258,0.3729189506158287,0.40740237178791683,0.5767847696113951,0.438533725665211,0.3436313354843631,0.32825026504850313,0.42636059533692844,0.4294238639368324,0.4036595271171441,0.34891063433567104
TMO,0.3430402396048461,0.35449347062825154,0.5618215668805442,0.4393395969643461,0.3861930018605108,0.38183047446319973,0.35791984175512614,0.3521352871165167,0.4677816448151007,0.4770859695217865,0.4439236131497457,0.423431373059263,0.40889157507302576,0.37288557363808666,0.46845534602349753,0.6550341657303971,0.4740248608797274,0.501665385005971,0.37893578792039273,0.46634198669853855,0.43315299283107994,0.36132357571495516,0.3515213887860955,0.5140498791098222,0.45065550193928017,0.4613088410381545,0.4664701168302919,0.5368844673279942,0.5181496866529561,0.3545923556962864,0.4088289106376575,0.39534950800891777,0.42216379698440076,0.0,0.33173901151842733,0.3886856828793219,0.46495292480238104,0.3607807868844099,0.37610570948059285,0.5112575871931269,0.38145333276416843,0.4101767837133461,0.41957234537355514,0.32343323566650284,0.4898616303052969,0.4148338048984267,0.41581805543656997
MCD,0.382312958219049,0.3659299622867218,0.6039032604017516,0.4206261351755351,0.4068069541201216,0.40365873657498724,0.42912988695341275,0.2630117636021336,0.49163394193339205,0.3501658709219804,0.3945438649696829,0.41828508131317566,0.30611236348808285,0.4059020075144184,0.5247020811512886,0.6781986226004694,0.5504776790432842,0.5132528804111223,0.39703293062713774,0.4037572054503208,0.49240424485648154,0.36580011870846646,0.45638916389360257,0.5055244705072589,0.4636990227047601,0.33035855819631754,0.4162837721455075,0.41396689744993936,0.5997448522327471,0.4106425522691094,0.41794620070525773,0.5005076418537249,0.3170133488917423,0.33173901151842733,0.0,0.4873973066718751,0.5541270555390462,0.3575465498230051,0.32583570405875095,0.6060313819261904,0.4387493349705673,0.33143326378610566,0.35534217739656293,0.434144217918738,0.4406352222350769,0.42171449179677056,0.26551286688971787
AMGN,0.36975689297774833,0.4073155264171218,0.4805316577262282,0.4924265376768944,0.45200182409727446,0.44982796640366063,0.36822687134588344,0.4837165458182428,0.40034542768114434,0.5624247704847193,0.4144054504040468,0.43607187285837196,0.49640501280448734,0.3862934049180738,0.476727666917164,0.5772583333090248,0.46803625102906143,0.49558129284389424,0.4602022610776071,0.4921894751305065,0.4290831635337255,0.36262563354713767,0.41625662610013825,0.5056355729539841,0.36514683271429027,0.5160213226791275,0.4982544357611122,0.5405960080019971,0.48901909452885844,0.37075643001418307,0.4492209985741431,0.4379156732040829,0.50412630308778,0.3886856828793219,0.4873973066718751,0.0,0.4775727841252901,0.453728721503992,0.4585989459179566,0.4360313395341838,0.4351704017108061,0.4685671473757681,0.5016066358918474,0.38248518750429245,0.47591651568960613,0.4544647466008242,0.5071628537643621
COST,0.37527943801037766,0.4020431956746172,0.482847998744621,0.5077018056215058,0.43307326418341635,0.4370780818958351,0.42726098938690676,0.4985230151597389,0.4797510679409683,0.608313356067469,0.5092654150261247,0.4744250196537685,0.5150459531353754,0.4782912445679934,0.39005067965701057,0.5932913563328668,0.39980623289985767,0.42607283171239996,0.49992083223605016,0.46202070274783896,0.4847597050440749,0.44914030219411866,0.4640848898286668,0.4252768535334434,0.4159589120830651,0.5802674036930249,0.45117616422483986,0.6035341096659343,0.4282095097396976,0.47015530666887173,0.4823396092467353,0.47185546132997075,0.595874984637258,0.46495292480238104,0.5541270555390462,0.4775727841252901,0.0,0.4471748330698799,0.5323323648956616,0.4583100829230186,0.5270632860001463,0.48825151726945426,0.5388933608545847,0.48265506972955746,0.45450309543870554,0.39082598354427595,0.520812324693405
ACN,0.3041003857643104,0.32243763748572335,0.5328769703020453,0.36555347370527824,0.2849174014766203,0.2871667135379522,0.3732711574352563,0.2892567570268572,0.4260314562814916,0.3531062931248928,0.32217888182455184,0.4102704476624066,0.34070683597455337,0.4183849821338551,0.3725183228151253,0.6446591334825406,0.383302000357371,0.42972739312958824,0.34597986663515407,0.29425738789974526,0.408767258767492,0.2956298382782672,0.3818581218606875,0.3327552296530503,0.3831205798501554,0.3300044459878866,0.3330412029370832,0.42520309389544636,0.5776269376427768,0.38649238938378155,0.33081449301198557,0.40074419213873425,0.3729189506158287,0.3607807868844099,0.3575465498230051,0.453728721503992,0.4471748330698799,0.0,0.3380560854241595,0.49417034928946774,0.41949185751674617,0.27798831129587337,0.3411084854069503,0.37107606847410646,0.3904222615531183,0.31152316936830854,0.3620576126068585
NEE,0.39193552521794817,0.3785978141522242,0.6121237447662328,0.4848708797246954,0.4360349733426729,0.43470681182301935,0.3672133971981949,0.35051417839055843,0.3676978492103788,0.3972648677337695,0.3857049346588492,0.40067973723919487,0.37753420867194415,0.4242305902408423,0.41970974570586334,0.6960032235981921,0.5309931696886538,0.5254875412646554,0.4258776554952082,0.3826799265955296,0.41674579937433576,0.37057847481147055,0.4054979180640116,0.4503857690518778,0.3616021821153655,0.3913235385691528,0.32715574365484956,0.4630856750147437,0.550807453650994,0.352980319834722,0.4615406963039871,0.4525169736608375,0.40740237178791683,0.37610570948059285,0.32583570405875095,0.4585989459179566,0.5323323648956616,0.3380560854241595,0.0,0.5138191827293345,0.44077705130624234,0.35547722515593355,0.3803661085637893,0.36599601301595963,0.3852520052640879,0.44815803020423534,0.3203791465008697
LLY,0.4736316583459601,0.48587122110400327,0.5631407417293771,0.566414250213286,0.5127414217442157,0.5173281074730376,0.40568707362108136,0.5688343612062816,0.4681313780574753,0.6250260007642837,0.5147428792500007,0.4887805485821529,0.5681203676377153,0.5634095138883027,0.4457588315621567,0.609726763800505,0.5124225251665945,0.5845125619880178,0.5495927657726487,0.5293756867690349,0.47138141365345076,0.4730910899499514,0.4182873337590313,0.5372991826447187,0.45626885959358243,0.594912030630641,0.5207002110190244,0.5944649677789117,0.5400202500392115,0.47251517164429546,0.5698374653468632,0.391396486134778,0.5767847696113951,0.5112575871931269,0.6060313819261904,0.4360313395341838,0.4583100829230186,0.49417034928946774,0.5138191827293345,0.0,0.41816776274952,0.5450760735015849,0.5454549215796063,0.46639635143362684,0.4760551686929542,0.5383957236358267,0.5526755756880164
BMY,0.4397312089855494,0.4407878557951983,0.598496509698005,0.5147728547108676,0.4669281776999127,0.46777816451461346,0.37363875138253305,0.454298947428752,0.4869721367854051,0.5064786624082629,0.4595783073047552,0.4233162795143617,0.4822586210185284,0.4900692513132718,0.489761456795506,0.6386491106647778,0.5449985894503123,0.5548631620043262,0.5084537717598362,0.4714809715389245,0.4220191419930079,0.3990214948968384,0.33343202315972836,0.5440599904682717,0.46581161996395143,0.47883941919308054,0.48237324147914157,0.5166402959187717,0.5658806319564956,0.42010220206282656,0.5116667674955523,0.3311256868927244,0.438533725665211,0.38145333276416843,0.4387493349705673,0.4351704017108061,0.5270632860001463,0.41949185751674617,0.44077705130624234,0.41816776274952,0.0,0.4645815303940574,0.4160590004287413,0.4041073256491018,0.44548003158846194,0.4994929194832438,0.4351536657882575
LIN,0.34064420847122207,0.3560768931968344,0.5516065189930281,0.41206150258167235,0.36981106998124563,0.37230960113278666,0.41137974544667044,0.28844473281872945,0.48464607043650576,0.342845937582244,0.3366899144116746,0.40875043117473847,0.31524027547196004,0.3833310268046718,0.4290630286968345,0.6585291836585533,0.4438450320508744,0.41914367336259356,0.3907407471319718,0.35502174844092166,0.4647546512286115,0.33978729700441385,0.4177565191537933,0.36395332758344356,0.40857039359061914,0.3279838404020824,0.31927767395090834,0.385872071820613,0.5664527138814487,0.4496998820457302,0.3625643143525908,0.4790470380178753,0.3436313354843631,0.4101767837133461,0.33143326378610566,0.4685671473757681,0.48825151726945426,0.27798831129587337,0.35547722515593355,0.5450760735015849,0.4645815303940574,0.0,0.2994800691971105,0.39475673855650695,0.4008501370671094,0.35933384329991247,0.3536198829633422
MDT,0.41617248907427173,0.4083577799773249,0.6157248860883495,0.4840184232168458,0.4228423828521179,0.4283799126224598,0.41860528158302285,0.2644869552848619,0.49385157864430773,0.32046404081313523,0.40450949863620994,0.38903596983445554,0.2785773420225593,0.4702950641738086,0.4547426881760452,0.696354138646587,0.5043889563334408,0.5261322042830499,0.4360861666128476,0.35537495167451905,0.4229404677193075,0.38650402772836606,0.424622870330559,0.45554915771712523,0.4626545726396144,0.337337440056417,0.3246133733231091,0.3634918144505733,0.6465056683457558,0.4268071024297046,0.44006636766551344,0.437732136025648,0.32825026504850313,0.41957234537355514,0.35534217739656293,0.5016066358918474,0.5388933608545847,0.3411084854069503,0.3803661085637893,0.5454549215796063,0.4160590004287413,0.2994800691971105,0.0,0.39220472832759107,0.41267502954260926,0.4496004080736858,0.29956990512569737
DHR,0.36739541974849765,0.38415731065227615,0.5391633336877142,0.49008070198613146,0.4073358758216413,0.4100941155337563,0.3671457525414467,0.400318544857831,0.44061987509050654,0.4798643335099079,0.4230019268166847,0.37820751612646747,0.423113719951049,0.3762733107958177,0.41896510304713364,0.6043394817274524,0.4367780181613854,0.45001169494177257,0.43764268746885904,0.46094270663503506,0.394261577564834,0.3586235804867791,0.34292876054099786,0.45846365121228594,0.4158643554171979,0.47472786424997204,0.4256125708514182,0.5201669044390219,0.553439107431175,0.39496250545124645,0.4259415518321611,0.3929183728112494,0.42636059533692844,0.32343323566650284,0.434144217918738,0.38248518750429245,0.48265506972955746,0.37107606847410646,0.36599601301595963,0.46639635143362684,0.4041073256491018,0.39475673855650695,0.39220472832759107,0.0,0.4518717127477056,0.3998315194496066,0.42020110656892457
