,MSFT,AAPL,AMZN,FB,GOOGL,GOOG,JNJ,V,PG,JPM,HD,UNH,MA,NVDA,VZ,NFLX,ADBE,INTC,PYPL,T,PFE,CSCO,MRK,CMCSA,PEP,BAC,KO,XOM,WMT,ABT,CRM,ABBV,CVX,TMO,MCD,AMGN,COST,ACN,NEE,LLY,BMY,LIN,MDT,DHR,PM,TXN,NKE
MSFT,0.0,0.21922619056866732,0.4138367658801462,0.316512035919103,0.2341300615642248,0.236494816883669,0.36958501622252915,0.3256940391069864,0.4557993875216076,0.4754484789008105,0.3375514830757785,0.3637744746646095,0.3582753059839673,0.279330064524284,0.43457957122493207,0.5393300425965776,0.31065099321421247,0.341870182229584,0.31561222751979556,0.4380159475645316,0.43711942968158674,0.3445126480598918,0.39035321302083614,0.4104920237666641,0.3630654799782261,0.4599384799712616,0.4140270509767796,0.4696628098740653,0.536192038696495,0.373179040456115,0.317377503774172,0.41296130548346643,0.4148020721260346,0.40300751259125467,0.3819500488452159,0.38255997438769046,0.3906945019347062,0.2996434071271465,0.38781431046054265,0.49674941352705865,0.43572763774049433,0.3423612902863042,0.4061350021874507,0.37547257844390014,0.40568115900654006,0.3168846544610498,0.38351151462026956
AAPL,0.21922619056866732,0.0,0.4360850677842674,0.32806435128153727,0.25681739843504325,0.2543282447226962,0.3852445349816512,0.32225627465179657,0.4346694265654283,0.47402089429369076,0.3751705986445702,0.3462478296692564,0.3299123022926494,0.31971731761079814,0.4693107063297389,0.5720018321264616,0.371820581776924,0.4048134683073911,0.3282005281573903,0.39580719850693097,0.44700236837833174,0.35019617663126745,0.43691162915918086,0.41839185955993696,0.35502968820984676,0.43342201388110085,0.38193131837911654,0.4754755362061438,0.5390384110899419,0.3712741133359536,0.3583287925325967,0.4085550648933404,0.44302229626431616,0.38084801849916355,0.3969515202527814,0.4029931164377435,0.4067478771676274,0.3342008258252534,0.3730931143357415,0.4897074457425829,0.44268530529373507,0.35158270366226,0.4214972464834969,0.3806314671923776,0.4447653643240392,0.34683108337520197,0.38269945126981697
AMZN,0.4138367658801462,0.4360850677842674,0.0,0.44620225007944825,0.43710382119583513,0.43373158688248814,0.5670823042537733,0.5970962323891041,0.5953625364858837,0.6725368644840402,0.5636905919569851,0.5478593278687818,0.6052281565170157,0.45921211224798936,0.5751758446376652,0.3740006024163394,0.4061839309666403,0.4460027212917538,0.5132427545139892,0.6144058305375478,0.5836459047013105,0.5068291493942685,0.5735268469624126,0.5392646227054976,0.5641698340717459,0.6465012890934965,0.6325347451734439,0.634202863282967,0.5657923775963561,0.5487065708687477,0.47544957136288407,0.5881714766418275,0.6375749537559224,0.5869754760087418,0.6025280812918532,0.4964179342083091,0.4876839952146446,0.5332302394228559,0.6209973204830077,0.58409856654454,0.6263751745795669,0.5653247252929087,0.6153034335329265,0.5594587529795595,0.6178318730114322,0.47341062287082364,0.616873208797616
FB,0.316512035919103,0.32806435128153727,0.44620225007944825,0.0,0.26673775764508184,0.2602830666994483,0.5036583088203296,0.3917180992707776,0.5754642978012142,0.5018523822807996,0.4419494679682904,0.45169371423231364,0.427322091534925,0.3901794139656842,0.5637383645659335,0.5787204001287366,0.3853206900710391,0.45127856921554726,0.36604837610042795,0.5128614054041222,0.5523712609721193,0.426987896758095,0.5116735888688965,0.4867368857905139,0.5115520430084551,0.4728959684775292,0.5258649642217736,0.49113186127648006,0.631115745064293,0.5034282943145592,0.36622512968645893,0.49014403679597934,0.46699154783095725,0.4914887535435875,0.4147609945704283,0.5066278164426042,0.5167084172142337,0.35883331987494443,0.49004964723191985,0.5931926716008729,0.5348352398163236,0.42649919966215266,0.47404968607582737,0.5073812546191654,0.5210245133549749,0.4238673341599638,0.4647984550968235
GOOGL,0.2341300615642248,0.25681739843504325,0.43710382119583513,0.26673775764508184,0.0,0.02725397769195601,0.4375793994359022,0.31603287822893883,0.5047479419564317,0.46994549486807236,0.392849546840392,0.4133912374689333,0.3515526495164259,0.3489628696043809,0.4638629888329071,0.5578162968209063,0.320633023289528,0.3827861874919983,0.30979082533988445,0.4210715864915242,0.4748601420723731,0.35899721367073095,0.4303993908277008,0.39971407648933893,0.45687245969155466,0.4422281180290956,0.44425898483759596,0.45467643101512195,0.5941879644003302,0.42391158527470246,0.32939830592412706,0.416977751172729,0.42419658582265807,0.43318101623408384,0.4103621613746829,0.4546934487865267,0.43913825677920315,0.2837887995964078,0.43483064075027683,0.5301713969345032,0.481375842489495,0.3736162739799924,0.42020816625855734,0.41856925273097634,0.4715509343315814,0.32406451761970706,0.43578342515089424
GOOG,0.236494816883669,0.2543282447226962,0.43373158688248814,0.2602830666994483,0.02725397769195601,0.0,0.4355617657205966,0.3208666481812284,0.5014602130965664,0.4730246165540015,0.398501004799585,0.416724222175665,0.35613264823970686,0.3494423003492819,0.46772938063797886,0.5558518670916743,0.32882609201303353,0.3873620222978203,0.3083447942717121,0.4237234154371898,0.4762449224526254,0.3573176204958062,0.4316104995185982,0.4067058037648568,0.4588356888834012,0.4418805960880433,0.44930208582801145,0.4594446502996595,0.5906885753896456,0.4210847209205915,0.32918971840491196,0.4215557688298719,0.4276776654768825,0.42661677216463034,0.4103067344500017,0.452316377208086,0.4419562207500375,0.28742241455982226,0.4341659616574424,0.5328327606742402,0.48356642668725863,0.37619735637265045,0.427673289399095,0.42099730420700415,0.4802253218970695,0.3279812263663361,0.43969087020065595
JNJ,0.36958501622252915,0.3852445349816512,0.5670823042537733,0.5036583088203296,0.4375793994359022,0.4355617657205966,0.0,0.422536858531441,0.31971423449054764,0.5282724895724066,0.5144977653020705,0.3943577979117466,0.42778623361489143,0.4823636605744664,0.3871530569066006,0.6752485187411011,0.5316078286345107,0.51783592384016,0.4559090588169122,0.42248181875084384,0.34022268240649806,0.3900572325366287,0.3295704033102672,0.5069497945804562,0.37558709331885054,0.4951072439741406,0.38085319649891564,0.5260614557952547,0.49577722143663927,0.2837019622719906,0.518047304804219,0.3855337093608361,0.4784825261893805,0.3475553259131042,0.5062584503298402,0.3601956841991727,0.43646684275024206,0.4261114530666017,0.3769975797873243,0.38773401033122595,0.39203892107261423,0.4115780653960222,0.4788651848816597,0.3604589221171725,0.47801532691989546,0.4818213076822265,0.4306894264166339
V,0.3256940391069864,0.32225627465179657,0.5970962323891041,0.3917180992707776,0.31603287822893883,0.3208666481812284,0.422536858531441,0.0,0.4975477593190667,0.3363024525972083,0.37376101203413187,0.36300068588457435,0.15953678794705572,0.3697658302984658,0.47460078385614246,0.7029839486087345,0.45631114399031575,0.47437211666600837,0.3373686715564886,0.364750020587761,0.4866192187381464,0.37084298154166456,0.42741847782228115,0.4339600882734245,0.4373807400426746,0.32155800959075365,0.36733416520694284,0.3418148952436976,0.6453596146459575,0.4450536288122055,0.39657893424612506,0.44380222038166095,0.3042693536583553,0.41743360082401115,0.27252803278564824,0.49102328159736824,0.509014798643059,0.285268367269236,0.3501187597223388,0.5860456720730068,0.45198608591015166,0.2965254082869451,0.2618626252997669,0.4100869237320538,0.41840667203122256,0.37649436459625785,0.2711648242257428
PG,0.4557993875216076,0.4346694265654283,0.5953625364858837,0.5754642978012142,0.5047479419564317,0.5014602130965664,0.31971423449054764,0.4975477593190667,0.0,0.5535996559251966,0.5167389567325779,0.4943977046722627,0.4909803722711974,0.5362456494761019,0.41199840765886986,0.6767713317119427,0.5904421799205882,0.5595804588747324,0.5356705811455372,0.4174211797070041,0.4221230282881167,0.442255630679232,0.4675991432963359,0.5051055335387897,0.33344587035638473,0.5103923597334018,0.40546616473241653,0.5348793503950363,0.45192849693537723,0.3813290074997472,0.564615199543604,0.4980273327781167,0.5446614162170152,0.44685882328984117,0.5548021006009212,0.3956461837613163,0.48451686449486764,0.4687071261849214,0.3788745959068688,0.44765229004506235,0.4876279195275041,0.4817518638948182,0.5401018785926656,0.43018571366258446,0.4993281872824055,0.5026559615722892,0.49683953817015813
JPM,0.4754484789008105,0.47402089429369076,0.6725368644840402,0.5018523822807996,0.46994549486807236,0.4730246165540015,0.5282724895724066,0.3363024525972083,0.5535996559251966,0.0,0.3906239984640979,0.43086045499396164,0.35345962659987945,0.5305341376907023,0.5032763047361916,0.6681565568638412,0.555077821671998,0.5266704904928163,0.48832816071177054,0.3330912606469084,0.5136329128306116,0.46789893775600244,0.4650774529610234,0.40064094973894204,0.49423048069559633,0.17094696137332996,0.35820560116601424,0.3143248515628686,0.6975469646387852,0.5420777994765953,0.47689067709814553,0.5136821497904533,0.3067433482605623,0.5220407064499624,0.350658757110484,0.563919704643537,0.6171925877309187,0.35116701958266594,0.3909964091061149,0.6377862539441048,0.48137871245712305,0.3453726614575252,0.31439358354533564,0.47774247242710743,0.37983786646969797,0.42496049165165,0.3498776211859082
HD,0.3375514830757785,0.3751705986445702,0.5636905919569851,0.4419494679682904,0.392849546840392,0.398501004799585,0.5144977653020705,0.37376101203413187,0.5167389567325779,0.3906239984640979,0.0,0.41617985544555364,0.38059633821071426,0.35304960069761615,0.5055821717133606,0.5940897810498927,0.41227804959631503,0.41638500411837936,0.37416668790614166,0.42703502023081513,0.5004921482907209,0.41443535352259664,0.48758546073004405,0.36777904646536047,0.3272466822180762,0.38857814827915177,0.4261978672503528,0.4270544495083142,0.6079664089643816,0.5056436076716078,0.3916294860470673,0.48930639719587304,0.3860088658966561,0.5204012503190711,0.3807770830235198,0.44088235912814694,0.534838786552624,0.3292823103533383,0.3907118319433204,0.5521859164588648,0.4374343471003939,0.3538475278889954,0.38620798527408023,0.43915256314551016,0.37458960828127125,0.3647584526727172,0.4036821563905686
UNH,0.3637744746646095,0.3462478296692564,0.5478593278687818,0.45169371423231364,0.4133912374689333,0.416724222175665,0.3943577979117466,0.36300068588457435,0.4943977046722627,0.43086045499396164,0.41617985544555364,0.0,0.39808999450516286,0.4064152219233874,0.5041476672962636,0.6222967885833726,0.4723894864476995,0.49582129052165513,0.44771056819492483,0.4226613212009495,0.4932691923465346,0.44595666723697985,0.40495549486685156,0.45710067451864184,0.4332359991181688,0.43426291283798807,0.4148568239303921,0.43234334646314904,0.6499504391692171,0.400432508074913,0.47934371500042233,0.4132271133084842,0.37018033894572244,0.48733396951540964,0.4128968611925007,0.44992859208543773,0.49867090263301356,0.4101049430860142,0.3971410351973174,0.5178529058048219,0.3978622735951178,0.4077675660502556,0.3796036436691498,0.3880527196983275,0.4028382208003099,0.4377412043668014,0.35937802411453934
MA,0.3582753059839673,0.3299123022926494,0.6052281565170157,0.427322091534925,0.3515526495164259,0.35613264823970686,0.42778623361489143,0.15953678794705572,0.4909803722711974,0.35345962659987945,0.38059633821071426,0.39808999450516286,0.0,0.3944232487499814,0.5029658924693625,0.6962486615453346,0.4811744600128509,0.46347905182154775,0.3534219903609198,0.37899197887447045,0.467098916121388,0.3746717424847588,0.47157434843567975,0.44935026318786936,0.4186258068674467,0.33890908223581,0.33853475843474556,0.3532168751710563,0.6319695686460305,0.45215410294355934,0.4183061191668804,0.48453173327579824,0.3505536819555551,0.4352110308506941,0.3382684596316325,0.49431823244569273,0.5182627137270466,0.34575345132790164,0.3727739916756087,0.5719688440065224,0.48017743910012545,0.31346086279857466,0.29863596959768907,0.42131111785599207,0.43545777929752955,0.40143536329645546,0.29198689496085495
NVDA,0.279330064524284,0.31971731761079814,0.45921211224798936,0.3901794139656842,0.3489628696043809,0.3494423003492819,0.4823636605744664,0.3697658302984658,0.5362456494761019,0.5305341376907023,0.35304960069761615,0.4064152219233874,0.3944232487499814,0.0,0.5391151501975647,0.529279912735129,0.3760128968350374,0.37259486920765345,0.34438221999745644,0.5238265863629277,0.5233899770845815,0.380213975490847,0.47887339840044424,0.4591076159101718,0.4168133847881763,0.5106543814432214,0.5031174797040002,0.5026638666732131,0.5556278578515517,0.46046099627441767,0.3610955377583726,0.473497291856562,0.44316902380749873,0.4476530204730366,0.3916382266745712,0.40547461512183836,0.4927573910950672,0.4075625257000679,0.4244775865876654,0.5870948494096909,0.4884009455013274,0.3904663380205722,0.45036434447736756,0.3971582442599826,0.46882217905993245,0.3727045210273057,0.4320474814915384
VZ,0.43457957122493207,0.4693107063297389,0.5751758446376652,0.5637383645659335,0.4638629888329071,0.46772938063797886,0.3871530569066006,0.47460078385614246,0.41199840765886986,0.5032763047361916,0.5055821717133606,0.5041476672962636,0.5029658924693625,0.5391151501975647,0.0,0.6607244924782404,0.49978936386413914,0.46632614964659697,0.5218506505603038,0.360063067878405,0.3895527975002299,0.38387707166239443,0.36125079941208693,0.38169540627693166,0.42243560632947885,0.4816159637866525,0.3797973582499486,0.5223406958965074,0.51576837294169,0.42667850541617963,0.5447447128681636,0.4200436747319184,0.5331210762841875,0.4687505693283347,0.5531604934905084,0.47450513476720974,0.3898329968453041,0.39324507979813356,0.4238331733487616,0.44621008350550034,0.5073298687760676,0.4323046074656329,0.4820739645727959,0.42026906522597096,0.4522948878303795,0.4054302986795942,0.48763654246612526
NFLX,0.5393300425965776,0.5720018321264616,0.3740006024163394,0.5787204001287366,0.5578162968209063,0.5558518670916743,0.6752485187411011,0.7029839486087345,0.6767713317119427,0.6681565568638412,0.5940897810498927,0.6222967885833726,0.6962486615453346,0.529279912735129,0.6607244924782404,0.0,0.46804830837729944,0.5277730104016991,0.6095748454589817,0.7005380209715993,0.6842227608684767,0.6264652118838349,0.6399229732295082,0.594968866654019,0.636314861543176,0.6707848323828058,0.6963753604621135,0.6840504172831777,0.5886430740356974,0.6697346049649018,0.5762145092015077,0.6436433090857093,0.6915828046313577,0.6883399115875929,0.7013917542812766,0.5928914383345152,0.599929519280609,0.6287025043320577,0.6962323103273044,0.6364366098974107,0.6479334592893566,0.6628848544623285,0.6919729282387066,0.6216668528569903,0.6652541192764239,0.5799753569689416,0.6869188727729721
ADBE,0.31065099321421247,0.371820581776924,0.4061839309666403,0.3853206900710391,0.320633023289528,0.32882609201303353,0.5316078286345107,0.45631114399031575,0.5904421799205882,0.555077821671998,0.41227804959631503,0.4723894864476995,0.4811744600128509,0.3760128968350374,0.49978936386413914,0.46804830837729944,0.0,0.3994632008853735,0.39614679743162834,0.5198730827076726,0.527923866692646,0.4674275233345244,0.4827500057168653,0.40437503529564994,0.4780445501471002,0.5640563207680094,0.49582765119026506,0.5546358642055351,0.5903916411213144,0.5144968105290463,0.3536513911562744,0.4791925012367896,0.530325799298318,0.5356073303518407,0.5178898612509137,0.4904033751993142,0.4269619881116488,0.3694684838706414,0.5270441161897502,0.5514092733960885,0.5327978956910756,0.45121279664431074,0.47626357394208707,0.4551644112962899,0.47733030715361235,0.38244504737759655,0.5287110931633047
INTC,0.341870182229584,0.4048134683073911,0.4460027212917538,0.45127856921554726,0.3827861874919983,0.3873620222978203,0.51783592384016,0.47437211666600837,0.5595804588747324,0.5266704904928163,0.41638500411837936,0.49582129052165513,0.46347905182154775,0.37259486920765345,0.46632614964659697,0.5277730104016991,0.3994632008853735,0.0,0.4463297669312068,0.4925421748044927,0.4823183608184233,0.42697627128090415,0.4917475229567306,0.38251110717536313,0.467487195786674,0.5252916261615567,0.45837389329577444,0.5220030726710683,0.5624911430064914,0.5158867878560494,0.4531570805032857,0.5303202107231586,0.48613877404425926,0.5073812290008348,0.5338339892177117,0.48485006104491474,0.4352049728843647,0.4448924786359041,0.5134020782896739,0.5741563788488612,0.5284976769008761,0.4079844737955608,0.5347037701466287,0.43655344261341866,0.4733645027998882,0.29750131196788054,0.5251887546912507
PYPL,0.31561222751979556,0.3282005281573903,0.5132427545139892,0.36604837610042795,0.30979082533988445,0.3083447942717121,0.4559090588169122,0.3373686715564886,0.5356705811455372,0.48832816071177054,0.37416668790614166,0.44771056819492483,0.3534219903609198,0.34438221999745644,0.5218506505603038,0.6095748454589817,0.39614679743162834,0.4463297669312068,0.0,0.49165979453144204,0.5321830959156051,0.40814453167582593,0.49616651469125705,0.4616589981073419,0.4300703302669682,0.47040007098739367,0.4799303447879141,0.48462052971507097,0.6045160822656757,0.4171980422553762,0.3801403052537067,0.4894626151353845,0.4249352784267305,0.4332050972099109,0.3929491025020671,0.4682769181054391,0.5093213121841452,0.3388510551931969,0.41922611747008776,0.5645011404726502,0.4905296304232787,0.38807681123442295,0.42223470108916417,0.4394072658079727,0.4880593705671529,0.3720321569281254,0.45002944181218657
T,0.4380159475645316,0.39580719850693097,0.6144058305375478,0.5128614054041222,0.4210715864915242,0.4237234154371898,0.42248181875084384,0.364750020587761,0.4174211797070041,0.3330912606469084,0.42703502023081513,0.4226613212009495,0.37899197887447045,0.5238265863629277,0.360063067878405,0.7005380209715993,0.5198730827076726,0.4925421748044927,0.49165979453144204,0.0,0.4455385707735919,0.3865289538900635,0.4400529794212057,0.3314735581021129,0.392723309365151,0.28028136471721704,0.26136843987449593,0.4132574682580388,0.6062574877619875,0.41236324678424324,0.5031889319016559,0.4334081599984857,0.4503145218501615,0.4575750474092939,0.46284465397396257,0.48226994554586566,0.46665884854362893,0.3379395129411622,0.380850607674541,0.5160669354771065,0.4648709053040883,0.3514479752971015,0.4051486962303506,0.44639696996171757,0.40011096003565183,0.4044112416375782,0.37393775786761546
PFE,0.43711942968158674,0.44700236837833174,0.5836459047013105,0.5523712609721193,0.4748601420723731,0.4762449224526254,0.34022268240649806,0.4866192187381464,0.4221230282881167,0.5136329128306116,0.5004921482907209,0.4932691923465346,0.467098916121388,0.5233899770845815,0.3895527975002299,0.6842227608684767,0.527923866692646,0.4823183608184233,0.5321830959156051,0.4455385707735919,0.0,0.3943492623497625,0.37646972044540455,0.48531878556214236,0.4323391139624994,0.5054015207650067,0.38695697696565945,0.5378943822381947,0.5382676966106021,0.39343453252207794,0.531147416037998,0.4140237546619145,0.5362451108428178,0.41319661871544894,0.5657418639520622,0.42032774683532714,0.488600350133179,0.4640578699016924,0.4317288608957763,0.4480933904336765,0.4534821372933323,0.4688842316288766,0.49468849504193796,0.3954193049574905,0.5067337010797532,0.4770066176826437,0.4924724502432388
CSCO,0.3445126480598918,0.35019617663126745,0.5068291493942685,0.426987896758095,0.35899721367073095,0.3573176204958062,0.3900572325366287,0.37084298154166456,0.442255630679232,0.46789893775600244,0.41443535352259664,0.44595666723697985,0.3746717424847588,0.380213975490847,0.38387707166239443,0.6264652118838349,0.4674275233345244,0.42697627128090415,0.40814453167582593,0.3865289538900635,0.3943492623497625,0.0,0.408163347487902,0.43205116443848945,0.4118140446505649,0.3928312586864868,0.43900877310762876,0.44889164893746814,0.5346768382484035,0.39238957461969315,0.4232434880949836,0.410213045859126,0.4668049517623962,0.394434926774533,0.4260803756801683,0.3861224484419036,0.45456149971107496,0.33612870261221905,0.4072694447021024,0.49633156207359974,0.4901917438444558,0.38296149136429675,0.4362530957447709,0.40343138848577714,0.48318928664814914,0.34916579163756195,0.39044018217716275
MRK,0.39035321302083614,0.43691162915918086,0.5735268469624126,0.5116735888688965,0.4303993908277008,0.4316104995185982,0.3295704033102672,0.42741847782228115,0.4675991432963359,0.4650774529610234,0.48758546073004405,0.40495549486685156,0.47157434843567975,0.47887339840044424,0.36125079941208693,0.6399229732295082,0.4827500057168653,0.4917475229567306,0.49616651469125705,0.4400529794212057,0.37646972044540455,0.408163347487902,0.0,0.45355491314075597,0.47947018177498135,0.4725463794101026,0.4301862134869402,0.5200853211592162,0.5665207168238221,0.4101407431090445,0.4839441774311758,0.3260977675612411,0.433244854126513,0.38276689346758297,0.4709740789783174,0.413266522492268,0.47011750208610303,0.3882925588445373,0.39717623671257596,0.42879045540638544,0.3388171256143729,0.4101066456414889,0.4321657701827327,0.3384448447033811,0.4443919988547991,0.42523326169560355,0.4541326211028849
CMCSA,0.4104920237666641,0.41839185955993696,0.5392646227054976,0.4867368857905139,0.39971407648933893,0.4067058037648568,0.5069497945804562,0.4339600882734245,0.5051055335387897,0.40064094973894204,0.36777904646536047,0.45710067451864184,0.44935026318786936,0.4591076159101718,0.38169540627693166,0.594968866654019,0.40437503529564994,0.38251110717536313,0.4616589981073419,0.3314735581021129,0.48531878556214236,0.43205116443848945,0.45355491314075597,0.0,0.3928404207411416,0.39487840026892496,0.3399785904095238,0.4463897067906386,0.5788063141876363,0.5119707913766337,0.45596703236398733,0.487331851767924,0.44810083700571673,0.5464289442136028,0.49376542975530996,0.5098418236382392,0.4433595505991515,0.33106946200328435,0.4410587367509783,0.555107606463178,0.5169266331246626,0.3624544648519339,0.44240866223293807,0.4557841411359583,0.37241490315929693,0.29735254784858595,0.48250201115304464
PEP,0.3630654799782261,0.35502968820984676,0.5641698340717459,0.5115520430084551,0.45687245969155466,0.4588356888834012,0.37558709331885054,0.4373807400426746,0.33344587035638473,0.49423048069559633,0.3272466822180762,0.4332359991181688,0.4186258068674467,0.4168133847881763,0.42243560632947885,0.636314861543176,0.4780445501471002,0.467487195786674,0.4300703302669682,0.392723309365151,0.4323391139624994,0.4118140446505649,0.47947018177498135,0.3928404207411416,0.0,0.45769563654630907,0.3359317772875626,0.5014911028779244,0.4769236249349499,0.4059621189616009,0.4748599342014516,0.47726786229109724,0.5007802368702958,0.4657859266234787,0.48558926364339056,0.36407180892980895,0.42909587813650085,0.3986588904153555,0.35330537567841264,0.4568162576768011,0.43760120613357434,0.39692845857102854,0.47184832816679384,0.4023786261794707,0.37398842932269677,0.43258648539394684,0.4354885529757618
BAC,0.4599384799712616,0.43342201388110085,0.6465012890934965,0.4728959684775292,0.4422281180290956,0.4418805960880433,0.4951072439741406,0.32155800959075365,0.5103923597334018,0.17094696137332996,0.38857814827915177,0.43426291283798807,0.33890908223581,0.5106543814432214,0.4816159637866525,0.6707848323828058,0.5640563207680094,0.5252916261615567,0.47040007098739367,0.28028136471721704,0.5054015207650067,0.3928312586864868,0.4725463794101026,0.39487840026892496,0.45769563654630907,0.0,0.36117090602759355,0.3019696646699543,0.6822896223418567,0.5085872496975564,0.4730998227358032,0.4952233290015246,0.3403687192381595,0.49176450432802243,0.3423901498977057,0.5189046315432998,0.5847939796688689,0.3257308296783509,0.3874854978397324,0.6078359587021667,0.48225025422973833,0.3311697107245503,0.338899727227687,0.47595167767946234,0.40387193736388416,0.4033583235812099,0.33139375393360765
KO,0.4140270509767796,0.38193131837911654,0.6325347451734439,0.5258649642217736,0.44425898483759596,0.44930208582801145,0.38085319649891564,0.36733416520694284,0.40546616473241653,0.35820560116601424,0.4261978672503528,0.4148568239303921,0.33853475843474556,0.5031174797040002,0.3797973582499486,0.6963753604621135,0.49582765119026506,0.45837389329577444,0.4799303447879141,0.26136843987449593,0.38695697696565945,0.43900877310762876,0.4301862134869402,0.3399785904095238,0.3359317772875626,0.36117090602759355,0.0,0.42070683125556596,0.580781497158843,0.4061640636696031,0.5034244044298147,0.457785833495773,0.4397084356105031,0.4608129410199138,0.48106084857725395,0.48787758478502996,0.46587095784099586,0.3849221474310365,0.3313237426554261,0.5030156933939406,0.45246566355369383,0.31791542635143255,0.39014636178538303,0.4076724316418355,0.3392285957719152,0.4243899842580097,0.36849231387252623
XOM,0.4696628098740653,0.4754755362061438,0.634202863282967,0.49113186127648006,0.45467643101512195,0.4594446502996595,0.5260614557952547,0.3418148952436976,0.5348793503950363,0.3143248515628686,0.4270544495083142,0.43234334646314904,0.3532168751710563,0.5026638666732131,0.5223406958965074,0.6840504172831777,0.5546358642055351,0.5220030726710683,0.48462052971507097,0.4132574682580388,0.5378943822381947,0.44889164893746814,0.5200853211592162,0.4463897067906386,0.5014911028779244,0.3019696646699543,0.42070683125556596,0.0,0.7046150442207963,0.547070596702343,0.5236119219769861,0.5322776531077961,0.26657150936975466,0.5793441632344766,0.39678516574215594,0.5492579727145158,0.6144864166453367,0.4132432366027255,0.4561074530272896,0.6185664476379982,0.4954473909109632,0.39072664899152787,0.34559911225906503,0.5201106692998622,0.40224087281384746,0.4098291951045852,0.39174157734551296
WMT,0.536192038696495,0.5390384110899419,0.5657923775963561,0.631115745064293,0.5941879644003302,0.5906885753896456,0.49577722143663927,0.6453596146459575,0.45192849693537723,0.6975469646387852,0.6079664089643816,0.6499504391692171,0.6319695686460305,0.5556278578515517,0.51576837294169,0.5886430740356974,0.5903916411213144,0.5624911430064914,0.6045160822656757,0.6062574877619875,0.5382676966106021,0.5346768382484035,0.5665207168238221,0.5788063141876363,0.4769236249349499,0.6822896223418567,0.580781497158843,0.7046150442207963,0.0,0.5398902707652488,0.6100379222996346,0.601800665683041,0.7034334986486788,0.5074349234893931,0.6477286609579943,0.4928806828757308,0.43294602474392685,0.6075859319439743,0.5698506636459639,0.5354333545912249,0.611010866970036,0.5820317414885721,0.6817007083029588,0.5658300004603432,0.6335524802073486,0.5560923860450315,0.6502362939878371
ABT,0.373179040456115,0.3712741133359536,0.5487065708687477,0.5034282943145592,0.42391158527470246,0.4210847209205915,0.2837019622719906,0.4450536288122055,0.3813290074997472,0.5420777994765953,0.5056436076716078,0.400432508074913,0.45215410294355934,0.46046099627441767,0.42667850541617963,0.6697346049649018,0.5144968105290463,0.5158867878560494,0.4171980422553762,0.41236324678424324,0.39343453252207794,0.39238957461969315,0.4101407431090445,0.5119707913766337,0.4059621189616009,0.5085872496975564,0.4061640636696031,0.547070596702343,0.5398902707652488,0.0,0.49341456222231833,0.39878253343841635,0.5112024544404467,0.3458395710486751,0.4854108142839627,0.3604015533887159,0.4715071920022724,0.4300372527191476,0.3636385931919213,0.45192319050033214,0.4403784620538656,0.448316866286574,0.480262421614236,0.3909620204632577,0.4960827139788428,0.4812712367328335,0.4186294444881891
CRM,0.317377503774172,0.3583287925325967,0.47544957136288407,0.36622512968645893,0.32939830592412706,0.32918971840491196,0.518047304804219,0.39657893424612506,0.564615199543604,0.47689067709814553,0.3916294860470673,0.47934371500042233,0.4183061191668804,0.3610955377583726,0.5447447128681636,0.5762145092015077,0.3536513911562744,0.4531570805032857,0.3801403052537067,0.5031889319016559,0.531147416037998,0.4232434880949836,0.4839441774311758,0.45596703236398733,0.4748599342014516,0.4730998227358032,0.5034244044298147,0.5236119219769861,0.6100379222996346,0.49341456222231833,0.0,0.5034853375672332,0.4803402920848493,0.47036665452450693,0.4021490816418666,0.4746962754446788,0.49289657759873795,0.31483131169680534,0.4683565901576856,0.6001867529005117,0.5272677690050492,0.38227946385279776,0.42347081629265826,0.4501269460925741,0.49421238330611206,0.40381853591253636,0.4488537602706945
ABBV,0.41296130548346643,0.4085550648933404,0.5881714766418275,0.49014403679597934,0.416977751172729,0.4215557688298719,0.3855337093608361,0.44380222038166095,0.4980273327781167,0.5136821497904533,0.48930639719587304,0.4132271133084842,0.48453173327579824,0.473497291856562,0.4200436747319184,0.6436433090857093,0.4791925012367896,0.5303202107231586,0.4894626151353845,0.4334081599984857,0.4140237546619145,0.410213045859126,0.3260977675612411,0.487331851767924,0.47726786229109724,0.4952233290015246,0.457785833495773,0.5322776531077961,0.601800665683041,0.39878253343841635,0.5034853375672332,0.0,0.4765902777580365,0.425199417042988,0.5052774896253278,0.4376561497534677,0.4771198948668893,0.40184713761620755,0.4452741574283456,0.4090189119324688,0.3445199839281621,0.4727916477084457,0.44025129754071096,0.3912254731084096,0.45446477202304847,0.47382032386745954,0.45727386252413477
CVX,0.4148020721260346,0.44302229626431616,0.6375749537559224,0.46699154783095725,0.42419658582265807,0.4276776654768825,0.4784825261893805,0.3042693536583553,0.5446614162170152,0.3067433482605623,0.3860088658966561,0.37018033894572244,0.3505536819555551,0.44316902380749873,0.5331210762841875,0.6915828046313577,0.530325799298318,0.48613877404425926,0.4249352784267305,0.4503145218501615,0.5362451108428178,0.4668049517623962,0.433244854126513,0.44810083700571673,0.5007802368702958,0.3403687192381595,0.4397084356105031,0.26657150936975466,0.7034334986486788,0.5112024544404467,0.4803402920848493,0.4765902777580365,0.0,0.5178252104752922,0.3260888983741972,0.5263840669904577,0.6177621235726529,0.38675125018986467,0.4161664090587841,0.6094756000746686,0.40417582591831225,0.37131872999035626,0.3282110675551231,0.4451639460606618,0.36874737926014484,0.39711325195921926,0.3804933875876414
TMO,0.40300751259125467,0.38084801849916355,0.5869754760087418,0.4914887535435875,0.43318101623408384,0.42661677216463034,0.3475553259131042,0.41743360082401115,0.44685882328984117,0.5220407064499624,0.5204012503190711,0.48733396951540964,0.4352110308506941,0.4476530204730366,0.4687505693283347,0.6883399115875929,0.5356073303518407,0.5073812290008348,0.4332050972099109,0.4575750474092939,0.41319661871544894,0.394434926774533,0.38276689346758297,0.5464289442136028,0.4657859266234787,0.49176450432802243,0.4608129410199138,0.5793441632344766,0.5074349234893931,0.3458395710486751,0.47036665452450693,0.425199417042988,0.5178252104752922,0.0,0.4637785532248426,0.38702569661530306,0.4715114334107006,0.43475913280035594,0.40448525414190956,0.4870434419877604,0.4359986169265602,0.42655718326269965,0.5028948399824423,0.33979004484648617,0.5671034642991775,0.46282805421271994,0.4629808716246883
MCD,0.3819500488452159,0.3969515202527814,0.6025280812918532,0.4147609945704283,0.4103621613746829,0.4103067344500017,0.5062584503298402,0.27252803278564824,0.5548021006009212,0.350658757110484,0.3807770830235198,0.4128968611925007,0.3382684596316325,0.3916382266745712,0.5531604934905084,0.7013917542812766,0.5178898612509137,0.5338339892177117,0.3929491025020671,0.46284465397396257,0.5657418639520622,0.4260803756801683,0.4709740789783174,0.49376542975530996,0.48558926364339056,0.3423901498977057,0.48106084857725395,0.39678516574215594,0.6477286609579943,0.4854108142839627,0.4021490816418666,0.5052774896253278,0.3260888983741972,0.4637785532248426,0.0,0.5211569080433437,0.575533615033016,0.3505235369409204,0.36082331472499773,0.6487160282487027,0.46874067099614897,0.3757373358530503,0.33472609625643845,0.47657857537312465,0.4237857000254119,0.41871068811496887,0.2818252727309071
AMGN,0.38255997438769046,0.4029931164377435,0.4964179342083091,0.5066278164426042,0.4546934487865267,0.452316377208086,0.3601956841991727,0.49102328159736824,0.3956461837613163,0.563919704643537,0.44088235912814694,0.44992859208543773,0.49431823244569273,0.40547461512183836,0.47450513476720974,0.5928914383345152,0.4904033751993142,0.48485006104491474,0.4682769181054391,0.48226994554586566,0.42032774683532714,0.3861224484419036,0.413266522492268,0.5098418236382392,0.36407180892980895,0.5189046315432998,0.48787758478502996,0.5492579727145158,0.4928806828757308,0.3604015533887159,0.4746962754446788,0.4376561497534677,0.5263840669904577,0.38702569661530306,0.5211569080433437,0.0,0.4779808928314005,0.4684144973413078,0.4538938498317687,0.42894269997202705,0.4360127440144895,0.4618450620116811,0.521427439927638,0.3719065417635169,0.5062750120415823,0.4599945353673559,0.5137989439459425
COST,0.3906945019347062,0.4067478771676274,0.4876839952146446,0.5167084172142337,0.43913825677920315,0.4419562207500375,0.43646684275024206,0.509014798643059,0.48451686449486764,0.6171925877309187,0.534838786552624,0.49867090263301356,0.5182627137270466,0.4927573910950672,0.3898329968453041,0.599929519280609,0.4269619881116488,0.4352049728843647,0.5093213121841452,0.46665884854362893,0.488600350133179,0.45456149971107496,0.47011750208610303,0.4433595505991515,0.42909587813650085,0.5847939796688689,0.46587095784099586,0.6144864166453367,0.43294602474392685,0.4715071920022724,0.49289657759873795,0.4771198948668893,0.6177621235726529,0.4715114334107006,0.575533615033016,0.4779808928314005,0.0,0.460592067691386,0.5358596100433612,0.4640111174899845,0.5474524061652425,0.4932138530069684,0.555992775258754,0.4871384521528238,0.504656906692194,0.4066524990187727,0.5266610689680241
ACN,0.2996434071271465,0.3342008258252534,0.5332302394228559,0.35883331987494443,0.2837887995964078,0.28742241455982226,0.4261114530666017,0.285268367269236,0.4687071261849214,0.35116701958266594,0.3292823103533383,0.4101049430860142,0.34575345132790164,0.4075625257000679,0.39324507979813356,0.6287025043320577,0.3694684838706414,0.4448924786359041,0.3388510551931969,0.3379395129411622,0.4640578699016924,0.33612870261221905,0.3882925588445373,0.33106946200328435,0.3986588904153555,0.3257308296783509,0.3849221474310365,0.4132432366027255,0.6075859319439743,0.4300372527191476,0.31483131169680534,0.40184713761620755,0.38675125018986467,0.43475913280035594,0.3505235369409204,0.4684144973413078,0.460592067691386,0.0,0.34844670913222836,0.528243802548783,0.4463923876048713,0.30078926694963404,0.33268424661737767,0.39813832811770616,0.40078342697180497,0.309809111223871,0.35762202507859703
NEE,0.38781431046054265,0.3730931143357415,0.6209973204830077,0.49004964723191985,0.43483064075027683,0.4341659616574424,0.3769975797873243,0.3501187597223388,0.3788745959068688,0.3909964091061149,0.3907118319433204,0.3971410351973174,0.3727739916756087,0.4244775865876654,0.4238331733487616,0.6962323103273044,0.5270441161897502,0.5134020782896739,0.41922611747008776,0.380850607674541,0.4317288608957763,0.4072694447021024,0.39717623671257596,0.4410587367509783,0.35330537567841264,0.3874854978397324,0.3313237426554261,0.4561074530272896,0.5698506636459639,0.3636385931919213,0.4683565901576856,0.4452741574283456,0.4161664090587841,0.40448525414190956,0.36082331472499773,0.4538938498317687,0.5358596100433612,0.34844670913222836,0.0,0.5152986284908763,0.4322100060222923,0.3481986609691779,0.39265844776344794,0.3611918130269941,0.4001394971908794,0.4417267955795077,0.32804222150889994
LLY,0.49674941352705865,0.4897074457425829,0.58409856654454,0.5931926716008729,0.5301713969345032,0.5328327606742402,0.38773401033122595,0.5860456720730068,0.44765229004506235,0.6377862539441048,0.5521859164588648,0.5178529058048219,0.5719688440065224,0.5870948494096909,0.44621008350550034,0.6364366098974107,0.5514092733960885,0.5741563788488612,0.5645011404726502,0.5160669354771065,0.4480933904336765,0.49633156207359974,0.42879045540638544,0.555107606463178,0.4568162576768011,0.6078359587021667,0.5030156933939406,0.6185664476379982,0.5354333545912249,0.45192319050033214,0.6001867529005117,0.4090189119324688,0.6094756000746686,0.4870434419877604,0.6487160282487027,0.42894269997202705,0.4640111174899845,0.528243802548783,0.5152986284908763,0.0,0.43728267492343453,0.5415366368166988,0.5854334266189883,0.45574054603730046,0.533415518437642,0.5548355617243009,0.5726842300105377
BMY,0.43572763774049433,0.44268530529373507,0.6263751745795669,0.5348352398163236,0.481375842489495,0.48356642668725863,0.39203892107261423,0.45198608591015166,0.4876279195275041,0.48137871245712305,0.4374343471003939,0.3978622735951178,0.48017743910012545,0.4884009455013274,0.5073298687760676,0.6479334592893566,0.5327978956910756,0.5284976769008761,0.4905296304232787,0.4648709053040883,0.4534821372933323,0.4901917438444558,0.3388171256143729,0.5169266331246626,0.43760120613357434,0.48225025422973833,0.45246566355369383,0.4954473909109632,0.611010866970036,0.4403784620538656,0.5272677690050492,0.3445199839281621,0.40417582591831225,0.4359986169265602,0.46874067099614897,0.4360127440144895,0.5474524061652425,0.4463923876048713,0.4322100060222923,0.43728267492343453,0.0,0.4515464883313698,0.4359218665461224,0.39728176463026227,0.4097648544863059,0.4882091350585604,0.46070758669200074
LIN,0.3423612902863042,0.35158270366226,0.5653247252929087,0.42649919966215266,0.3736162739799924,0.37619735637265045,0.4115780653960222,0.2965254082869451,0.4817518638948182,0.3453726614575252,0.3538475278889954,0.4077675660502556,0.31346086279857466,0.3904663380205722,0.4323046074656329,0.6628848544623285,0.45121279664431074,0.4079844737955608,0.38807681123442295,0.3514479752971015,0.4688842316288766,0.38296149136429675,0.4101066456414889,0.3624544648519339,0.39692845857102854,0.3311697107245503,0.31791542635143255,0.39072664899152787,0.5820317414885721,0.448316866286574,0.38227946385279776,0.4727916477084457,0.37131872999035626,0.42655718326269965,0.3757373358530503,0.4618450620116811,0.4932138530069684,0.30078926694963404,0.3481986609691779,0.5415366368166988,0.4515464883313698,0.0,0.33056914409326515,0.38503634561409333,0.4185436476024809,0.35960148431359296,0.3643525021028893
MDT,0.4061350021874507,0.4214972464834969,0.6153034335329265,0.47404968607582737,0.42020816625855734,0.427673289399095,0.4788651848816597,0.2618626252997669,0.5401018785926656,0.31439358354533564,0.38620798527408023,0.3796036436691498,0.29863596959768907,0.45036434447736756,0.4820739645727959,0.6919729282387066,0.47626357394208707,0.5347037701466287,0.42223470108916417,0.4051486962303506,0.49468849504193796,0.4362530957447709,0.4321657701827327,0.44240866223293807,0.47184832816679384,0.338899727227687,0.39014636178538303,0.34559911225906503,0.6817007083029588,0.480262421614236,0.42347081629265826,0.44025129754071096,0.3282110675551231,0.5028948399824423,0.33472609625643845,0.521427439927638,0.555992775258754,0.33268424661737767,0.39265844776344794,0.5854334266189883,0.4359218665461224,0.33056914409326515,0.0,0.4252650907824739,0.3972218081405363,0.4387174256077569,0.30380902745375277
DHR,0.37547257844390014,0.3806314671923776,0.5594587529795595,0.5073812546191654,0.41856925273097634,0.42099730420700415,0.3604589221171725,0.4100869237320538,0.43018571366258446,0.47774247242710743,0.43915256314551016,0.3880527196983275,0.42131111785599207,0.3971582442599826,0.42026906522597096,0.6216668528569903,0.4551644112962899,0.43655344261341866,0.4394072658079727,0.44639696996171757,0.3954193049574905,0.40343138848577714,0.3384448447033811,0.4557841411359583,0.4023786261794707,0.47595167767946234,0.4076724316418355,0.5201106692998622,0.5658300004603432,0.3909620204632577,0.4501269460925741,0.3912254731084096,0.4451639460606618,0.33979004484648617,0.47657857537312465,0.3719065417635169,0.4871384521528238,0.39813832811770616,0.3611918130269941,0.45574054603730046,0.39728176463026227,0.38503634561409333,0.4252650907824739,0.0,0.46794654457000673,0.40559011273660467,0.43598051543912314
