,MSFT,AAPL,AMZN,FB,GOOGL,GOOG,JNJ,V,PG,JPM,HD,UNH,MA,NVDA,VZ,NFLX,ADBE,INTC,PYPL,T,PFE,CSCO,MRK,CMCSA,PEP,BAC,KO,XOM,WMT,ABT,CRM,ABBV,CVX,TMO,MCD,AMGN,COST,ACN,NEE,LLY,BMY,LIN,MDT,DHR,PM,TXN,NKE
MSFT,0.0,0.49562265556048646,0.35519225247911945,0.40411922800316474,0.4621672529141004,0.4644456227934882,0.5783905405074989,0.36780895915309103,0.5914464337212882,0.5582648579233146,0.5376696233857671,0.6175893451288031,0.35981431869935826,0.5312277233876005,0.6872133527667775,0.4940794735418424,0.32568975786781323,0.5673210648313413,0.31829977288004474,0.6285711872155596,0.6175707033291225,0.43911171180455816,0.6127602017764199,0.4447657933505483,0.5532897658714603,0.5325705789866751,0.5637749537805121,0.5379135064619417,0.5036974373696319,0.5020092137234695,0.4145884977133408,0.5359187622303837,0.5732756903173151,0.471737297885144,0.5973011529205658,0.6159682330430216,0.48988625577783146,0.437543754131173,0.6501104018445291,0.6690265805320185,0.6187255153211519,0.5705261424622691,0.6047139280595295,0.5148895762437977,0.6882559142632361,0.5188690175444225,0.4935431922707529
AAPL,0.49562265556048646,0.0,0.45824921733179824,0.536699651705543,0.5291772097358266,0.5206730345090717,0.611311138365836,0.5096492253824151,0.6980942346596696,0.5346375264517957,0.584616855002005,0.7007073669498369,0.5669927479071989,0.4193018755592254,0.6735298378368437,0.45633604938697075,0.531209301030919,0.48807734654515417,0.5331359653623142,0.6434637632245945,0.6728838652300572,0.47970366644051093,0.6648623981975288,0.5406684434896084,0.6206348005697044,0.5121574133155294,0.6841737085939332,0.6060418502676576,0.6555737709603359,0.6364509368782021,0.5866653078023132,0.6177124685197498,0.656967089195465,0.6088953660824751,0.6990107588353228,0.6212927771482111,0.5804390496385191,0.5460024202523721,0.5863294655128858,0.6517338541464908,0.6058831781002104,0.6402973050643253,0.6911330850011759,0.6198424909902304,0.6975382366989465,0.43731896116350183,0.5422782333217455
AMZN,0.35519225247911945,0.45824921733179824,0.0,0.4098200590547309,0.40335105585645614,0.40229386847528437,0.6057177459571382,0.3964468896644815,0.6420996633396382,0.5557327138247886,0.618718433218325,0.6455907356346278,0.4330678472452639,0.5304958309897693,0.6674348050572054,0.4497203840471654,0.37290587449755136,0.5991089963956338,0.3765445819292056,0.6293414452017934,0.6379102259149214,0.47873349635451745,0.6378160623316854,0.5560386790029481,0.6459767688075934,0.5242289514272466,0.6601795011088599,0.5910459329605512,0.5993797800763931,0.5855993722363165,0.5053163636348734,0.5984829573002198,0.6066460897137138,0.5671744618233142,0.6882693399053806,0.6466966054032771,0.5767266317719303,0.49236791424911014,0.645676211434183,0.6754420580288139,0.6272567067144442,0.6583896971029909,0.6859064497696715,0.6050138653842655,0.701031921024088,0.5301458132767009,0.5894259315610506
FB,0.40411922800316474,0.536699651705543,0.4098200590547309,0.0,0.4194891423643407,0.4202996593300629,0.6759062641262417,0.4970778162480818,0.6908106319917721,0.61604608159658,0.6224577149678051,0.6388478939584782,0.49523238820376614,0.5900975911471327,0.6404265795147619,0.5187610000415219,0.4682099727494045,0.6135392360152346,0.38338589623323477,0.683802547809454,0.6656221073277182,0.566836379539505,0.631040785926244,0.508659333622106,0.6940981618011162,0.5964863632379802,0.6768181140397777,0.5978388265828618,0.6371380211929184,0.6040241349529086,0.536030890227192,0.5938847187957481,0.6579847081434784,0.589393833936159,0.6693420943263066,0.6611003973918889,0.6136400951792585,0.5524774461981704,0.6604624893105243,0.6691608357681972,0.6062443094332927,0.6839838071250923,0.6923671047009574,0.6318528764126513,0.6788011204418918,0.6472622723296406,0.6544178787093968
GOOGL,0.4621672529141004,0.5291772097358266,0.40335105585645614,0.4194891423643407,0.0,0.030620330976444857,0.6664539421878607,0.4991003571397212,0.7014539131341914,0.6090815101373216,0.6488765051783838,0.5947615883989265,0.5767028247237548,0.6158342518519266,0.6489091025466208,0.5256491323446856,0.48405716799324616,0.6136560780948567,0.47258485166936237,0.6873783972841848,0.683709005768813,0.5668044571007076,0.6965730743810632,0.5590237768290984,0.6648599691811604,0.6056037628547658,0.7029935338506267,0.6303406072896033,0.67805927293796,0.6527424434853154,0.5811886614982068,0.5927282648098181,0.6855101103218709,0.6734694867257169,0.6585445875881524,0.6318569008065785,0.6070428478044935,0.5535535557661742,0.6466951878990791,0.6529615866105052,0.6312498674276934,0.6911850320646145,0.7030765516136117,0.6522909441780611,0.7000313960019174,0.6216879713851257,0.6029370793314529
GOOG,0.4644456227934882,0.5206730345090717,0.40229386847528437,0.4202996593300629,0.030620330976444857,0.0,0.6656581279614389,0.5014027484832396,0.701961805339936,0.6087328857941466,0.6500074909916684,0.5958510324007973,0.5780472317152077,0.6122366230851908,0.6453261879655386,0.5233541277427496,0.4884023330560961,0.6082897968090267,0.4734779617068076,0.6915664906104401,0.6815886239080228,0.5648130866591438,0.6956496641227429,0.5585318222811992,0.6670412306487562,0.6046791066274486,0.7067237997060615,0.6347477202679488,0.6774085786192642,0.6567883793900215,0.5821986946358262,0.5933086862715619,0.6939890937856266,0.6741691218006445,0.6604398359999883,0.6356229510103286,0.6078492632678385,0.5549403976532123,0.6421859180139272,0.6503962083006586,0.63490370267536,0.692789653497891,0.7006984851979485,0.6543900649075745,0.7054847648266822,0.6198302635802019,0.6046498878109454
JNJ,0.5783905405074989,0.611311138365836,0.6057177459571382,0.6759062641262417,0.6664539421878607,0.6656581279614389,0.0,0.5627169357251167,0.5996835868805864,0.6996604726258645,0.6554183865547689,0.6869718838069864,0.6202523976789971,0.6540439466209872,0.6727098319340327,0.5805951819659396,0.5997592917166685,0.6936971041852935,0.5895569681790832,0.6469199624181527,0.5565511176325045,0.5933919430463417,0.5364796014890322,0.6343738991031561,0.564313548748377,0.6691542327561162,0.5381861131344261,0.6161002263817995,0.587143220841513,0.5489726172535344,0.6078319800981871,0.6875509625239465,0.6457024440449844,0.5621667302941066,0.5950867755520115,0.5901798142487849,0.5458454404477633,0.5938035775510072,0.5850499306362175,0.5955609716689678,0.6149868616190955,0.5722391589037246,0.5615831802430817,0.562919754041356,0.6341082381694757,0.6702207423910683,0.602081227506309
V,0.36780895915309103,0.5096492253824151,0.3964468896644815,0.4970778162480818,0.4991003571397212,0.5014027484832396,0.5627169357251167,0.0,0.5897990085524155,0.541542102558349,0.5753674677159151,0.6191270335850574,0.2550432420265805,0.5634276558551016,0.6808489409975436,0.5009179514525758,0.30480331246039555,0.6327281813895389,0.32020751687842125,0.5765054308396538,0.5890769891862505,0.44416252458570354,0.6314786356866152,0.5155854115274776,0.5537808293956067,0.5196586644950375,0.5579896503455798,0.5757570255907345,0.519352622098119,0.5199010894164039,0.39748940208829087,0.5552875019465561,0.5813531169172774,0.5385495015617143,0.6126213880915962,0.6323196958398181,0.4905104127269475,0.3325422989543605,0.6515875774604181,0.6031613732222499,0.6266466441947919,0.5829790431380326,0.6250606966478687,0.5480159803384048,0.6614516192480647,0.5753346487253056,0.5333989572393755
PG,0.5914464337212882,0.6980942346596696,0.6420996633396382,0.6908106319917721,0.7014539131341914,0.701961805339936,0.5996835868805864,0.5897990085524155,0.0,0.672262184791297,0.599369123282247,0.658954565359887,0.5751393621187129,0.6965785637392111,0.5017047905109532,0.652072641547857,0.6172086310388019,0.7018062376099669,0.6034451589433314,0.5813296751469706,0.6121884525349661,0.5775514965624111,0.6373724427511217,0.6333334421732573,0.49837145844892,0.6997878446375468,0.5005944483601006,0.6493284931799741,0.5772461455484625,0.6247716994288686,0.6010191236341896,0.6722847852945301,0.6723742727293123,0.62014835573388,0.565623466166401,0.6664809929023437,0.5358793080404491,0.6054519715613644,0.5242751102664576,0.6910016727013868,0.6491865566312105,0.5017567753727089,0.5757538728366717,0.5773264175016468,0.5540134721775285,0.6691100878765076,0.5623875655975517
JPM,0.5582648579233146,0.5346375264517957,0.5557327138247886,0.61604608159658,0.6090815101373216,0.6087328857941466,0.6996604726258645,0.541542102558349,0.672262184791297,0.0,0.5215083834606229,0.7055090911409204,0.5545539613413469,0.4720821444024817,0.6790787031790051,0.5832544106319518,0.5689935287196468,0.6024630956815764,0.5567153281148471,0.6012686213969481,0.6641075064379112,0.5514757483343132,0.6803386015736063,0.5098281522973815,0.6417082407772744,0.2547726920565619,0.6703744412017008,0.5468291683396448,0.5881861060788884,0.6818555545826561,0.6015586492727164,0.62608136070897,0.5773129673635731,0.6725565523651621,0.6857856439632313,0.6635332521709866,0.5950353743077071,0.5318458563400865,0.6591196702944184,0.658413901116699,0.644975746939832,0.5768972689297788,0.7029327316506794,0.7041506367433078,0.667092897830307,0.5299145500563543,0.499238083573124
HD,0.5376696233857671,0.584616855002005,0.618718433218325,0.6224577149678051,0.6488765051783838,0.6500074909916684,0.6554183865547689,0.5753674677159151,0.599369123282247,0.5215083834606229,0.0,0.6588626790870579,0.5573071512774828,0.5080289492512525,0.7030783387124317,0.654629641438266,0.564519760597365,0.5145114671446263,0.5552078447154207,0.6651369178890187,0.7033880849548365,0.566650922255127,0.7003380133407014,0.5939444953195394,0.6254339763463868,0.5214471967942926,0.6265106761216915,0.568566846326913,0.526007158287219,0.595275616427168,0.5548247535085876,0.6503927710600595,0.6423617297947185,0.6208308615252233,0.6337633015115952,0.628934614611992,0.4456789653938545,0.5246115952134993,0.6892388415834391,0.6561408044931087,0.6192054767533184,0.5880033337866472,0.5558620196760281,0.5869190644391867,0.6478889386621929,0.5408141395797915,0.45609572486194483
UNH,0.6175893451288031,0.7007073669498369,0.6455907356346278,0.6388478939584782,0.5947615883989265,0.5958510324007973,0.6869718838069864,0.6191270335850574,0.658954565359887,0.7055090911409204,0.6588626790870579,0.0,0.6329118915773839,0.6918162820197391,0.6587219029303433,0.6543807186326402,0.620784580868395,0.6807602755895377,0.676066789730173,0.685946187537714,0.6859351567265798,0.6488354852763507,0.6809669339787492,0.6838344242736765,0.7049239788091493,0.6578213750754801,0.7070606121176999,0.6800912854694958,0.6835216023843296,0.5602279027066337,0.5772136352541551,0.6512486287873186,0.6997068145502245,0.5904736640610846,0.6610356837520268,0.7000507202371881,0.6043196247486617,0.6049201562591848,0.6584694638385682,0.6731151707549798,0.7002088663188567,0.691063271002603,0.6141471420775437,0.6036906692984073,0.64988173364739,0.699073916210621,0.6881389190384788
MA,0.35981431869935826,0.5669927479071989,0.4330678472452639,0.49523238820376614,0.5767028247237548,0.5780472317152077,0.6202523976789971,0.2550432420265805,0.5751393621187129,0.5545539613413469,0.5573071512774828,0.6329118915773839,0.0,0.5517460928055864,0.7024736466206334,0.5314374338974814,0.3453430078483377,0.607629977441616,0.33851924361486707,0.620184636286493,0.6236320238818692,0.4524083112688679,0.6489786441325798,0.5453924524404686,0.5745036674282678,0.5559963570578199,0.6043106107935741,0.5805090120878581,0.5026564621464489,0.5344982373379402,0.3964695512170132,0.5626571862821393,0.575819159747542,0.5455234482567032,0.6121870982741189,0.6961739772890518,0.5039806166024198,0.33514847882211396,0.6567230557570991,0.6728990955523556,0.671127608114754,0.6050357334829819,0.6434423909809414,0.5653583436641151,0.6828611405905349,0.5529836051381098,0.554948249456199
NVDA,0.5312277233876005,0.4193018755592254,0.5304958309897693,0.5900975911471327,0.6158342518519266,0.6122366230851908,0.6540439466209872,0.5634276558551016,0.6965785637392111,0.4720821444024817,0.5080289492512525,0.6918162820197391,0.5517460928055864,0.0,0.6744109626901245,0.5042895950211411,0.5346551902531229,0.44219017331427984,0.5679317350806754,0.6478310168469955,0.689736930026866,0.49134052391789435,0.6914281279223314,0.5925813837278553,0.7017349052389013,0.415273437059184,0.706916753800834,0.5126260253022239,0.5986070570056103,0.6071072314926724,0.582935314005194,0.6254628527934232,0.5742855758021465,0.6168407995039952,0.6874752906598438,0.6449972583636652,0.5147554272666945,0.5553887289290543,0.5668497473749162,0.6534389391386495,0.7009357207061867,0.5959786874227028,0.686280715145386,0.613879214112725,0.689504550413034,0.34335983885959737,0.5055653723836117
VZ,0.6872133527667775,0.6735298378368437,0.6674348050572054,0.6404265795147619,0.6489091025466208,0.6453261879655386,0.6727098319340327,0.6808489409975436,0.5017047905109532,0.6790787031790051,0.7030783387124317,0.6587219029303433,0.7024736466206334,0.6744109626901245,0.0,0.6802113122150817,0.685761778515795,0.6446317513154152,0.6684873035987214,0.4368260909970234,0.6151787918169962,0.6252149786800656,0.6265440353781985,0.6579421730316904,0.6486336919834587,0.6637366257222844,0.61291714998089,0.6686300401868683,0.6276444473479663,0.6652819117149459,0.6765785768038381,0.6751836045543662,0.6120964106664797,0.7019682797197443,0.6210992855977409,0.6291893257891952,0.6056011764916306,0.7053536784824948,0.5372713743739995,0.6557058526792517,0.6661904049979975,0.5496777040334935,0.685617115113928,0.6704802256719186,0.5200239812709503,0.6821178438645971,0.6381451147443356
NFLX,0.4940794735418424,0.45633604938697075,0.4497203840471654,0.5187610000415219,0.5256491323446856,0.5233541277427496,0.5805951819659396,0.5009179514525758,0.652072641547857,0.5832544106319518,0.654629641438266,0.6543807186326402,0.5314374338974814,0.5042895950211411,0.6802113122150817,0.0,0.43972702332449615,0.6193409841757025,0.553815879206713,0.5768440547861642,0.6439142315057862,0.5156119464608826,0.6001536753366455,0.602230380731128,0.6831707970912596,0.5478358845767226,0.6474182540118726,0.564821992438237,0.6756114140584472,0.5588319694099867,0.4843210389295983,0.5847269694963537,0.5975185693879778,0.5846747144841941,0.6818410169080453,0.5971418343662608,0.6189103610600895,0.5718699004767341,0.692363532022443,0.6017053593110302,0.5984586875919866,0.6412228591735225,0.6643607151012911,0.6052784790327664,0.659547350724999,0.5154210133236468,0.5698114730794664
ADBE,0.32568975786781323,0.531209301030919,0.37290587449755136,0.4682099727494045,0.48405716799324616,0.4884023330560961,0.5997592917166685,0.30480331246039555,0.6172086310388019,0.5689935287196468,0.564519760597365,0.620784580868395,0.3453430078483377,0.5346551902531229,0.685761778515795,0.43972702332449615,0.0,0.6379821732122346,0.3325925483924934,0.6260041622237693,0.5833444016720012,0.47322152462491723,0.6025193910058098,0.5104950204124707,0.6019323366386529,0.5437261924868357,0.5541215148684144,0.5870358894826235,0.5637747446551553,0.5061196860964069,0.3797537848852804,0.5359034799600768,0.5794675352484925,0.5006259682846022,0.6451401562982345,0.6085605119792405,0.5153902059918536,0.42031209966430205,0.6686646055111802,0.6235408947135301,0.5977401082343884,0.630913741117503,0.6240739809690902,0.5320588218865808,0.6947020752120161,0.5305251868600483,0.5381335593402239
INTC,0.5673210648313413,0.48807734654515417,0.5991089963956338,0.6135392360152346,0.6136560780948567,0.6082897968090267,0.6936971041852935,0.6327281813895389,0.7018062376099669,0.6024630956815764,0.5145114671446263,0.6807602755895377,0.607629977441616,0.44219017331427984,0.6446317513154152,0.6193409841757025,0.6379821732122346,0.0,0.6346738027222809,0.6922824018309618,0.6502663448774139,0.5692451075169533,0.6603519054451154,0.6385328348277726,0.6296680899339345,0.6096094285499135,0.6897242477675377,0.5243726825174287,0.549619681544479,0.6975404616230673,0.6885811609606518,0.6500490718833225,0.6627794887787651,0.6980775049085346,0.6535871705428281,0.6951422931591752,0.6112444490842359,0.630199671483759,0.62198875208914,0.6154252040997593,0.7003627053166683,0.644816650353991,0.6676080718004546,0.6867706265301088,0.7025994569047689,0.49466195782985195,0.6031613656738046
PYPL,0.31829977288004474,0.5331359653623142,0.3765445819292056,0.38338589623323477,0.47258485166936237,0.4734779617068076,0.5895569681790832,0.32020751687842125,0.6034451589433314,0.5567153281148471,0.5552078447154207,0.676066789730173,0.33851924361486707,0.5679317350806754,0.6684873035987214,0.553815879206713,0.3325925483924934,0.6346738027222809,0.0,0.6566924255342015,0.6233510730013441,0.46379940707372985,0.6316271797372345,0.4696838675594758,0.5860922394608302,0.5531259791661135,0.6195296720262025,0.6018792748870778,0.547820673503609,0.5663283566132689,0.43440530344645056,0.5974846424477616,0.6066752607956498,0.5529422449628346,0.6359535789256009,0.6495017563240416,0.4858252545285322,0.4123215389738849,0.6780451545038164,0.6744028166541904,0.6146999965372025,0.6508459755684175,0.6465976960638733,0.5721205701789308,0.7035112401500501,0.5902407723372189,0.5638720287051865
T,0.6285711872155596,0.6434637632245945,0.6293414452017934,0.683802547809454,0.6873783972841848,0.6915664906104401,0.6469199624181527,0.5765054308396538,0.5813296751469706,0.6012686213969481,0.6651369178890187,0.685946187537714,0.620184636286493,0.6478310168469955,0.4368260909970234,0.5768440547861642,0.6260041622237693,0.6922824018309618,0.6566924255342015,0.0,0.6327057868216658,0.5694590710689801,0.6375635365533807,0.6022518945179978,0.6464434447986342,0.5890636746679229,0.5958674003630592,0.553837256248456,0.6351616544303214,0.6409486246472181,0.5786881512696463,0.6326865232252166,0.4967603297246565,0.6405018078933901,0.636460476075291,0.5970598726976964,0.6135093565605432,0.6077407233856896,0.6434610580538412,0.6500820131925902,0.6310577869240531,0.5434244031503785,0.7049416233184129,0.6668329405975603,0.5241196371587661,0.6547994226477714,0.5780165288604576
PFE,0.6175707033291225,0.6728838652300572,0.6379102259149214,0.6656221073277182,0.683709005768813,0.6815886239080228,0.5565511176325045,0.5890769891862505,0.6121884525349661,0.6641075064379112,0.7033880849548365,0.6859351567265798,0.6236320238818692,0.689736930026866,0.6151787918169962,0.6439142315057862,0.5833444016720012,0.6502663448774139,0.6233510730013441,0.6327057868216658,0.0,0.6486224192739722,0.3138865762877799,0.6338101741434423,0.5995511094578977,0.7053839921920151,0.5561914620837101,0.7047616133454613,0.625111621866669,0.46433755169442315,0.5942620747907085,0.6600349183729539,0.6595798059817578,0.44949483853985883,0.6254868508463828,0.43167078553665955,0.6210429898408892,0.6226581054821029,0.5743174319909622,0.40954540987817933,0.5422138906779254,0.58831034355032,0.5085760498647045,0.4678711090020727,0.6306902153183768,0.6700252996556347,0.694462218664096
CSCO,0.43911171180455816,0.47970366644051093,0.47873349635451745,0.566836379539505,0.5668044571007076,0.5648130866591438,0.5933919430463417,0.44416252458570354,0.5775514965624111,0.5514757483343132,0.566650922255127,0.6488354852763507,0.4524083112688679,0.49134052391789435,0.6252149786800656,0.5156119464608826,0.47322152462491723,0.5692451075169533,0.46379940707372985,0.5694590710689801,0.6486224192739722,0.0,0.6207248063913996,0.5242743963543663,0.5966485727424418,0.5455960433284074,0.6183564769156233,0.5419204881859154,0.5075557705398648,0.5875964837845583,0.5115271082866092,0.6074296615576606,0.5952999688818457,0.5720165033567981,0.6389293165692217,0.6107018979647457,0.44721780341811884,0.4507960595201805,0.6955582525680264,0.6610489680487566,0.6480047294021515,0.5106335971516343,0.66482121712801,0.5945200790787435,0.6261623368475085,0.5061561991056611,0.5157005505125274
MRK,0.6127602017764199,0.6648623981975288,0.6378160623316854,0.631040785926244,0.6965730743810632,0.6956496641227429,0.5364796014890322,0.6314786356866152,0.6373724427511217,0.6803386015736063,0.7003380133407014,0.6809669339787492,0.6489786441325798,0.6914281279223314,0.6265440353781985,0.6001536753366455,0.6025193910058098,0.6603519054451154,0.6316271797372345,0.6375635365533807,0.3138865762877799,0.6207248063913996,0.0,0.6234132895339572,0.693539441443805,0.6751431641591747,0.6028231570182063,0.6994388970532636,0.6248511793734963,0.4528980874524201,0.5976799856740883,0.6346730621633404,0.6709208673493859,0.41262983817771615,0.6260046365645372,0.40497600493227515,0.6464970518610228,0.6445227825480492,0.6178564661423538,0.41803167956494014,0.5302498714532513,0.5970683224967498,0.5101148276810988,0.45417010812435915,0.6596203284326451,0.6435175921426888,0.7024852808941905
CMCSA,0.4447657933505483,0.5406684434896084,0.5560386790029481,0.508659333622106,0.5590237768290984,0.5585318222811992,0.6343738991031561,0.5155854115274776,0.6333334421732573,0.5098281522973815,0.5939444953195394,0.6838344242736765,0.5453924524404686,0.5925813837278553,0.6579421730316904,0.602230380731128,0.5104950204124707,0.6385328348277726,0.4696838675594758,0.6022518945179978,0.6338101741434423,0.5242743963543663,0.6234132895339572,0.0,0.5958277223382764,0.5390797813937219,0.6161655484399163,0.5838159791212707,0.5692640706009684,0.6401598902121418,0.5425543959896694,0.5833496573845477,0.5756554236011439,0.5995605426560393,0.649137783193481,0.5890973827103027,0.5377769903770746,0.5102326993750025,0.6531707732792894,0.6372145158851649,0.5749592121480289,0.579039871303164,0.675649056356625,0.6508401083298474,0.5986233617796852,0.6258496744845565,0.5232591641693953
PEP,0.5532897658714603,0.6206348005697044,0.6459767688075934,0.6940981618011162,0.6648599691811604,0.6670412306487562,0.564313548748377,0.5537808293956067,0.49837145844892,0.6417082407772744,0.6254339763463868,0.7049239788091493,0.5745036674282678,0.7017349052389013,0.6486336919834587,0.6831707970912596,0.6019323366386529,0.6296680899339345,0.5860922394608302,0.6464434447986342,0.5995511094578977,0.5966485727424418,0.693539441443805,0.5958277223382764,0.0,0.6979449136349999,0.4276140798607968,0.6127994153397819,0.5461567692316821,0.6894529600172113,0.6273200760986252,0.701456667434537,0.6397963489669208,0.6433247954802853,0.5882190134764234,0.6468408916871418,0.5376257289066828,0.5863404926174267,0.5424687625643352,0.6580201368276845,0.6344300108939475,0.5526351857161418,0.6151478492702926,0.6113492003923158,0.5916047095172187,0.653114644458992,0.615591148807168
BAC,0.5325705789866751,0.5121574133155294,0.5242289514272466,0.5964863632379802,0.6056037628547658,0.6046791066274486,0.6691542327561162,0.5196586644950375,0.6997878446375468,0.2547726920565619,0.5214471967942926,0.6578213750754801,0.5559963570578199,0.415273437059184,0.6637366257222844,0.5478358845767226,0.5437261924868357,0.6096094285499135,0.5531259791661135,0.5890636746679229,0.7053839921920151,0.5455960433284074,0.6751431641591747,0.5390797813937219,0.6979449136349999,0.0,0.7061953195653252,0.5411417192943098,0.5798368880512692,0.5847708726313444,0.5707238628216784,0.6169132201588224,0.5602302449586961,0.5960893853609956,0.6930283935358105,0.61849395813271,0.5788736386116669,0.532096399964148,0.6331509328852714,0.695385004025563,0.6481854476268545,0.5646467826541154,0.6700072491654083,0.6238719854398578,0.6883513288548849,0.4801516285382234,0.4795281693785378
KO,0.5637749537805121,0.6841737085939332,0.6601795011088599,0.6768181140397777,0.7029935338506267,0.7067237997060615,0.5381861131344261,0.5579896503455798,0.5005944483601006,0.6703744412017008,0.6265106761216915,0.7070606121176999,0.6043106107935741,0.706916753800834,0.61291714998089,0.6474182540118726,0.5541215148684144,0.6897242477675377,0.6195296720262025,0.5958674003630592,0.5561914620837101,0.6183564769156233,0.6028231570182063,0.6161655484399163,0.4276140798607968,0.7061953195653252,0.0,0.6539186440237399,0.518809151924557,0.5873918196301071,0.5717115197458459,0.6786584262857869,0.6492785572004658,0.539434205276411,0.5708021579860031,0.6042048019889874,0.5491624749847407,0.5572905318537139,0.4765598136828276,0.6160313303908895,0.6241299110806554,0.4849730638141249,0.5276540889238845,0.5440178348374312,0.5971919774096407,0.636871000987521,0.5851272326213547
XOM,0.5379135064619417,0.6060418502676576,0.5910459329605512,0.5978388265828618,0.6303406072896033,0.6347477202679488,0.6161002263817995,0.5757570255907345,0.6493284931799741,0.5468291683396448,0.568566846326913,0.6800912854694958,0.5805090120878581,0.5126260253022239,0.6686300401868683,0.564821992438237,0.5870358894826235,0.5243726825174287,0.6018792748870778,0.553837256248456,0.7047616133454613,0.5419204881859154,0.6994388970532636,0.5838159791212707,0.6127994153397819,0.5411417192943098,0.6539186440237399,0.0,0.5680441127291085,0.6032038029030348,0.608816937680435,0.6305686187437559,0.354278421926027,0.6611148906888936,0.6605360929383589,0.5921136241933947,0.5629452990793379,0.5971936070228882,0.6986495129597248,0.6880478516409134,0.6351624331666399,0.5449485070448384,0.7012744006414404,0.6699247626494189,0.5770027973190915,0.5614382264786111,0.5494554302861402
WMT,0.5036974373696319,0.6555737709603359,0.5993797800763931,0.6371380211929184,0.67805927293796,0.6774085786192642,0.587143220841513,0.519352622098119,0.5772461455484625,0.5881861060788884,0.526007158287219,0.6835216023843296,0.5026564621464489,0.5986070570056103,0.6276444473479663,0.6756114140584472,0.5637747446551553,0.549619681544479,0.547820673503609,0.6351616544303214,0.625111621866669,0.5075557705398648,0.6248511793734963,0.5692640706009684,0.5461567692316821,0.5798368880512692,0.518809151924557,0.5680441127291085,0.0,0.5675673541281039,0.5570620848957928,0.6586699019159697,0.5858163344407468,0.5565444472425627,0.5700949607594691,0.6270180575679393,0.436609857220805,0.5243813992205628,0.5748724412429912,0.7043264346248421,0.6594141085928961,0.5053333125688223,0.5713057419334743,0.5712466535021612,0.6380864744871783,0.6001538562770867,0.5733100812500219
ABT,0.5020092137234695,0.6364509368782021,0.5855993722363165,0.6040241349529086,0.6527424434853154,0.6567883793900215,0.5489726172535344,0.5199010894164039,0.6247716994288686,0.6818555545826561,0.595275616427168,0.5602279027066337,0.5344982373379402,0.6071072314926724,0.6652819117149459,0.5588319694099867,0.5061196860964069,0.6975404616230673,0.5663283566132689,0.6409486246472181,0.46433755169442315,0.5875964837845583,0.4528980874524201,0.6401598902121418,0.6894529600172113,0.5847708726313444,0.5873918196301071,0.6032038029030348,0.5675673541281039,0.0,0.4730185990674873,0.6118586203028744,0.6050928421814697,0.35304765061204174,0.57573429992787,0.5068378546201311,0.5643779685248927,0.5070928218188305,0.6078521235563112,0.5526372930567762,0.6141080309143541,0.5859118004238615,0.4311358283539362,0.32839603377985044,0.6655747771643228,0.5659319195484035,0.6205716749659361
CRM,0.4145884977133408,0.5866653078023132,0.5053163636348734,0.536030890227192,0.5811886614982068,0.5821986946358262,0.6078319800981871,0.39748940208829087,0.6010191236341896,0.6015586492727164,0.5548247535085876,0.5772136352541551,0.3964695512170132,0.582935314005194,0.6765785768038381,0.4843210389295983,0.3797537848852804,0.6885811609606518,0.43440530344645056,0.5786881512696463,0.5942620747907085,0.5115271082866092,0.5976799856740883,0.5425543959896694,0.6273200760986252,0.5707238628216784,0.5717115197458459,0.608816937680435,0.5570620848957928,0.4730185990674873,0.0,0.58125840828795,0.6145178666077173,0.44566941979743147,0.5822588392703467,0.6132774753491035,0.5419933845561874,0.48123801635531327,0.6188255101240859,0.5689510305936913,0.5785236722509491,0.6132785889153678,0.5782184551213844,0.47605300173896686,0.6850085891302187,0.58296825277844,0.5492582700468499
ABBV,0.5359187622303837,0.6177124685197498,0.5984829573002198,0.5938847187957481,0.5927282648098181,0.5933086862715619,0.6875509625239465,0.5552875019465561,0.6722847852945301,0.62608136070897,0.6503927710600595,0.6512486287873186,0.5626571862821393,0.6254628527934232,0.6751836045543662,0.5847269694963537,0.5359034799600768,0.6500490718833225,0.5974846424477616,0.6326865232252166,0.6600349183729539,0.6074296615576606,0.6346730621633404,0.5833496573845477,0.701456667434537,0.6169132201588224,0.6786584262857869,0.6305686187437559,0.6586699019159697,0.6118586203028744,0.58125840828795,0.0,0.6437325238156382,0.5929625539442415,0.7000681386173475,0.6256072755068829,0.6665886784228711,0.604420775222109,0.6479962427263463,0.6662795703438289,0.6583914338326952,0.6747627064455392,0.6652860017759212,0.6285816582095449,0.6906557369546961,0.6210158569461232,0.6046669197076537
CVX,0.5732756903173151,0.656967089195465,0.6066460897137138,0.6579847081434784,0.6855101103218709,0.6939890937856266,0.6457024440449844,0.5813531169172774,0.6723742727293123,0.5773129673635731,0.6423617297947185,0.6997068145502245,0.575819159747542,0.5742855758021465,0.6120964106664797,0.5975185693879778,0.5794675352484925,0.6627794887787651,0.6066752607956498,0.4967603297246565,0.6595798059817578,0.5952999688818457,0.6709208673493859,0.5756554236011439,0.6397963489669208,0.5602302449586961,0.6492785572004658,0.354278421926027,0.5858163344407468,0.6050928421814697,0.6145178666077173,0.6437325238156382,0.0,0.6541730865263637,0.7049761250324317,0.6054932156761289,0.5668805637675802,0.6040317205764146,0.6903105109355842,0.6813568941447777,0.6878089233978282,0.5855694130770798,0.6985678670442427,0.6890024038102239,0.6211683531319679,0.6009760963452141,0.6098534514191123
TMO,0.471737297885144,0.6088953660824751,0.5671744618233142,0.589393833936159,0.6734694867257169,0.6741691218006445,0.5621667302941066,0.5385495015617143,0.62014835573388,0.6725565523651621,0.6208308615252233,0.5904736640610846,0.5455234482567032,0.6168407995039952,0.7019682797197443,0.5846747144841941,0.5006259682846022,0.6980775049085346,0.5529422449628346,0.6405018078933901,0.44949483853985883,0.5720165033567981,0.41262983817771615,0.5995605426560393,0.6433247954802853,0.5960893853609956,0.539434205276411,0.6611148906888936,0.5565444472425627,0.35304765061204174,0.44566941979743147,0.5929625539442415,0.6541730865263637,0.0,0.6249033401085341,0.4929477621685247,0.5906126740454376,0.5260730651692611,0.6153289950604887,0.5384327046891338,0.5696296315460244,0.5940091317551158,0.44497817145083923,0.3310233393425388,0.6756885514318114,0.5764951517876556,0.6469398305032378
MCD,0.5973011529205658,0.6990107588353228,0.6882693399053806,0.6693420943263066,0.6585445875881524,0.6604398359999883,0.5950867755520115,0.6126213880915962,0.565623466166401,0.6857856439632313,0.6337633015115952,0.6610356837520268,0.6121870982741189,0.6874752906598438,0.6210992855977409,0.6818410169080453,0.6451401562982345,0.6535871705428281,0.6359535789256009,0.636460476075291,0.6254868508463828,0.6389293165692217,0.6260046365645372,0.649137783193481,0.5882190134764234,0.6930283935358105,0.5708021579860031,0.6605360929383589,0.5700949607594691,0.57573429992787,0.5822588392703467,0.7000681386173475,0.7049761250324317,0.6249033401085341,0.0,0.6585290243936806,0.5106151881840468,0.6427805744938132,0.6202892388594569,0.6115095766445734,0.5879823371236051,0.5905002284164659,0.6569638301731238,0.533678610705097,0.6151126219671725,0.6624853292292102,0.5962125949605754
AMGN,0.6159682330430216,0.6212927771482111,0.6466966054032771,0.6611003973918889,0.6318569008065785,0.6356229510103286,0.5901798142487849,0.6323196958398181,0.6664809929023437,0.6635332521709866,0.628934614611992,0.7000507202371881,0.6961739772890518,0.6449972583636652,0.6291893257891952,0.5971418343662608,0.6085605119792405,0.6951422931591752,0.6495017563240416,0.5970598726976964,0.43167078553665955,0.6107018979647457,0.40497600493227515,0.5890973827103027,0.6468408916871418,0.61849395813271,0.6042048019889874,0.5921136241933947,0.6270180575679393,0.5068378546201311,0.6132774753491035,0.6256072755068829,0.6054932156761289,0.4929477621685247,0.6585290243936806,0.0,0.6022291762193559,0.6423638974690103,0.670779409463085,0.4781588274139727,0.4818784647070316,0.5896084993230236,0.511457223941096,0.5000135751466597,0.5553665158683655,0.5652054973381797,0.6224518192371
COST,0.48988625577783146,0.5804390496385191,0.5767266317719303,0.6136400951792585,0.6070428478044935,0.6078492632678385,0.5458454404477633,0.4905104127269475,0.5358793080404491,0.5950353743077071,0.4456789653938545,0.6043196247486617,0.5039806166024198,0.5147554272666945,0.6056011764916306,0.6189103610600895,0.5153902059918536,0.6112444490842359,0.4858252545285322,0.6135093565605432,0.6210429898408892,0.44721780341811884,0.6464970518610228,0.5377769903770746,0.5376257289066828,0.5788736386116669,0.5491624749847407,0.5629452990793379,0.436609857220805,0.5643779685248927,0.5419933845561874,0.6665886784228711,0.5668805637675802,0.5906126740454376,0.5106151881840468,0.6022291762193559,0.0,0.45754326857523564,0.6309852645621546,0.6753747349403331,0.6423661473149458,0.5087523863555294,0.606580930702877,0.5483977330360129,0.5630684957080687,0.5422874908919416,0.4430430465082096
ACN,0.437543754131173,0.5460024202523721,0.49236791424911014,0.5524774461981704,0.5535535557661742,0.5549403976532123,0.5938035775510072,0.3325422989543605,0.6054519715613644,0.5318458563400865,0.5246115952134993,0.6049201562591848,0.33514847882211396,0.5553887289290543,0.7053536784824948,0.5718699004767341,0.42031209966430205,0.630199671483759,0.4123215389738849,0.6077407233856896,0.6226581054821029,0.4507960595201805,0.6445227825480492,0.5102326993750025,0.5863404926174267,0.532096399964148,0.5572905318537139,0.5971936070228882,0.5243813992205628,0.5070928218188305,0.48123801635531327,0.604420775222109,0.6040317205764146,0.5260730651692611,0.6427805744938132,0.6423638974690103,0.45754326857523564,0.0,0.657345655444529,0.6335529734228151,0.6844419022715978,0.574800189930424,0.6142548809005706,0.5574915025728278,0.6420365418847732,0.5549645616766845,0.5238454127385009
NEE,0.6501104018445291,0.5863294655128858,0.645676211434183,0.6604624893105243,0.6466951878990791,0.6421859180139272,0.5850499306362175,0.6515875774604181,0.5242751102664576,0.6591196702944184,0.6892388415834391,0.6584694638385682,0.6567230557570991,0.5668497473749162,0.5372713743739995,0.692363532022443,0.6686646055111802,0.62198875208914,0.6780451545038164,0.6434610580538412,0.5743174319909622,0.6955582525680264,0.6178564661423538,0.6531707732792894,0.5424687625643352,0.6331509328852714,0.4765598136828276,0.6986495129597248,0.5748724412429912,0.6078521235563112,0.6188255101240859,0.6479962427263463,0.6903105109355842,0.6153289950604887,0.6202892388594569,0.670779409463085,0.6309852645621546,0.657345655444529,0.0,0.6415542843194826,0.6779668234504069,0.5906827347536815,0.577910007548781,0.6223308392986399,0.6209977082622635,0.5907856920105711,0.6670401158456408
LLY,0.6690265805320185,0.6517338541464908,0.6754420580288139,0.6691608357681972,0.6529615866105052,0.6503962083006586,0.5955609716689678,0.6031613732222499,0.6910016727013868,0.658413901116699,0.6561408044931087,0.6731151707549798,0.6728990955523556,0.6534389391386495,0.6557058526792517,0.6017053593110302,0.6235408947135301,0.6154252040997593,0.6744028166541904,0.6500820131925902,0.40954540987817933,0.6610489680487566,0.41803167956494014,0.6372145158851649,0.6580201368276845,0.695385004025563,0.6160313303908895,0.6880478516409134,0.7043264346248421,0.5526372930567762,0.5689510305936913,0.6662795703438289,0.6813568941447777,0.5384327046891338,0.6115095766445734,0.4781588274139727,0.6753747349403331,0.6335529734228151,0.6415542843194826,0.0,0.5485428312031423,0.6293245652761341,0.6161723828327541,0.5456456542371735,0.6780172171345583,0.7024740213870505,0.6941708074361849
BMY,0.6187255153211519,0.6058831781002104,0.6272567067144442,0.6062443094332927,0.6312498674276934,0.63490370267536,0.6149868616190955,0.6266466441947919,0.6491865566312105,0.644975746939832,0.6192054767533184,0.7002088663188567,0.671127608114754,0.7009357207061867,0.6661904049979975,0.5984586875919866,0.5977401082343884,0.7003627053166683,0.6146999965372025,0.6310577869240531,0.5422138906779254,0.6480047294021515,0.5302498714532513,0.5749592121480289,0.6344300108939475,0.6481854476268545,0.6241299110806554,0.6351624331666399,0.6594141085928961,0.6141080309143541,0.5785236722509491,0.6583914338326952,0.6878089233978282,0.5696296315460244,0.5879823371236051,0.4818784647070316,0.6423661473149458,0.6844419022715978,0.6779668234504069,0.5485428312031423,0.0,0.6368306817255526,0.6115096156429581,0.5341561410849294,0.5590073093347323,0.6701899582838862,0.6118758784876893
LIN,0.5705261424622691,0.6402973050643253,0.6583896971029909,0.6839838071250923,0.6911850320646145,0.692789653497891,0.5722391589037246,0.5829790431380326,0.5017567753727089,0.5768972689297788,0.5880033337866472,0.691063271002603,0.6050357334829819,0.5959786874227028,0.5496777040334935,0.6412228591735225,0.630913741117503,0.644816650353991,0.6508459755684175,0.5434244031503785,0.58831034355032,0.5106335971516343,0.5970683224967498,0.579039871303164,0.5526351857161418,0.5646467826541154,0.4849730638141249,0.5449485070448384,0.5053333125688223,0.5859118004238615,0.6132785889153678,0.6747627064455392,0.5855694130770798,0.5940091317551158,0.5905002284164659,0.5896084993230236,0.5087523863555294,0.574800189930424,0.5906827347536815,0.6293245652761341,0.6368306817255526,0.0,0.6191423025369275,0.5653275529040938,0.5940192704134962,0.5846503674144726,0.5130983996254458
MDT,0.6047139280595295,0.6911330850011759,0.6859064497696715,0.6923671047009574,0.7030765516136117,0.7006984851979485,0.5615831802430817,0.6250606966478687,0.5757538728366717,0.7029327316506794,0.5558620196760281,0.6141471420775437,0.6434423909809414,0.686280715145386,0.685617115113928,0.6643607151012911,0.6240739809690902,0.6676080718004546,0.6465976960638733,0.7049416233184129,0.5085760498647045,0.66482121712801,0.5101148276810988,0.675649056356625,0.6151478492702926,0.6700072491654083,0.5276540889238845,0.7012744006414404,0.5713057419334743,0.4311358283539362,0.5782184551213844,0.6652860017759212,0.6985678670442427,0.44497817145083923,0.6569638301731238,0.511457223941096,0.606580930702877,0.6142548809005706,0.577910007548781,0.6161723828327541,0.6115096156429581,0.6191423025369275,0.0,0.44053879670939156,0.6317859669406037,0.5989508480857723,0.6441154101423554
DHR,0.5148895762437977,0.6198424909902304,0.6050138653842655,0.6318528764126513,0.6522909441780611,0.6543900649075745,0.562919754041356,0.5480159803384048,0.5773264175016468,0.7041506367433078,0.5869190644391867,0.6036906692984073,0.5653583436641151,0.613879214112725,0.6704802256719186,0.6052784790327664,0.5320588218865808,0.6867706265301088,0.5721205701789308,0.6668329405975603,0.4678711090020727,0.5945200790787435,0.45417010812435915,0.6508401083298474,0.6113492003923158,0.6238719854398578,0.5440178348374312,0.6699247626494189,0.5712466535021612,0.32839603377985044,0.47605300173896686,0.6285816582095449,0.6890024038102239,0.3310233393425388,0.533678610705097,0.5000135751466597,0.5483977330360129,0.5574915025728278,0.6223308392986399,0.5456456542371735,0.5341561410849294,0.5653275529040938,0.44053879670939156,0.0,0.6550851729341308,0.5681430972628794,0.6034650378747811
PM,0.6882559142632361,0.6975382366989465,0.701031921024088,0.6788011204418918,0.7000313960019174,0.7054847648266822,0.6341082381694757,0.6614516192480647,0.5540134721775285,0.667092897830307,0.6478889386621929,0.64988173364739,0.6828611405905349,0.689504550413034,0.5200239812709503,0.659547350724999,0.6947020752120161,0.7025994569047689,0.7035112401500501,0.5241196371587661,0.6306902153183768,0.6261623368475085,0.6596203284326451,0.5986233617796852,0.5916047095172187,0.6883513288548849,0.5971919774096407,0.5770027973190915,0.6380864744871783,0.6655747771643228,0.6850085891302187,0.6906557369546961,0.6211683531319679,0.6756885514318114,0.6151126219671725,0.5553665158683655,0.5630684957080687,0.6420365418847732,0.6209977082622635,0.6780172171345583,0.5590073093347323,0.5940192704134962,0.6317859669406037,0.6550851729341308,0.0,0.6729889367941666,0.602192574611707
