,MSFT,AAPL,AMZN,FB,GOOGL,GOOG,JNJ,V,PG,JPM,HD,UNH,MA,NVDA,VZ,NFLX,ADBE,INTC,PYPL,T,PFE,CSCO,MRK,CMCSA,PEP,BAC,KO,XOM,WMT,ABT,CRM,ABBV,CVX,TMO,MCD,AMGN,COST,ACN,NEE,LLY,BMY,LIN,MDT,DHR,PM,TXN,NKE
MSFT,0.0,0.3236234654007684,0.2893742109940906,0.41280071252811323,0.255194470501305,0.26649522388691443,0.5181367398922885,0.25483552914170576,0.5138657901011924,0.39916233720234895,0.38749750939848476,0.3363358430987944,0.2750684901804454,0.4972787140186176,0.5951287697447197,0.3601650833516347,0.21966234971494702,0.43405791452472636,0.24064753045121495,0.5280691320519736,0.4767885198079492,0.25333553824656685,0.4001427879907698,0.4951392194766826,0.5287704121727509,0.43067092119695655,0.5427648221573987,0.4149654024268532,0.4693192359468967,0.3374266895639994,0.2708375446049398,0.5290700481080435,0.4059223453761172,0.2957474246774485,0.49013015882461664,0.39661035458117144,0.420247433216992,0.33035226725625483,0.5787102292609175,0.4974370264178393,0.4970696391060632,0.48105733228849445,0.4304039142530129,0.3351527359026344,0.5953204355297195,0.44024877073524343,0.4515028831005521
AAPL,0.3236234654007684,0.0,0.3561368596553644,0.43041153108237856,0.3385655719513997,0.34340803696207606,0.5480806170069025,0.31922104735414447,0.6022361427362165,0.40013800470460914,0.40503480371308015,0.3845443293451051,0.3152363511737574,0.5156192646640149,0.6901245150925581,0.42293387382980424,0.3315710829059016,0.43551123428913385,0.30075155549141447,0.5525015466848197,0.5040316883076286,0.34657164260345935,0.45225665928578745,0.5327695266007324,0.5888928850219389,0.4233483331134362,0.616051407229807,0.44060928957634793,0.5220388129810547,0.36752107814922325,0.34575615808011045,0.5786226033102774,0.49554904999260385,0.3743124187708891,0.5881134707128385,0.4625039844047858,0.47858264514092386,0.33998225015105393,0.6341855874486199,0.5509200516957431,0.43434262813980695,0.4486066132482394,0.46377599499558325,0.4013392145767058,0.5840316781922412,0.4025091549936787,0.487402163186507
AMZN,0.2893742109940906,0.3561368596553644,0.0,0.35576869533880734,0.24928207327641091,0.2511270691191535,0.5619053825400603,0.23051325709073672,0.5873047787232558,0.42505298730219887,0.3581221030592712,0.3855687888187615,0.23614863833834127,0.431927823126179,0.6750958112200817,0.30674159528602046,0.2697625016560571,0.48064279014838496,0.25046320551940365,0.5139345886021797,0.5343024347878931,0.34075364525132623,0.5327489578992214,0.5370520758443129,0.6114350960960456,0.4488262230369794,0.6353951060452666,0.4339173641849793,0.4984514672591693,0.41383066913366406,0.26470112653855304,0.5671156098069378,0.4704065770699809,0.3941726712965689,0.5839242563659938,0.46391437266386504,0.45813749281316746,0.3915150118028239,0.6368901675017318,0.586998974322449,0.5372203253130775,0.5535570401731057,0.49033398631904607,0.41935179770265424,0.6186350009955223,0.42577835483196236,0.46932674929574186
FB,0.41280071252811323,0.43041153108237856,0.35576869533880734,0.0,0.32689655158303355,0.34034583688103326,0.612571007164588,0.3683680269396936,0.6133718352425559,0.4915143712936304,0.44492299471461433,0.5357395383276734,0.3688383075086808,0.42519035711594255,0.670674596868799,0.4329329170245461,0.38763990278722943,0.49246427798763254,0.3299433246645433,0.5592529813756304,0.6170163292571135,0.45445250149917976,0.5651613585286454,0.5550691025445406,0.6296671638349025,0.5169499890145364,0.6293522910989438,0.49488424454970054,0.5729316420015585,0.4975813111640399,0.4003379195864073,0.6442970245505151,0.5190610451957425,0.47184325338311267,0.6225117005042932,0.5189691746784388,0.5434851461963187,0.473472785811926,0.6890682095154539,0.6794034259558663,0.5696677923321283,0.5616928878268564,0.5246744712230498,0.5048047366892339,0.6431973742536069,0.4385734397496437,0.5342290583340741
GOOGL,0.255194470501305,0.3385655719513997,0.24928207327641091,0.32689655158303355,0.0,0.0500934494743438,0.5707125398072499,0.25369584544355556,0.5790881817248795,0.4273758768101498,0.4123015178969373,0.41356620450388787,0.2633300059668023,0.4438008568388288,0.6715204446361571,0.3520025413893209,0.2486222805969781,0.4620141058603733,0.24879331187634343,0.539283764105259,0.5467920215094655,0.3406560048904448,0.47941100819060406,0.5082487935820035,0.5967894335490027,0.4524178641016987,0.6045397641182506,0.4520035135611373,0.5356840123046339,0.3983763658401974,0.26191388438073626,0.5648349294886466,0.46794276014315034,0.37141717617325337,0.5790988317882199,0.4169588818807181,0.48350014839791866,0.3967058802077898,0.6478010589678925,0.5782552626672831,0.5017776222979352,0.5239788987435463,0.4545818200407301,0.39587550274407063,0.6306654432302203,0.4177503760933661,0.4875366842039822
GOOG,0.26649522388691443,0.34340803696207606,0.2511270691191535,0.34034583688103326,0.0500934494743438,0.0,0.5799575308525209,0.25728554170960766,0.5894264253529476,0.429593456206864,0.4190892366722913,0.41127691379754244,0.262268525555903,0.44553347450779335,0.6791005016741837,0.3611832754408286,0.25795687099519915,0.47278253260804204,0.2566752082585297,0.5430684928439362,0.5548150387384126,0.3406186458803214,0.49070155956956507,0.5080351265587937,0.6117209245943415,0.4521355249697877,0.6174413142375033,0.44864281963317915,0.540036018460692,0.4028196582925484,0.26750443084588876,0.5715309278937717,0.4650615684228501,0.3745585394028155,0.5820353314264081,0.43049284466668375,0.48591720172940495,0.40657463280740713,0.6571925728610178,0.580677129366305,0.511876726499692,0.5255137169335047,0.45568945128871774,0.4045811020490472,0.6226920832604157,0.42339538924423004,0.4904848687393452
JNJ,0.5181367398922885,0.5480806170069025,0.5619053825400603,0.612571007164588,0.5707125398072499,0.5799575308525209,0.0,0.5756915798711195,0.5246698901251102,0.5496134405407106,0.5332017724257669,0.49050510108456047,0.591918451829488,0.6667487906193219,0.5716591816319562,0.559856109318275,0.50804645928254,0.5568782188190177,0.5809286193166379,0.6174518163279098,0.48309157733359465,0.4799727273719684,0.4326814383124938,0.5860419575753831,0.38872246868755406,0.619671034387491,0.46549051370935773,0.525741173910355,0.5490956838438138,0.512904445963476,0.5559028985066126,0.5366861918877883,0.5529542178474237,0.48852409943229463,0.5060549312146777,0.4904140526418605,0.3477730186830961,0.475701115054943,0.5244424862197172,0.482731956306828,0.547500408888132,0.5933290907340223,0.5387064913120521,0.4881448484920136,0.5635165927240201,0.5603734718592571,0.5423325393995246
V,0.25483552914170576,0.31922104735414447,0.23051325709073672,0.3683680269396936,0.25369584544355556,0.25728554170960766,0.5756915798711195,0.0,0.5712769408466974,0.3911789335636102,0.31967625656613946,0.3990599585729168,0.15438442951470518,0.42629245975585794,0.6709970064928836,0.3484291793048806,0.24987322216728042,0.42889479463511565,0.17140127932313437,0.5227806501524436,0.5006788725823577,0.3065898896191458,0.48754218065696886,0.5390406015771527,0.5984939571541157,0.40506886703621475,0.6034332160328811,0.42238377769646646,0.49359894308867597,0.34598683250322804,0.2413875650414624,0.5407284430905113,0.43384310257119374,0.3381978471707009,0.5639972628743585,0.4221662480860476,0.45875591363813406,0.36041754695652045,0.6219187701527721,0.567999039819486,0.4790290029091275,0.5086000455613235,0.4625018502409519,0.37107936750454074,0.628756639434247,0.3844420666907575,0.4592365435932168
PG,0.5138657901011924,0.6022361427362165,0.5873047787232558,0.6133718352425559,0.5790881817248795,0.5894264253529476,0.5246698901251102,0.5712769408466974,0.0,0.5570671948343707,0.5236338582061557,0.5332852586071308,0.6092604142515352,0.6287706269454473,0.46446909382585194,0.5840813036742623,0.5645487671924863,0.542077044672814,0.5631512541932054,0.5368592262507792,0.4970006293644109,0.4901258312718717,0.4835922170865029,0.5064029218082553,0.420619849291482,0.61614225787857,0.33380827577664496,0.5372617426072441,0.5028148823291322,0.5711483817320927,0.5568911599941432,0.5256314542924686,0.5644673796260528,0.5348188629183668,0.4571010799394901,0.533098141909468,0.5353703298815408,0.524273265310574,0.42769404765933144,0.5055357448892579,0.5779179597695835,0.6562762449244423,0.5391015845006027,0.5288453602009198,0.5793094428285205,0.5710177252784353,0.5304828872807521
JPM,0.39916233720234895,0.40013800470460914,0.42505298730219887,0.4915143712936304,0.4273758768101498,0.429593456206864,0.5496134405407106,0.3911789335636102,0.5570671948343707,0.0,0.3932674802646556,0.4240642443431964,0.39570189066843586,0.5387934387950885,0.6221891505491779,0.47208710560303635,0.46947670458075114,0.44873164582938796,0.40633688540500257,0.4340133729653113,0.4903770404578975,0.3496510390968463,0.4313908092388717,0.4539476199585067,0.5237043566760985,0.27761326436921213,0.5259907556012209,0.3645750682873404,0.48766060350400714,0.4492617206007136,0.45131388531220257,0.5676284869672101,0.42569681357050104,0.4444416468103341,0.5532269786601718,0.4538225777640013,0.4781756761901543,0.37661446301893814,0.5837950251805819,0.5268590231638414,0.5518372524781155,0.47911613674972214,0.5382450411733017,0.44728535999876196,0.5238688082126663,0.47370633759827285,0.5014311360367928
HD,0.38749750939848476,0.40503480371308015,0.3581221030592712,0.44492299471461433,0.4123015178969373,0.4190892366722913,0.5332017724257669,0.31967625656613946,0.5236338582061557,0.3932674802646556,0.0,0.39683314767968964,0.3564383198978845,0.49594426060784075,0.5923384078030935,0.432253131340613,0.3956719188446472,0.4418522398953654,0.3448829405733258,0.43644715328598616,0.48140387526498746,0.38749853856858174,0.4872369302385821,0.48201007685657093,0.52789367386075,0.4331654439706519,0.5280910698404332,0.4264981513154051,0.4032346980105238,0.3824993348016335,0.3550858519387196,0.516985766917395,0.442980403946429,0.38088823695494173,0.5152230705638419,0.46001838994275773,0.3913549069959385,0.38431750921855373,0.6086217047514291,0.5629704318073363,0.5360190696347179,0.5531995424107469,0.497588200337009,0.38600434973684844,0.5785167271667111,0.4146519753638849,0.43299801535946714
UNH,0.3363358430987944,0.3845443293451051,0.3855687888187615,0.5357395383276734,0.41356620450388787,0.41127691379754244,0.49050510108456047,0.3990599585729168,0.5332852586071308,0.4240642443431964,0.39683314767968964,0.0,0.3884414112592708,0.5923035669549223,0.6011987244568737,0.4492487174478233,0.3592657916953466,0.5159528492867965,0.41387729160567827,0.5088865152213427,0.4484982468006703,0.3495377212886884,0.40737879218077755,0.5106921624568052,0.5046190401047156,0.4524754080734035,0.5243229939524274,0.42141863399807616,0.43973544752375576,0.347253053390065,0.3647583508446553,0.5146876099733856,0.4514487902953887,0.34164309157732337,0.4678072623846766,0.44238002410662025,0.40407018394009114,0.3362988683724114,0.5487666125507171,0.48947708263785045,0.530838120851773,0.5129637069349834,0.4251723731113022,0.3492813299501144,0.508167451573136,0.5166106090272238,0.4651730696729942
MA,0.2750684901804454,0.3152363511737574,0.23614863833834127,0.3688383075086808,0.2633300059668023,0.262268525555903,0.591918451829488,0.15438442951470518,0.6092604142515352,0.39570189066843586,0.3564383198978845,0.3884414112592708,0.0,0.44393945129139595,0.6977495579376778,0.3820825444368116,0.2729159359737017,0.4592933622062063,0.17960138425410782,0.531065074150895,0.5332580757360073,0.33008617582967476,0.5091938221922782,0.5475867646767768,0.6223673880154053,0.41381105509327,0.631411188264357,0.43806034192602167,0.5349061360321603,0.38285317178819217,0.2590093759447861,0.5710060275965988,0.4506997803810491,0.3708803927407556,0.592504458357281,0.45019910281253767,0.4881626768822171,0.36395921173057566,0.6461175142070736,0.5914250169316213,0.5083505793159269,0.5049688496642187,0.46392712647996115,0.40934999044534687,0.6115423829135848,0.4224161366733908,0.48272024819579523
NVDA,0.4972787140186176,0.5156192646640149,0.431927823126179,0.42519035711594255,0.4438008568388288,0.44553347450779335,0.6667487906193219,0.42629245975585794,0.6287706269454473,0.5387934387950885,0.49594426060784075,0.5923035669549223,0.44393945129139595,0.0,0.698642970274095,0.4762637523219025,0.47020896210255125,0.4912951535682712,0.42001386786506784,0.6075649345210056,0.639211025111357,0.4954937044739369,0.6595946923123622,0.5957631582215477,0.686545329834664,0.5378993742919994,0.6721391653770182,0.5806217558832304,0.5575598622981249,0.5265005376758197,0.45608115606960425,0.6186968309604014,0.5908691465963094,0.5023474679221979,0.6402490034227056,0.5505399352837284,0.6024649633767951,0.5582258724083787,0.6893213132209324,0.6930018235507077,0.5786838809436318,0.6550837531788765,0.5854107429663408,0.5576392629806556,0.6970775069773543,0.41151068739701185,0.5611135002189052
VZ,0.5951287697447197,0.6901245150925581,0.6750958112200817,0.670674596868799,0.6715204446361571,0.6791005016741837,0.5716591816319562,0.6709970064928836,0.46446909382585194,0.6221891505491779,0.5923384078030935,0.6011987244568737,0.6977495579376778,0.698642970274095,0.0,0.6707245041583636,0.6543207999825438,0.6071404065857051,0.646182354776189,0.5238454128281749,0.5814808168198469,0.5969452318607256,0.5441343858642116,0.5760352558766849,0.4602537050685243,0.668446376807769,0.39430402661249286,0.5995306343625177,0.5440414092212152,0.6202343012243934,0.6491734323078675,0.5466019467599766,0.5926343320792847,0.5886925934091862,0.432003606078881,0.5448597792424184,0.5767512846917004,0.5963524738222998,0.49161972051712716,0.5515365811549608,0.6842896988804409,0.7013657126140469,0.6416096929757364,0.5644571870845149,0.6365989848101812,0.6650357724917277,0.6130417584934462
NFLX,0.3601650833516347,0.42293387382980424,0.30674159528602046,0.4329329170245461,0.3520025413893209,0.3611832754408286,0.559856109318275,0.3484291793048806,0.5840813036742623,0.47208710560303635,0.432253131340613,0.4492487174478233,0.3820825444368116,0.4762637523219025,0.6707245041583636,0.0,0.3410025293951808,0.4966701189153471,0.34984854840986834,0.536974135475179,0.5129721005462645,0.39404555819992115,0.5105482496346534,0.5580738848423897,0.6046807453127234,0.4826524581193531,0.6207784138759218,0.5009620635177067,0.5341579118561691,0.42966216676516705,0.33010730524358195,0.5865505618696852,0.5226109257168554,0.4181748358498176,0.5714875807377229,0.44149790423976687,0.4757775503121242,0.4390785341538703,0.6349834177964002,0.5487193901416597,0.5471508138432538,0.5708565971492535,0.5182859472510651,0.431927780211667,0.6213982762255253,0.4445036127330681,0.5045308507930103
ADBE,0.21966234971494702,0.3315710829059016,0.2697625016560571,0.38763990278722943,0.2486222805969781,0.25795687099519915,0.50804645928254,0.24987322216728042,0.5645487671924863,0.46947670458075114,0.3956719188446472,0.3592657916953466,0.2729159359737017,0.47020896210255125,0.6543207999825438,0.3410025293951808,0.0,0.46936213133494736,0.24099288404402394,0.5742047597701989,0.5095027782913802,0.31855028209748243,0.45175830088149005,0.5301827815377713,0.5538647420649627,0.4886146861567156,0.6040219366158206,0.4835491735064742,0.4828603559169245,0.3713807431133954,0.18543651094858768,0.5373773880598386,0.4893802513957776,0.3150492015827415,0.5288716166768881,0.3987600723696175,0.39728410835823574,0.3759639468793772,0.614118595219048,0.536647550061159,0.5000065323292442,0.5184652867061609,0.4243950447966326,0.3561718961881235,0.6148075447826689,0.4375139272748118,0.47624424811974325
INTC,0.43405791452472636,0.43551123428913385,0.48064279014838496,0.49246427798763254,0.4620141058603733,0.47278253260804204,0.5568782188190177,0.42889479463511565,0.542077044672814,0.44873164582938796,0.4418522398953654,0.5159528492867965,0.4592933622062063,0.4912951535682712,0.6071404065857051,0.4966701189153471,0.46936213133494736,0.0,0.43102693352928323,0.5637465962001285,0.5226455113581207,0.42237365691188894,0.4631644899628734,0.5409959951917631,0.5495248333857453,0.5025358197574675,0.5408555724758644,0.49357468648124503,0.487981244118253,0.4174452502416187,0.4703686648492396,0.449807640128423,0.47814998050182356,0.4055868489677144,0.5014760139054864,0.4417271628154454,0.5084389932610055,0.461390019417038,0.5404656724812699,0.5709465142886004,0.4518416876955833,0.5488972901328055,0.499652179818537,0.4537929015370869,0.6233817352090191,0.32919387151289564,0.4735325312150282
PYPL,0.24064753045121495,0.30075155549141447,0.25046320551940365,0.3299433246645433,0.24879331187634343,0.2566752082585297,0.5809286193166379,0.17140127932313437,0.5631512541932054,0.40633688540500257,0.3448829405733258,0.41387729160567827,0.17960138425410782,0.42001386786506784,0.646182354776189,0.34984854840986834,0.24099288404402394,0.43102693352928323,0.0,0.5170055586169062,0.5345186844065968,0.2909800437643894,0.49583768595964994,0.5119469514482398,0.5851672335566208,0.44660709299940393,0.5975120488062317,0.4525119515384598,0.5086270602459533,0.38313394508249937,0.24184068336355258,0.5689079417220833,0.45650923991868525,0.3657886770380224,0.563792158425289,0.432592728281988,0.46518112857309113,0.3595626083762361,0.6324429442989621,0.5898126328965072,0.5126630494753275,0.5155233464034249,0.46598821395878615,0.40628893747299305,0.6195316223386336,0.3926672681309844,0.49712001244025217
T,0.5280691320519736,0.5525015466848197,0.5139345886021797,0.5592529813756304,0.539283764105259,0.5430684928439362,0.6174518163279098,0.5227806501524436,0.5368592262507792,0.4340133729653113,0.43644715328598616,0.5088865152213427,0.531065074150895,0.6075649345210056,0.5238454128281749,0.536974135475179,0.5742047597701989,0.5637465962001285,0.5170055586169062,0.0,0.5561260468166299,0.5021838994168988,0.5202284897886615,0.4422352031106336,0.5376700266583347,0.5149032851544579,0.48665932685499697,0.4189314341544089,0.46621631108093853,0.5825062383816316,0.5419851307462087,0.5957473704662334,0.4976078137340854,0.5179027260927533,0.5101294235939655,0.5748368540422188,0.5038834467475313,0.48398200256214885,0.5897082236395732,0.6034670261913976,0.6334159038388377,0.5411933645489839,0.6322394797463594,0.534416140662703,0.5580308655213854,0.5907705014188753,0.49944803373767377
PFE,0.4767885198079492,0.5040316883076286,0.5343024347878931,0.6170163292571135,0.5467920215094655,0.5548150387384126,0.48309157733359465,0.5006788725823577,0.4970006293644109,0.4903770404578975,0.48140387526498746,0.4484982468006703,0.5332580757360073,0.639211025111357,0.5814808168198469,0.5129721005462645,0.5095027782913802,0.5226455113581207,0.5345186844065968,0.5561260468166299,0.0,0.44027710219088584,0.3291071456519636,0.5260447531178625,0.4418255875966765,0.5558899188975788,0.4704107119333383,0.4814713191546338,0.5249006860646388,0.40836984673182686,0.5067190912002065,0.4101647657440607,0.5251887417769995,0.4768878759257723,0.531791365870043,0.3775925691906193,0.48488623617982884,0.4982144288954627,0.4937787612867542,0.3373615723794312,0.49695714820994397,0.5345098647585821,0.5253640314841586,0.44033667380966657,0.5460580611953816,0.5753207660559151,0.5223627464701431
CSCO,0.25333553824656685,0.34657164260345935,0.34075364525132623,0.45445250149917976,0.3406560048904448,0.3406186458803214,0.4799727273719684,0.3065898896191458,0.4901258312718717,0.3496510390968463,0.38749853856858174,0.3495377212886884,0.33008617582967476,0.4954937044739369,0.5969452318607256,0.39404555819992115,0.31855028209748243,0.42237365691188894,0.2909800437643894,0.5021838994168988,0.44027710219088584,0.0,0.3775008916996354,0.47574239401805857,0.49011929180965735,0.429408493884443,0.504443351375552,0.3962765696871588,0.4838409601385475,0.34643422135277757,0.32863820315585396,0.5135356951328083,0.41911781385653385,0.34347500912049445,0.4821518367928347,0.3958976721804024,0.3950975493177394,0.36949971625196254,0.5351855086955901,0.4860188665328986,0.49092955139709477,0.47933574831811765,0.4503726634619055,0.3701167750182475,0.5530621365563639,0.40354471349967763,0.43975391126065455
MRK,0.4001427879907698,0.45225665928578745,0.5327489578992214,0.5651613585286454,0.47941100819060406,0.49070155956956507,0.4326814383124938,0.48754218065696886,0.4835922170865029,0.4313908092388717,0.4872369302385821,0.40737879218077755,0.5091938221922782,0.6595946923123622,0.5441343858642116,0.5105482496346534,0.45175830088149005,0.4631644899628734,0.49583768595964994,0.5202284897886615,0.3291071456519636,0.3775008916996354,0.0,0.4901221513388496,0.39075601478229205,0.5066464810948434,0.4175617250531173,0.45667657209545,0.5003354060120754,0.4153375659002658,0.46503842682562974,0.43845011227783975,0.49854398428046515,0.4072939348870357,0.4557836353716129,0.3668903583652901,0.41818088489886013,0.43030272765566485,0.4835769709542776,0.37227822848886716,0.4999994062045551,0.496075730359111,0.46994918786861867,0.4050860516031772,0.5138573848766418,0.5565347110562648,0.5019462166568935
CMCSA,0.4951392194766826,0.5327695266007324,0.5370520758443129,0.5550691025445406,0.5082487935820035,0.5080351265587937,0.5860419575753831,0.5390406015771527,0.5064029218082553,0.4539476199585067,0.48201007685657093,0.5106921624568052,0.5475867646767768,0.5957631582215477,0.5760352558766849,0.5580738848423897,0.5301827815377713,0.5409959951917631,0.5119469514482398,0.4422352031106336,0.5260447531178625,0.47574239401805857,0.4901221513388496,0.0,0.5417498782404978,0.5352260212133252,0.5262186651769267,0.4654912939021322,0.4791122617515957,0.5609479110837687,0.5272844625536098,0.5862963608796894,0.5038009711476699,0.5050916484922969,0.5326452934345485,0.5435010971789621,0.4795893941977483,0.5275680176605806,0.6016982667239733,0.560326717156282,0.648888550692584,0.5969279236114322,0.55198095623921,0.5314722359524018,0.5224509998034716,0.6103469513977949,0.5620509091899655
PEP,0.5287704121727509,0.5888928850219389,0.6114350960960456,0.6296671638349025,0.5967894335490027,0.6117209245943415,0.38872246868755406,0.5984939571541157,0.420619849291482,0.5237043566760985,0.52789367386075,0.5046190401047156,0.6223673880154053,0.686545329834664,0.4602537050685243,0.6046807453127234,0.5538647420649627,0.5495248333857453,0.5851672335566208,0.5376700266583347,0.4418255875966765,0.49011929180965735,0.39075601478229205,0.5417498782404978,0.0,0.5918899409730252,0.3129824773365714,0.5468218324267367,0.5108745280758272,0.5092477179713016,0.5762826289845449,0.4374832172252501,0.5515600856639986,0.5358094249216215,0.4333650031608418,0.44457882203704563,0.41268882086219283,0.5000707634275847,0.40920378924783046,0.4677217559861586,0.557002806276943,0.5873577186084874,0.5524378130525917,0.4997780580180579,0.5219079894845048,0.601800348154873,0.5679018457588617
BAC,0.43067092119695655,0.4233483331134362,0.4488262230369794,0.5169499890145364,0.4524178641016987,0.4521355249697877,0.619671034387491,0.40506886703621475,0.61614225787857,0.27761326436921213,0.4331654439706519,0.4524754080734035,0.41381105509327,0.5378993742919994,0.668446376807769,0.4826524581193531,0.4886146861567156,0.5025358197574675,0.44660709299940393,0.5149032851544579,0.5558899188975788,0.429408493884443,0.5066464810948434,0.5352260212133252,0.5918899409730252,0.0,0.6111780884215481,0.4419494446696629,0.5199855395096122,0.46960627595116367,0.47539003003745267,0.5890715312838394,0.4858653554431334,0.47780587121441,0.6169855608445617,0.4994613121840746,0.5398372505744881,0.44066569209491335,0.6405525356646131,0.5758190079031994,0.5911818806394075,0.5322316719373807,0.5176936497559484,0.4637586246212889,0.5581058518514564,0.4877277140811592,0.5283204964235728
KO,0.5427648221573987,0.616051407229807,0.6353951060452666,0.6293522910989438,0.6045397641182506,0.6174413142375033,0.46549051370935773,0.6034332160328811,0.33380827577664496,0.5259907556012209,0.5280910698404332,0.5243229939524274,0.631411188264357,0.6721391653770182,0.39430402661249286,0.6207784138759218,0.6040219366158206,0.5408555724758644,0.5975120488062317,0.48665932685499697,0.4704107119333383,0.504443351375552,0.4175617250531173,0.5262186651769267,0.3129824773365714,0.6111780884215481,0.0,0.5213191490697471,0.5029270515798903,0.5401086028473473,0.5968915326057155,0.4974721839281325,0.5589935324397306,0.5383445317571874,0.4240793969515514,0.49784469619236676,0.49423760216207274,0.4926274814756779,0.3712770759271716,0.4959585245953231,0.5877648976062093,0.6049900262227509,0.5506942984137297,0.5087226179276461,0.5678214879667995,0.6107279818551388,0.5257991530120816
XOM,0.4149654024268532,0.44060928957634793,0.4339173641849793,0.49488424454970054,0.4520035135611373,0.44864281963317915,0.525741173910355,0.42238377769646646,0.5372617426072441,0.3645750682873404,0.4264981513154051,0.42141863399807616,0.43806034192602167,0.5806217558832304,0.5995306343625177,0.5009620635177067,0.4835491735064742,0.49357468648124503,0.4525119515384598,0.4189314341544089,0.4814713191546338,0.3962765696871588,0.45667657209545,0.4654912939021322,0.5468218324267367,0.4419494446696629,0.5213191490697471,0.0,0.4695927162955187,0.4543867523937763,0.4796496319356892,0.5805273294388333,0.2686843984726348,0.4273438095031136,0.4828257016836258,0.5198910891544913,0.4639410422604942,0.37618339033620674,0.608348433516748,0.5442947495163336,0.5658712037918364,0.48167435820856835,0.5326037848801429,0.42546735603834585,0.5043541119420255,0.5150115111983035,0.43547526215927773
WMT,0.4693192359468967,0.5220388129810547,0.4984514672591693,0.5729316420015585,0.5356840123046339,0.540036018460692,0.5490956838438138,0.49359894308867597,0.5028148823291322,0.48766060350400714,0.4032346980105238,0.43973544752375576,0.5349061360321603,0.5575598622981249,0.5440414092212152,0.5341579118561691,0.4828603559169245,0.487981244118253,0.5086270602459533,0.46621631108093853,0.5249006860646388,0.4838409601385475,0.5003354060120754,0.4791122617515957,0.5108745280758272,0.5199855395096122,0.5029270515798903,0.4695927162955187,0.0,0.4751614309248142,0.5028514127553229,0.515710042717788,0.46446920400591246,0.4455381218494649,0.4346653552771963,0.5395973263579007,0.4179291314470831,0.46851057663771445,0.5663287754189535,0.5438364042364007,0.5913334000757627,0.5619561676103605,0.5509057485764921,0.46518191646918755,0.568548143953504,0.5478784195194324,0.4306332618890154
ABT,0.3374266895639994,0.36752107814922325,0.41383066913366406,0.4975813111640399,0.3983763658401974,0.4028196582925484,0.512904445963476,0.34598683250322804,0.5711483817320927,0.4492617206007136,0.3824993348016335,0.347253053390065,0.38285317178819217,0.5265005376758197,0.6202343012243934,0.42966216676516705,0.3713807431133954,0.4174452502416187,0.38313394508249937,0.5825062383816316,0.40836984673182686,0.34643422135277757,0.4153375659002658,0.5609479110837687,0.5092477179713016,0.46960627595116367,0.5401086028473473,0.4543867523937763,0.4751614309248142,0.0,0.3757622252273132,0.45348050304678905,0.42848976985728116,0.3316169735314332,0.4890285058424514,0.38094432089147084,0.437368848290314,0.39391540824379595,0.5530822758602169,0.5062254089035367,0.4609757950205047,0.4956040575828885,0.4216018485701504,0.32464641952301393,0.6088902906694041,0.38600349854627486,0.4508140128810434
CRM,0.2708375446049398,0.34575615808011045,0.26470112653855304,0.4003379195864073,0.26191388438073626,0.26750443084588876,0.5559028985066126,0.2413875650414624,0.5568911599941432,0.45131388531220257,0.3550858519387196,0.3647583508446553,0.2590093759447861,0.45608115606960425,0.6491734323078675,0.33010730524358195,0.18543651094858768,0.4703686648492396,0.24184068336355258,0.5419851307462087,0.5067190912002065,0.32863820315585396,0.46503842682562974,0.5272844625536098,0.5762826289845449,0.47539003003745267,0.5968915326057155,0.4796496319356892,0.5028514127553229,0.3757622252273132,0.0,0.5423258831240675,0.49635810700905186,0.3347791033580652,0.5362399458851064,0.4177325727866056,0.45572349571898063,0.39294137837803567,0.6336526076163361,0.5516816988954317,0.500571466098838,0.5334769838781888,0.45053524553165486,0.34759614226935753,0.6146240046915354,0.43656967400048674,0.457914269467661
ABBV,0.5290700481080435,0.5786226033102774,0.5671156098069378,0.6442970245505151,0.5648349294886466,0.5715309278937717,0.5366861918877883,0.5407284430905113,0.5256314542924686,0.5676284869672101,0.516985766917395,0.5146876099733856,0.5710060275965988,0.6186968309604014,0.5466019467599766,0.5865505618696852,0.5373773880598386,0.449807640128423,0.5689079417220833,0.5957473704662334,0.4101647657440607,0.5135356951328083,0.43845011227783975,0.5862963608796894,0.4374832172252501,0.5890715312838394,0.4974721839281325,0.5805273294388333,0.515710042717788,0.45348050304678905,0.5423258831240675,0.0,0.5552555915148387,0.500306510495942,0.5161653754000114,0.395113178216938,0.5205737667161359,0.5550990604515643,0.4615621640909806,0.47334239519905824,0.5090827013965257,0.5913413304431441,0.5340273721562825,0.48506532833306504,0.6068028131067923,0.5493395833871142,0.5585214575256212
CVX,0.4059223453761172,0.49554904999260385,0.4704065770699809,0.5190610451957425,0.46794276014315034,0.4650615684228501,0.5529542178474237,0.43384310257119374,0.5644673796260528,0.42569681357050104,0.442980403946429,0.4514487902953887,0.4506997803810491,0.5908691465963094,0.5926343320792847,0.5226109257168554,0.4893802513957776,0.47814998050182356,0.45650923991868525,0.4976078137340854,0.5251887417769995,0.41911781385653385,0.49854398428046515,0.5038009711476699,0.5515600856639986,0.4858653554431334,0.5589935324397306,0.2686843984726348,0.46446920400591246,0.42848976985728116,0.49635810700905186,0.5552555915148387,0.0,0.4317932890091334,0.45259254550061057,0.5195656628558848,0.48564269937096466,0.42287575706484687,0.6173971976191129,0.5547702145897118,0.555451049964136,0.47250044740133984,0.5553613186159077,0.42252098752333356,0.5685726896808991,0.5100708230113485,0.46591687303356394
TMO,0.2957474246774485,0.3743124187708891,0.3941726712965689,0.47184325338311267,0.37141717617325337,0.3745585394028155,0.48852409943229463,0.3381978471707009,0.5348188629183668,0.4444416468103341,0.38088823695494173,0.34164309157732337,0.3708803927407556,0.5023474679221979,0.5886925934091862,0.4181748358498176,0.3150492015827415,0.4055868489677144,0.3657886770380224,0.5179027260927533,0.4768878759257723,0.34347500912049445,0.4072939348870357,0.5050916484922969,0.5358094249216215,0.47780587121441,0.5383445317571874,0.4273438095031136,0.4455381218494649,0.3316169735314332,0.3347791033580652,0.500306510495942,0.4317932890091334,0.0,0.41917162444655004,0.40479225671937485,0.4161430731135407,0.30914620692206324,0.5613036699339533,0.4962539325893406,0.4903842781419164,0.4684941276380146,0.40216573043147674,0.2592380949362427,0.5613190757478119,0.41134113777876624,0.4439441147020232
MCD,0.49013015882461664,0.5881134707128385,0.5839242563659938,0.6225117005042932,0.5790988317882199,0.5820353314264081,0.5060549312146777,0.5639972628743585,0.4571010799394901,0.5532269786601718,0.5152230705638419,0.4678072623846766,0.592504458357281,0.6402490034227056,0.432003606078881,0.5714875807377229,0.5288716166768881,0.5014760139054864,0.563792158425289,0.5101294235939655,0.531791365870043,0.4821518367928347,0.4557836353716129,0.5326452934345485,0.4333650031608418,0.6169855608445617,0.4240793969515514,0.4828257016836258,0.4346653552771963,0.4890285058424514,0.5362399458851064,0.5161653754000114,0.45259254550061057,0.41917162444655004,0.0,0.4991650808653338,0.44245522284415795,0.46896149767327333,0.4980017596487028,0.533859391387767,0.5947503350731076,0.5823372254529473,0.5483277346574107,0.4452641733210058,0.5757117819101316,0.5678000036285229,0.523670057712239
AMGN,0.39661035458117144,0.4625039844047858,0.46391437266386504,0.5189691746784388,0.4169588818807181,0.43049284466668375,0.4904140526418605,0.4221662480860476,0.533098141909468,0.4538225777640013,0.46001838994275773,0.44238002410662025,0.45019910281253767,0.5505399352837284,0.5448597792424184,0.44149790423976687,0.3987600723696175,0.4417271628154454,0.432592728281988,0.5748368540422188,0.3775925691906193,0.3958976721804024,0.3668903583652901,0.5435010971789621,0.44457882203704563,0.4994613121840746,0.49784469619236676,0.5198910891544913,0.5395973263579007,0.38094432089147084,0.4177325727866056,0.395113178216938,0.5195656628558848,0.40479225671937485,0.4991650808653338,0.0,0.4570937488320215,0.4346937548365104,0.49614326717904383,0.44506493912701967,0.5108529324822875,0.5322601784292742,0.5027932001056493,0.38966247012590366,0.5747009608627698,0.4704519614226489,0.5624463847912039
COST,0.420247433216992,0.47858264514092386,0.45813749281316746,0.5434851461963187,0.48350014839791866,0.48591720172940495,0.3477730186830961,0.45875591363813406,0.5353703298815408,0.4781756761901543,0.3913549069959385,0.40407018394009114,0.4881626768822171,0.6024649633767951,0.5767512846917004,0.4757775503121242,0.39728410835823574,0.5084389932610055,0.46518112857309113,0.5038834467475313,0.48488623617982884,0.3950975493177394,0.41818088489886013,0.4795893941977483,0.41268882086219283,0.5398372505744881,0.49423760216207274,0.4639410422604942,0.4179291314470831,0.437368848290314,0.45572349571898063,0.5205737667161359,0.48564269937096466,0.4161430731135407,0.44245522284415795,0.4570937488320215,0.0,0.4375946841799994,0.550814572797687,0.4920413206175417,0.5463766642350162,0.570185426575422,0.5105312493841309,0.4456329301319714,0.5360240360960232,0.518683311979776,0.4790970531751233
ACN,0.33035226725625483,0.33998225015105393,0.3915150118028239,0.473472785811926,0.3967058802077898,0.40657463280740713,0.475701115054943,0.36041754695652045,0.524273265310574,0.37661446301893814,0.38431750921855373,0.3362988683724114,0.36395921173057566,0.5582258724083787,0.5963524738222998,0.4390785341538703,0.3759639468793772,0.461390019417038,0.3595626083762361,0.48398200256214885,0.4982144288954627,0.36949971625196254,0.43030272765566485,0.5275680176605806,0.5000707634275847,0.44066569209491335,0.4926274814756779,0.37618339033620674,0.46851057663771445,0.39391540824379595,0.39294137837803567,0.5550990604515643,0.42287575706484687,0.30914620692206324,0.46896149767327333,0.4346937548365104,0.4375946841799994,0.0,0.5365904022833246,0.49799354177947464,0.49866007732312273,0.48453950659018813,0.45673851364410695,0.35486798849847473,0.5199629905676884,0.4679220954993784,0.5176702567392704
NEE,0.5787102292609175,0.6341855874486199,0.6368901675017318,0.6890682095154539,0.6478010589678925,0.6571925728610178,0.5244424862197172,0.6219187701527721,0.42769404765933144,0.5837950251805819,0.6086217047514291,0.5487666125507171,0.6461175142070736,0.6893213132209324,0.49161972051712716,0.6349834177964002,0.614118595219048,0.5404656724812699,0.6324429442989621,0.5897082236395732,0.4937787612867542,0.5351855086955901,0.4835769709542776,0.6016982667239733,0.40920378924783046,0.6405525356646131,0.3712770759271716,0.608348433516748,0.5663287754189535,0.5530822758602169,0.6336526076163361,0.4615621640909806,0.6173971976191129,0.5613036699339533,0.4980017596487028,0.49614326717904383,0.550814572797687,0.5365904022833246,0.0,0.47250425152563275,0.602003808337262,0.6292503357956092,0.5740164518437407,0.5783013319909928,0.6304312595867576,0.6176144541865344,0.5870125662518363
LLY,0.4974370264178393,0.5509200516957431,0.586998974322449,0.6794034259558663,0.5782552626672831,0.580677129366305,0.482731956306828,0.567999039819486,0.5055357448892579,0.5268590231638414,0.5629704318073363,0.48947708263785045,0.5914250169316213,0.6930018235507077,0.5515365811549608,0.5487193901416597,0.536647550061159,0.5709465142886004,0.5898126328965072,0.6034670261913976,0.3373615723794312,0.4860188665328986,0.37227822848886716,0.560326717156282,0.4677217559861586,0.5758190079031994,0.4959585245953231,0.5442947495163336,0.5438364042364007,0.5062254089035367,0.5516816988954317,0.47334239519905824,0.5547702145897118,0.4962539325893406,0.533859391387767,0.44506493912701967,0.4920413206175417,0.49799354177947464,0.47250425152563275,0.0,0.5101826267230207,0.6005150270187979,0.5527631551381088,0.489421263353177,0.5279508554809675,0.6323879796086247,0.5657364580121571
BMY,0.4970696391060632,0.43434262813980695,0.5372203253130775,0.5696677923321283,0.5017776222979352,0.511876726499692,0.547500408888132,0.4790290029091275,0.5779179597695835,0.5518372524781155,0.5360190696347179,0.530838120851773,0.5083505793159269,0.5786838809436318,0.6842896988804409,0.5471508138432538,0.5000065323292442,0.4518416876955833,0.5126630494753275,0.6334159038388377,0.49695714820994397,0.49092955139709477,0.4999994062045551,0.648888550692584,0.557002806276943,0.5911818806394075,0.5877648976062093,0.5658712037918364,0.5913334000757627,0.4609757950205047,0.500571466098838,0.5090827013965257,0.555451049964136,0.4903842781419164,0.5947503350731076,0.5108529324822875,0.5463766642350162,0.49866007732312273,0.602003808337262,0.5101826267230207,0.0,0.5655765441420899,0.5781596805349218,0.49848984592042295,0.6379768266791768,0.4765883312536651,0.5374005656300301
LIN,0.48105733228849445,0.4486066132482394,0.5535570401731057,0.5616928878268564,0.5239788987435463,0.5255137169335047,0.5933290907340223,0.5086000455613235,0.6562762449244423,0.47911613674972214,0.5531995424107469,0.5129637069349834,0.5049688496642187,0.6550837531788765,0.7013657126140469,0.5708565971492535,0.5184652867061609,0.5488972901328055,0.5155233464034249,0.5411933645489839,0.5345098647585821,0.47933574831811765,0.496075730359111,0.5969279236114322,0.5873577186084874,0.5322316719373807,0.6049900262227509,0.48167435820856835,0.5619561676103605,0.4956040575828885,0.5334769838781888,0.5913413304431441,0.47250044740133984,0.4684941276380146,0.5823372254529473,0.5322601784292742,0.570185426575422,0.48453950659018813,0.6292503357956092,0.6005150270187979,0.5655765441420899,0.0,0.5469491887223304,0.48270936558056093,0.6122875135792032,0.547696490740795,0.5229903491606855
MDT,0.4304039142530129,0.46377599499558325,0.49033398631904607,0.5246744712230498,0.4545818200407301,0.45568945128871774,0.5387064913120521,0.4625018502409519,0.5391015845006027,0.5382450411733017,0.497588200337009,0.4251723731113022,0.46392712647996115,0.5854107429663408,0.6416096929757364,0.5182859472510651,0.4243950447966326,0.499652179818537,0.46598821395878615,0.6322394797463594,0.5253640314841586,0.4503726634619055,0.46994918786861867,0.55198095623921,0.5524378130525917,0.5176936497559484,0.5506942984137297,0.5326037848801429,0.5509057485764921,0.4216018485701504,0.45053524553165486,0.5340273721562825,0.5553613186159077,0.40216573043147674,0.5483277346574107,0.5027932001056493,0.5105312493841309,0.45673851364410695,0.5740164518437407,0.5527631551381088,0.5781596805349218,0.5469491887223304,0.0,0.38526776770574894,0.5668844143113426,0.4705637215047758,0.5138387529548093
DHR,0.3351527359026344,0.4013392145767058,0.41935179770265424,0.5048047366892339,0.39587550274407063,0.4045811020490472,0.4881448484920136,0.37107936750454074,0.5288453602009198,0.44728535999876196,0.38600434973684844,0.3492813299501144,0.40934999044534687,0.5576392629806556,0.5644571870845149,0.431927780211667,0.3561718961881235,0.4537929015370869,0.40628893747299305,0.534416140662703,0.44033667380966657,0.3701167750182475,0.4050860516031772,0.5314722359524018,0.4997780580180579,0.4637586246212889,0.5087226179276461,0.42546735603834585,0.46518191646918755,0.32464641952301393,0.34759614226935753,0.48506532833306504,0.42252098752333356,0.2592380949362427,0.4452641733210058,0.38966247012590366,0.4456329301319714,0.35486798849847473,0.5783013319909928,0.489421263353177,0.49848984592042295,0.48270936558056093,0.38526776770574894,0.0,0.5942051372549142,0.4329577324464572,0.4144721818079751
