,MSFT,AAPL,AMZN,FB,GOOGL,GOOG,JNJ,V,PG,JPM,HD,UNH,MA,NVDA,VZ,NFLX,ADBE,INTC,PYPL,T,PFE,CSCO,MRK,CMCSA,PEP,BAC,KO,XOM,WMT,ABT,CRM,ABBV,CVX,TMO,MCD,AMGN,COST,ACN,NEE,LLY,BMY,LIN,MDT,DHR,PM,TXN,NKE
MSFT,0.0,0.32980008918448134,0.26840918296915295,0.38327445828299833,0.23764982693186015,0.25004406513228916,0.5186494276505536,0.22692854837246787,0.6056058871885349,0.3885127020005299,0.4117054148949754,0.32655026196811804,0.25909971332100257,0.47451873286646273,0.6631859140228352,0.3466046763107168,0.2306269213611193,0.3644684823723049,0.30478662965029785,0.5300326829997629,0.4097804724642587,0.24005396060782802,0.40233148975036703,0.4126993945223761,0.5844171840958309,0.4295711690942551,0.5774242622545843,0.41566565944554607,0.46417713773363345,0.32052007859128706,0.25801878804517897,0.48423683224309194,0.40556072794232223,0.28756147981736435,0.5849615644360946,0.3975187436483634,0.41552229580068073,0.30131328100727384,0.6311261530309666,0.4603550139043604,0.5149537684452052,0.456167263653304,0.43177079627671616,0.3401240415880387,0.6202888614360258,0.41397673271629315,0.44499941004221627
AAPL,0.32980008918448134,0.0,0.3491065609524665,0.4189479087222246,0.33611660732381193,0.33872932783172177,0.548655471848493,0.31057485197338797,0.6122980617133285,0.4027233287442525,0.4221983441831048,0.38638070724844786,0.3131181832264779,0.5010964461275618,0.6914440363508674,0.42698813268885427,0.34662811884637607,0.37536505243287016,0.31729738313621875,0.5576344480118932,0.45830934216384767,0.3412441546565714,0.4381010981481123,0.4913465975113777,0.5983410233900716,0.4363629607138422,0.6093707413569879,0.44682928055779514,0.49492527132741493,0.3412323876358758,0.3491707626067527,0.53640604952536,0.49754604797628904,0.37742485757343175,0.5887548720581357,0.4507495584903067,0.46434862069776434,0.33071477642157393,0.6319702792314424,0.5385647056404376,0.465751618404459,0.45315301016771764,0.4626826775683745,0.41229961938240633,0.6038439095033754,0.38837104391626026,0.487530753912243
AMZN,0.26840918296915295,0.3491065609524665,0.0,0.3338245415121305,0.23675375946715493,0.2381019540331418,0.5522634472818382,0.20573582393123171,0.6423123259851201,0.4101175890621437,0.3788088245684384,0.37196923488787487,0.21990902803702148,0.4091242575846215,0.6991904837961188,0.30802817917986575,0.27342110210394416,0.4291673878311269,0.3165154993678007,0.524001514010921,0.4704996039514411,0.3139440892669001,0.5173522811572623,0.4654572574067268,0.6373365216094211,0.44535140145880364,0.6438833866994338,0.4324116210021994,0.48378705135647954,0.38949698883296296,0.244251802191311,0.5203604039937204,0.4691661692155176,0.37073434527603594,0.629930065309315,0.4580894111669582,0.4459559616832032,0.36728637316246515,0.6707433278852094,0.547624817693402,0.5392427102868741,0.5220838964184424,0.482249573347672,0.40861910374000465,0.6298035101897672,0.4151425176220276,0.4575660367356025
FB,0.38327445828299833,0.4189479087222246,0.3338245415121305,0.0,0.301003117245156,0.3152265786306959,0.5990012261090576,0.3468200181950293,0.6413350463589046,0.47099923373726255,0.4562864844622082,0.502929522561273,0.35247779959348263,0.393888522491932,0.6942399010003771,0.40753885917884436,0.3658268780193002,0.4341842292771507,0.36521339137790415,0.5375362671184258,0.5507474480656197,0.4231978056526059,0.5365054779701879,0.4516619953693517,0.6492611412107425,0.5060178921106708,0.6262557488905809,0.4901196349236686,0.546954036647088,0.4739521886587789,0.37388544973422555,0.5853263004075371,0.5175643609731406,0.44752534791121007,0.6426738748130083,0.4873328480061602,0.5254978502149696,0.45053499692309823,0.7057571598356799,0.6303212384511029,0.5554816771858041,0.5446851269475619,0.5022197864182081,0.48400125722018245,0.6563483675109593,0.41723124249648424,0.5186684916799577
GOOGL,0.23764982693186015,0.33611660732381193,0.23675375946715493,0.301003117245156,0.0,0.048822769533865495,0.569069145462345,0.23066365117348953,0.6308337608999658,0.4168936796892211,0.4238929953222484,0.38744012204675055,0.2542996446807623,0.42878477521416525,0.7046406772748317,0.34268020115224523,0.2531444505403137,0.3972913586571829,0.28799532198497474,0.5264486103974505,0.489959199254482,0.3235052162322138,0.46970130315596836,0.4359181626583279,0.6310577283542858,0.44757553629453295,0.6169506870825006,0.45567138063379214,0.5164358894873523,0.3748025759089865,0.2534422678182088,0.5152436605131937,0.47019280186094126,0.3588508393538035,0.612246165467054,0.40921329674544965,0.46908807262843716,0.36716095050484354,0.6831813876621446,0.5451136708605636,0.5109203713263284,0.5088898530635542,0.4526954643254266,0.38816968734837853,0.6525504141645352,0.3900683769630583,0.47970851970792916
GOOG,0.25004406513228916,0.33872932783172177,0.2381019540331418,0.3152265786306959,0.048822769533865495,0.0,0.5777255073206954,0.23449729024440047,0.6335209524696852,0.4185159590271004,0.4282471011863415,0.38746605842468707,0.2520448399350252,0.4298511610646361,0.7037056305581506,0.353088288035854,0.2640670037760234,0.4111816366896515,0.29209668389417964,0.533177474883018,0.5013953261355364,0.32296416957423063,0.4812160830825038,0.43890961262591915,0.6405993952653786,0.44677234917406156,0.6271218457622761,0.45134847672072526,0.5201351022116353,0.37976712055470413,0.25919472187711917,0.5244944972646947,0.46582928925290445,0.36146147782887367,0.6138376410802787,0.4224392244388753,0.4710062926053931,0.3769852062766072,0.6876669413788725,0.54979350085127,0.5196334749652378,0.5121493811295921,0.45364989795177296,0.3961646407783433,0.6432173718522225,0.39731221499183034,0.4824395022475606
JNJ,0.5186494276505536,0.548655471848493,0.5522634472818382,0.5990012261090576,0.569069145462345,0.5777255073206954,0.0,0.561916759962613,0.5738023862328483,0.5469344626122632,0.5640922167239375,0.49810164720443967,0.5841612661545338,0.6458891955692538,0.5594874692355747,0.5391339901677662,0.5096036902283518,0.5282372442795709,0.5842423520300944,0.6269039205113726,0.4685844888056683,0.47733879292976866,0.4278439261198918,0.571496839803303,0.41631273386849027,0.6127996209832717,0.46892356130354546,0.5285876419167959,0.5340504315870085,0.5034503477585559,0.5561016946993393,0.5110601448603369,0.5534527580673669,0.48928649175204886,0.5208545928665941,0.47726104885825693,0.3453451937976398,0.4804883193410381,0.5198849507694154,0.4679603869930134,0.5566934313106279,0.6034403433553651,0.5248027044922964,0.4981416115177082,0.5817769946164316,0.5413293960914778,0.5445484921091549
V,0.22692854837246787,0.31057485197338797,0.20573582393123171,0.3468200181950293,0.23066365117348953,0.23449729024440047,0.561916759962613,0.0,0.6059047219261509,0.36991984061531247,0.3523852814121702,0.3850957338982309,0.14744534597307107,0.40598540275928086,0.7043420465764003,0.3370383489106113,0.24808891182702536,0.37546786741271454,0.25528459437875445,0.5309050108047281,0.44187736032507746,0.28439234192127594,0.4745020851312283,0.4424344864685741,0.6188323010287677,0.3996539166374627,0.6109721276220528,0.4236655513235917,0.47091621443487586,0.34350615857804456,0.22232266399294268,0.49411875848179854,0.43442273009214744,0.3188593611927468,0.6225288478056322,0.42125836054423316,0.44634202636528814,0.3335554026095358,0.6544494128190927,0.5280476703197357,0.49149643477504873,0.4954285570016338,0.45605864620890796,0.35797456918967935,0.6306039179161397,0.37851100264368237,0.45253917154925727
PG,0.6056058871885349,0.6122980617133285,0.6423123259851201,0.6413350463589046,0.6308337608999658,0.6335209524696852,0.5738023862328483,0.6059047219261509,0.0,0.5991936173765005,0.5825624187862052,0.6155601780939328,0.643735472527129,0.6923819994138766,0.5305094229356023,0.6564749395398727,0.6459615249494002,0.6347062693205805,0.509299157254886,0.6294533926619151,0.5389710355269864,0.5794072603443913,0.5425247001013165,0.6463797239240306,0.41376700347904627,0.6306799614913622,0.37503073346215926,0.584039508575121,0.5448979063188573,0.6001239991384335,0.6364195016954358,0.6191884689799994,0.601917074454146,0.610214358897905,0.5352157880459752,0.6102083256684371,0.576447034078229,0.5562410047340758,0.4529257654601044,0.6148406524286741,0.6527159979524048,0.6974133513328095,0.6215848537291222,0.5960636023722824,0.5950366915969361,0.6345896237316209,0.6087410671093834
JPM,0.3885127020005299,0.4027233287442525,0.4101175890621437,0.47099923373726255,0.4168936796892211,0.4185159590271004,0.5469344626122632,0.36991984061531247,0.5991936173765005,0.0,0.42606217902087645,0.42182813755689,0.3853545425348802,0.507784035781257,0.6429242346215269,0.44054644955753086,0.45779468481881086,0.4159671502627843,0.43131491432255287,0.47105890552067853,0.43793296100287,0.3429833376091407,0.4131797262810388,0.3938209140321659,0.5452206971363549,0.2595467932519226,0.528826459845332,0.3707253460783932,0.4745465431674305,0.4317043512858511,0.43877915993908356,0.507050647874454,0.4268443768860476,0.4219217857988719,0.5964538114695093,0.42496228312663187,0.47339579156110173,0.3762574147453876,0.5931830395532715,0.48326425630254694,0.5292266337886422,0.5053564991908288,0.5148480571177505,0.4266934703927181,0.5549396358142978,0.46398718324968935,0.4936137038490512
HD,0.4117054148949754,0.4221983441831048,0.3788088245684384,0.4562864844622082,0.4238929953222484,0.4282471011863415,0.5640922167239375,0.3523852814121702,0.5825624187862052,0.42606217902087645,0.0,0.4118154905142228,0.3750031363878002,0.4933805528901827,0.616281302162577,0.4591468075988205,0.4178912631148731,0.41617834852808994,0.4027773003357795,0.5028927456793384,0.47485005466295166,0.40842397878193903,0.49300202511771724,0.4712202425922475,0.5563157361195624,0.45139796366694146,0.5454582379623166,0.45954815450792247,0.41513211605341316,0.3659942519981224,0.37294155319808586,0.47769150293090357,0.4678160784342146,0.38182994961593997,0.5683707988756384,0.46629343607893853,0.4073711288210475,0.397073123617753,0.6013364275438832,0.5541051560047099,0.5454349495991084,0.5756795089358527,0.49918676526255257,0.39424090562255565,0.618670981358508,0.4299279109387023,0.4257448021402255
UNH,0.32655026196811804,0.38638070724844786,0.37196923488787487,0.502929522561273,0.38744012204675055,0.38746605842468707,0.49810164720443967,0.3850957338982309,0.6155601780939328,0.42182813755689,0.4118154905142228,0.0,0.3745620844249798,0.5586201871210574,0.6248615100602962,0.42683008458584365,0.33287008226238507,0.4672444188493007,0.43020892861636484,0.5231399591638171,0.41533645940190755,0.3525133209716264,0.40141358719573755,0.44694022946826345,0.5500132120477174,0.44701595686883455,0.5528254012358368,0.43393735953496626,0.4355244177909173,0.33420839119370915,0.3588854516005114,0.46228602124181956,0.46454077359514123,0.33422779295204696,0.5334725403000845,0.4082730889819666,0.4082763030555805,0.33472176613084653,0.5914315208903158,0.47547714635370386,0.5400431703815552,0.5196983274934547,0.4183873537228417,0.35225829493201016,0.5336013043772173,0.4826038486462632,0.45804319177338737
MA,0.25909971332100257,0.3131181832264779,0.21990902803702148,0.35247779959348263,0.2542996446807623,0.2520448399350252,0.5841612661545338,0.14744534597307107,0.643735472527129,0.3853545425348802,0.3750031363878002,0.3745620844249798,0.0,0.418694718572456,0.69157436198415,0.3749907346779588,0.26982825320891796,0.4056182600166372,0.27429622943779386,0.545070213778924,0.4859333153940038,0.3106468683501375,0.49203003579280524,0.47442648957727335,0.6398805342826084,0.41713110356014993,0.6366761771470395,0.4415943827930627,0.5131801581193284,0.36882777016255075,0.24130892540807086,0.5244799618237339,0.4525002160537757,0.3515394805209754,0.6349334758328431,0.44219257611249835,0.4755909098185363,0.34872177791056536,0.6634475421635343,0.5571104845769811,0.5190678080040222,0.49058220291611454,0.453469375589761,0.40006509183570893,0.6234786488939567,0.4156753086215385,0.46980220154156865
NVDA,0.47451873286646273,0.5010964461275618,0.4091242575846215,0.393888522491932,0.42878477521416525,0.4298511610646361,0.6458891955692538,0.40598540275928086,0.6923819994138766,0.507784035781257,0.4933805528901827,0.5586201871210574,0.418694718572456,0.0,0.6602013948456975,0.4404407548975637,0.43899269881380787,0.4424407943807101,0.46534439260733745,0.5804295622788617,0.5990766047398822,0.46537760565372044,0.6133246563846964,0.5396645850056596,0.6993673124574958,0.5201231261873409,0.6856298959693612,0.565091571670494,0.539917529560895,0.5214906826793829,0.41752586151103066,0.591110853933572,0.587447559544811,0.4813843071580514,0.6860283517772001,0.5450767224787147,0.5699475748267867,0.5299057845886816,0.6893219786125612,0.6338246216110578,0.570239574476476,0.6158386136725169,0.5601797847510374,0.5394096160655174,0.6892920291893762,0.4039415725551367,0.5317292120280541
VZ,0.6631859140228352,0.6914440363508674,0.6991904837961188,0.6942399010003771,0.7046406772748317,0.7037056305581506,0.5594874692355747,0.7043420465764003,0.5305094229356023,0.6429242346215269,0.616281302162577,0.6248615100602962,0.69157436198415,0.6602013948456975,0.0,0.685861735390548,0.6906650680377366,0.6491619761243421,0.662401110263963,0.5542210202333682,0.6028749294414291,0.6257958637443441,0.5567315288552354,0.6304552505600102,0.46978416754738933,0.6917562455263502,0.3949016645068902,0.6171556428038175,0.5641133159080646,0.6353789056728049,0.6934328406144055,0.6189335807783365,0.6364236367918863,0.6450219276512501,0.38784432457690393,0.5869788663672745,0.5836660237538432,0.6185763192321259,0.5208269579843728,0.5881918038638061,0.7028314518676484,0.7037303822924907,0.6583069437935269,0.6259968418695404,0.6069944038885456,0.6670921507196178,0.645879736234457
NFLX,0.3466046763107168,0.42698813268885427,0.30802817917986575,0.40753885917884436,0.34268020115224523,0.353088288035854,0.5391339901677662,0.3370383489106113,0.6564749395398727,0.44054644955753086,0.4591468075988205,0.42683008458584365,0.3749907346779588,0.4404407548975637,0.685861735390548,0.0,0.33970595495952843,0.43571771534826037,0.4158553109615914,0.5031454758812789,0.43928649789376417,0.369160450383117,0.479980209499265,0.47300316963393907,0.6357145100291924,0.4610113134461184,0.6155035895121727,0.49074438667971765,0.5138857898960456,0.40344804611586665,0.31670618258305144,0.49606348041020426,0.5166400635612891,0.40205756634902284,0.5781749667351794,0.3988226760731341,0.46123399964258044,0.43222256660707664,0.6680639231750135,0.49899169055634235,0.5074909271842631,0.5568411767567927,0.49202952553189677,0.4071169900020355,0.6382586811583634,0.4081655560577028,0.49109801704808104
ADBE,0.2306269213611193,0.34662811884637607,0.27342110210394416,0.3658268780193002,0.2531444505403137,0.2640670037760234,0.5096036902283518,0.24808891182702536,0.6459615249494002,0.45779468481881086,0.4178912631148731,0.33287008226238507,0.26982825320891796,0.43899269881380787,0.6906650680377366,0.33970595495952843,0.0,0.4047251951539919,0.32891957867590554,0.5834121375753599,0.4662701922722547,0.3137195691872493,0.4504691760843717,0.4593320554361191,0.5952898127156618,0.49227471352758534,0.622128934605437,0.49847288647682486,0.4728276424457326,0.3399693982434118,0.20575959716829184,0.49591677945532225,0.5035621645034761,0.30997908308264643,0.5932221247504535,0.39595717625023635,0.4124246749367312,0.3647427969703224,0.6525143033981936,0.5238241298195149,0.5277081199464946,0.48858742855329995,0.4144714163492621,0.35666159089812455,0.6473778641511021,0.40664211843343273,0.46188427388319164
INTC,0.3644684823723049,0.37536505243287016,0.4291673878311269,0.4341842292771507,0.3972913586571829,0.4111816366896515,0.5282372442795709,0.37546786741271454,0.6347062693205805,0.4159671502627843,0.41617834852808994,0.4672444188493007,0.4056182600166372,0.4424407943807101,0.6491619761243421,0.43571771534826037,0.4047251951539919,0.0,0.4410632445355398,0.5465302283776158,0.4511544372789315,0.36127335195304666,0.41399356256946024,0.45771627678898724,0.587769985522585,0.47502709039876206,0.5651197670342162,0.47596833072632017,0.48773295022947,0.37589067190587966,0.3960369524999636,0.4331099089278347,0.4805742982776394,0.3572471062359355,0.5990494654801631,0.4279528975572142,0.4895031865603922,0.4157815830573115,0.6300643663300652,0.4966871400969117,0.45145161581324234,0.4902732260469431,0.4716723937194195,0.42299734788251486,0.6148559776253134,0.2873048423487015,0.4374657092427236
PYPL,0.30478662965029785,0.31729738313621875,0.3165154993678007,0.36521339137790415,0.28799532198497474,0.29209668389417964,0.5842423520300944,0.25528459437875445,0.509299157254886,0.43131491432255287,0.4027773003357795,0.43020892861636484,0.27429622943779386,0.46534439260733745,0.662401110263963,0.4158553109615914,0.32891957867590554,0.4410632445355398,0.0,0.5092475026474751,0.47764135504019356,0.3413760801721826,0.4878881763505359,0.46504173713297936,0.5851921543934725,0.4685406158889552,0.5786286768677475,0.4798177495054683,0.4901092552255358,0.4084038051874485,0.3226082867665374,0.5520931486473047,0.488850948989646,0.41582746172282475,0.5838020053102323,0.4512913157021159,0.4672502787757738,0.36030543101300716,0.6520793942797009,0.5857803037636204,0.5549838096129626,0.5373306161628145,0.5078962961568831,0.443140247898067,0.6183775302057771,0.4263922174621513,0.5280000464600904
T,0.5300326829997629,0.5576344480118932,0.524001514010921,0.5375362671184258,0.5264486103974505,0.533177474883018,0.6269039205113726,0.5309050108047281,0.6294533926619151,0.47105890552067853,0.5028927456793384,0.5231399591638171,0.545070213778924,0.5804295622788617,0.5542210202333682,0.5031454758812789,0.5834121375753599,0.5465302283776158,0.5092475026474751,0.0,0.5222471834251213,0.5202731250004481,0.5094727932482047,0.4505466855809002,0.626022303402156,0.5138112167302081,0.5485217701619396,0.43541084311728445,0.5188042878784394,0.5725868095923589,0.5518117848782857,0.5750478464864746,0.5033774780434851,0.5633233176217537,0.5474306040190234,0.5251014814793628,0.5163054794490498,0.49023691160883437,0.6671946723751475,0.5709046578079254,0.6202259104579955,0.5756593126222895,0.6272729836500038,0.5637716282774814,0.6139966468439805,0.5112725453491395,0.5352608356256907
PFE,0.4097804724642587,0.45830934216384767,0.4704996039514411,0.5507474480656197,0.489959199254482,0.5013953261355364,0.4685844888056683,0.44187736032507746,0.5389710355269864,0.43793296100287,0.47485005466295166,0.41533645940190755,0.4859333153940038,0.5990766047398822,0.6028749294414291,0.43928649789376417,0.4662701922722547,0.4511544372789315,0.47764135504019356,0.5222471834251213,0.0,0.3925310156338514,0.33302685016464617,0.47082985331413607,0.49033555261683887,0.5008839266115793,0.49640501680610194,0.45142648424883497,0.49305970928734205,0.38739504900494603,0.46545743070302614,0.39647962424823757,0.47994497861441676,0.4492792501212689,0.567245199940381,0.3610374239958822,0.4499347521533344,0.4285564656738415,0.5510013962925112,0.3058595631909519,0.49681260461529003,0.540043349932406,0.5045148539815677,0.398357325563347,0.5544523750826268,0.48114647692546053,0.5068629476769154
CSCO,0.24005396060782802,0.3412441546565714,0.3139440892669001,0.4231978056526059,0.3235052162322138,0.32296416957423063,0.47733879292976866,0.28439234192127594,0.5794072603443913,0.3429833376091407,0.40842397878193903,0.3525133209716264,0.3106468683501375,0.46537760565372044,0.6257958637443441,0.369160450383117,0.3137195691872493,0.36127335195304666,0.3413760801721826,0.5202731250004481,0.3925310156338514,0.0,0.35538141945326784,0.4276777402208041,0.5322276242782147,0.427018980266409,0.5300333483467834,0.3948564795426249,0.4730657879204574,0.32221665865917043,0.3068917149199404,0.4710856633273068,0.4149402936641505,0.33306749380690726,0.5532377441415315,0.38743702466237245,0.3837946189622231,0.3511486622118436,0.5687902284268987,0.4504230805640888,0.5078601647326698,0.4664316426728642,0.44058125437926654,0.3700999606256584,0.5749563015179273,0.37947416496887154,0.4295994151444973
MRK,0.40233148975036703,0.4381010981481123,0.5173522811572623,0.5365054779701879,0.46970130315596836,0.4812160830825038,0.4278439261198918,0.4745020851312283,0.5425247001013165,0.4131797262810388,0.49300202511771724,0.40141358719573755,0.49203003579280524,0.6133246563846964,0.5567315288552354,0.479980209499265,0.4504691760843717,0.41399356256946024,0.4878881763505359,0.5094727932482047,0.33302685016464617,0.35538141945326784,0.0,0.4666003689959588,0.44422956947246106,0.4917695897786278,0.4404195351776923,0.43679908656311256,0.49574086163839737,0.386753265781527,0.4651752734942864,0.44074957715034185,0.4633306089879525,0.4285137755274115,0.5120507662426196,0.33166750934479333,0.41019954626444466,0.4049938205026481,0.493815306388885,0.383468009161815,0.5258817493523747,0.49811796549545306,0.44839972203881573,0.4210621673476273,0.5495128973454754,0.4630321884021983,0.4928762768273764
CMCSA,0.4126993945223761,0.4913465975113777,0.4654572574067268,0.4516619953693517,0.4359181626583279,0.43890961262591915,0.571496839803303,0.4424344864685741,0.6463797239240306,0.3938209140321659,0.4712202425922475,0.44694022946826345,0.47442648957727335,0.5396645850056596,0.6304552505600102,0.47300316963393907,0.4593320554361191,0.45771627678898724,0.46504173713297936,0.4505466855809002,0.47082985331413607,0.4276777402208041,0.4666003689959588,0.0,0.59130275408929,0.46272092440710993,0.5714021747679882,0.419480252641482,0.46458184104383304,0.4882636810168708,0.4673649687647296,0.5400575628444829,0.45568945521771687,0.43653631323165537,0.5843450203773072,0.49910902316659345,0.44035828318232895,0.4495936164913999,0.6766291278481258,0.5242027131315162,0.6250085872730187,0.5579826346184693,0.5203770346212812,0.46648461863832424,0.5507838941695258,0.5288804947143797,0.5235654358500568
PEP,0.5844171840958309,0.5983410233900716,0.6373365216094211,0.6492611412107425,0.6310577283542858,0.6405993952653786,0.41631273386849027,0.6188323010287677,0.41376700347904627,0.5452206971363549,0.5563157361195624,0.5500132120477174,0.6398805342826084,0.6993673124574958,0.46978416754738933,0.6357145100291924,0.5952898127156618,0.587769985522585,0.5851921543934725,0.626022303402156,0.49033555261683887,0.5322276242782147,0.44422956947246106,0.59130275408929,0.0,0.6086071531710703,0.30856237683663296,0.5795092776744344,0.513041601148304,0.5367251488973456,0.6178093720760545,0.4952716151130661,0.5827729621013478,0.5697390706843372,0.4776866307091559,0.5121944647319733,0.44727587913233674,0.5314655309399482,0.3795754944132604,0.536552967232795,0.6008917038198683,0.6299410186916431,0.578171773212192,0.538870202395665,0.5256737835882653,0.6353481239077698,0.6002791715121334
BAC,0.4295711690942551,0.4363629607138422,0.44535140145880364,0.5060178921106708,0.44757553629453295,0.44677234917406156,0.6127996209832717,0.3996539166374627,0.6306799614913622,0.2595467932519226,0.45139796366694146,0.44701595686883455,0.41713110356014993,0.5201231261873409,0.6917562455263502,0.4610113134461184,0.49227471352758534,0.47502709039876206,0.4685406158889552,0.5138112167302081,0.5008839266115793,0.427018980266409,0.4917695897786278,0.46272092440710993,0.6086071531710703,0.0,0.6032511029282812,0.43842011722008145,0.5096905752989406,0.46608391779712016,0.4711972390111712,0.5157483114891929,0.4772304032940357,0.46775287213342714,0.6471682865583098,0.4667744635672543,0.5326192931935524,0.4439485649294686,0.6469998030894515,0.5414230026376985,0.5512495436316618,0.5636278790956211,0.5043723974734239,0.4422301021985516,0.5867504395031522,0.48103268738761007,0.5292999254946227
KO,0.5774242622545843,0.6093707413569879,0.6438833866994338,0.6262557488905809,0.6169506870825006,0.6271218457622761,0.46892356130354546,0.6109721276220528,0.37503073346215926,0.528826459845332,0.5454582379623166,0.5528254012358368,0.6366761771470395,0.6856298959693612,0.3949016645068902,0.6155035895121727,0.622128934605437,0.5651197670342162,0.5786286768677475,0.5485217701619396,0.49640501680610194,0.5300333483467834,0.4404195351776923,0.5714021747679882,0.30856237683663296,0.6032511029282812,0.0,0.5360903020270438,0.5071225803986692,0.5426252650073783,0.6211685141196766,0.5364708920125656,0.5732408582083883,0.5641980355418549,0.45416968840443767,0.5237261018974522,0.5041707312891732,0.5003408349514519,0.3723485438332015,0.5343570214468562,0.6066825454878012,0.6438309660500856,0.5600962632892822,0.5280289995572478,0.5746941738931313,0.602847249309648,0.5513445574416763
XOM,0.41566565944554607,0.44682928055779514,0.4324116210021994,0.4901196349236686,0.45567138063379214,0.45134847672072526,0.5285876419167959,0.4236655513235917,0.584039508575121,0.3707253460783932,0.45954815450792247,0.43393735953496626,0.4415943827930627,0.565091571670494,0.6171556428038175,0.49074438667971765,0.49847288647682486,0.47596833072632017,0.4798177495054683,0.43541084311728445,0.45142648424883497,0.3948564795426249,0.43679908656311256,0.419480252641482,0.5795092776744344,0.43842011722008145,0.5360903020270438,0.0,0.4683797925310505,0.4693553871770199,0.4770547205052952,0.5515185459901871,0.26024106737547376,0.43789521529747816,0.5534998391883071,0.5046692883337597,0.45468732575446,0.38264432709798696,0.6218337508013775,0.501268682194689,0.5664118528077915,0.4998086820829389,0.5302607957223792,0.44585292353202755,0.5109517413918646,0.5075987690838661,0.4419685601717826
WMT,0.46417713773363345,0.49492527132741493,0.48378705135647954,0.546954036647088,0.5164358894873523,0.5201351022116353,0.5340504315870085,0.47091621443487586,0.5448979063188573,0.4745465431674305,0.41513211605341316,0.4355244177909173,0.5131801581193284,0.539917529560895,0.5641133159080646,0.5138857898960456,0.4728276424457326,0.48773295022947,0.4901092552255358,0.5188042878784394,0.49305970928734205,0.4730657879204574,0.49574086163839737,0.46458184104383304,0.513041601148304,0.5096905752989406,0.5071225803986692,0.4683797925310505,0.0,0.4513175696110628,0.4942038202712361,0.521483489524431,0.4733264082530782,0.4400320415505276,0.49581712369338904,0.5385246638600382,0.4147787500564809,0.4502816639467022,0.5973339743982872,0.5430836034119134,0.6038120889585051,0.554783805714564,0.5449304760198573,0.466823854812635,0.5646160715113123,0.5328341989122809,0.43877236884345183
ABT,0.32052007859128706,0.3412323876358758,0.38949698883296296,0.4739521886587789,0.3748025759089865,0.37976712055470413,0.5034503477585559,0.34350615857804456,0.6001239991384335,0.4317043512858511,0.3659942519981224,0.33420839119370915,0.36882777016255075,0.5214906826793829,0.6353789056728049,0.40344804611586665,0.3399693982434118,0.37589067190587966,0.4084038051874485,0.5725868095923589,0.38739504900494603,0.32221665865917043,0.386753265781527,0.4882636810168708,0.5367251488973456,0.46608391779712016,0.5426252650073783,0.4693553871770199,0.4513175696110628,0.0,0.34371195563546864,0.4277855166987439,0.44850740573263115,0.3250174347684628,0.5441255366891236,0.3924964862225662,0.4217767410101101,0.373127552035947,0.5816354894284791,0.46889926360243117,0.4711257369745957,0.4925544066419017,0.40178773809178986,0.3121132183182474,0.6202202082930776,0.3643495884380073,0.432599901577662
CRM,0.25801878804517897,0.3491707626067527,0.244251802191311,0.37388544973422555,0.2534422678182088,0.25919472187711917,0.5561016946993393,0.22232266399294268,0.6364195016954358,0.43877915993908356,0.37294155319808586,0.3588854516005114,0.24130892540807086,0.41752586151103066,0.6934328406144055,0.31670618258305144,0.20575959716829184,0.3960369524999636,0.3226082867665374,0.5518117848782857,0.46545743070302614,0.3068917149199404,0.4651752734942864,0.4673649687647296,0.6178093720760545,0.4711972390111712,0.6211685141196766,0.4770547205052952,0.4942038202712361,0.34371195563546864,0.0,0.4999512252816154,0.4857571048322746,0.3196419619235473,0.5990450315557325,0.41308975808923676,0.4493150805051002,0.3683255605170975,0.6602183856257472,0.5225882130275629,0.5135578344743171,0.5105260721379346,0.43790089929328396,0.34622343555080815,0.6464864433103575,0.3967081457794997,0.44197982363362126
ABBV,0.48423683224309194,0.53640604952536,0.5203604039937204,0.5853263004075371,0.5152436605131937,0.5244944972646947,0.5110601448603369,0.49411875848179854,0.6191884689799994,0.507050647874454,0.47769150293090357,0.46228602124181956,0.5244799618237339,0.591110853933572,0.6189335807783365,0.49606348041020426,0.49591677945532225,0.4331099089278347,0.5520931486473047,0.5750478464864746,0.39647962424823757,0.4710856633273068,0.44074957715034185,0.5400575628444829,0.4952716151130661,0.5157483114891929,0.5364708920125656,0.5515185459901871,0.521483489524431,0.4277855166987439,0.4999512252816154,0.0,0.5286574853627415,0.46134939927157964,0.6005636601558877,0.3826941531506347,0.5012444805724438,0.5019711203342921,0.5606133219755093,0.42663674778095334,0.46324339494613465,0.5990058874742205,0.49609745475087297,0.42430689021117557,0.6123227561642464,0.4663020897492856,0.5357960933616595
CVX,0.40556072794232223,0.49754604797628904,0.4691661692155176,0.5175643609731406,0.47019280186094126,0.46582928925290445,0.5534527580673669,0.43442273009214744,0.601917074454146,0.4268443768860476,0.4678160784342146,0.46454077359514123,0.4525002160537757,0.587447559544811,0.6364236367918863,0.5166400635612891,0.5035621645034761,0.4805742982776394,0.488850948989646,0.5033774780434851,0.47994497861441676,0.4149402936641505,0.4633306089879525,0.45568945521771687,0.5827729621013478,0.4772304032940357,0.5732408582083883,0.26024106737547376,0.4733264082530782,0.44850740573263115,0.4857571048322746,0.5286574853627415,0.0,0.4361799166760635,0.5741509071230142,0.5121900738446413,0.4768393073871725,0.4225104489030825,0.6349361276846178,0.4908612825406268,0.5555024878663658,0.4790941747705712,0.5529496087644221,0.43962214967122704,0.568701691313232,0.5257038601288283,0.46253436202413845
TMO,0.28756147981736435,0.37742485757343175,0.37073434527603594,0.44752534791121007,0.3588508393538035,0.36146147782887367,0.48928649175204886,0.3188593611927468,0.610214358897905,0.4219217857988719,0.38182994961593997,0.33422779295204696,0.3515394805209754,0.4813843071580514,0.6450219276512501,0.40205756634902284,0.30997908308264643,0.3572471062359355,0.41582746172282475,0.5633233176217537,0.4492792501212689,0.33306749380690726,0.4285137755274115,0.43653631323165537,0.5697390706843372,0.46775287213342714,0.5641980355418549,0.43789521529747816,0.4400320415505276,0.3250174347684628,0.3196419619235473,0.46134939927157964,0.4361799166760635,0.0,0.5393047180193347,0.42285014927011,0.42117442465154864,0.3049589431851718,0.5984650001955771,0.4853350799251903,0.49652813606267315,0.46986362319096453,0.4002492030879506,0.24935031946863018,0.5864363901023523,0.4078601532657754,0.43813199421576837
MCD,0.5849615644360946,0.5887548720581357,0.629930065309315,0.6426738748130083,0.612246165467054,0.6138376410802787,0.5208545928665941,0.6225288478056322,0.5352157880459752,0.5964538114695093,0.5683707988756384,0.5334725403000845,0.6349334758328431,0.6860283517772001,0.38784432457690393,0.5781749667351794,0.5932221247504535,0.5990494654801631,0.5838020053102323,0.5474306040190234,0.567245199940381,0.5532377441415315,0.5120507662426196,0.5843450203773072,0.4776866307091559,0.6471682865583098,0.45416968840443767,0.5534998391883071,0.49581712369338904,0.5441255366891236,0.5990450315557325,0.6005636601558877,0.5741509071230142,0.5393047180193347,0.0,0.558902385670084,0.5026490071323105,0.548309939787814,0.5946235817385902,0.58879980624083,0.6192362228050721,0.6464025470784815,0.5912677841406895,0.550815242600247,0.5643235522089016,0.5906066400180144,0.6070416935154096
AMGN,0.3975187436483634,0.4507495584903067,0.4580894111669582,0.4873328480061602,0.40921329674544965,0.4224392244388753,0.47726104885825693,0.42125836054423316,0.6102083256684371,0.42496228312663187,0.46629343607893853,0.4082730889819666,0.44219257611249835,0.5450767224787147,0.5869788663672745,0.3988226760731341,0.39595717625023635,0.4279528975572142,0.4512913157021159,0.5251014814793628,0.3610374239958822,0.38743702466237245,0.33166750934479333,0.49910902316659345,0.5121944647319733,0.4667744635672543,0.5237261018974522,0.5046692883337597,0.5385246638600382,0.3924964862225662,0.41308975808923676,0.3826941531506347,0.5121900738446413,0.42285014927011,0.558902385670084,0.0,0.439977755524891,0.4159375694969128,0.5668216683378094,0.4100215084576707,0.5040269174752173,0.5416730304337097,0.48522579912921066,0.39237617971298017,0.5798638938231455,0.4129466256119994,0.5524719379586839
COST,0.41552229580068073,0.46434862069776434,0.4459559616832032,0.5254978502149696,0.46908807262843716,0.4710062926053931,0.3453451937976398,0.44634202636528814,0.576447034078229,0.47339579156110173,0.4073711288210475,0.4082763030555805,0.4755909098185363,0.5699475748267867,0.5836660237538432,0.46123399964258044,0.4124246749367312,0.4895031865603922,0.4672502787757738,0.5163054794490498,0.4499347521533344,0.3837946189622231,0.41019954626444466,0.44035828318232895,0.44727587913233674,0.5326192931935524,0.5041707312891732,0.45468732575446,0.4147787500564809,0.4217767410101101,0.4493150805051002,0.5012444805724438,0.4768393073871725,0.42117442465154864,0.5026490071323105,0.439977755524891,0.0,0.428214838320684,0.5707008762499549,0.475046191073779,0.5569583742237035,0.5686199673283924,0.5057682942636468,0.4578995173319723,0.5451675843511455,0.4885758435947097,0.48122004038625726
ACN,0.30131328100727384,0.33071477642157393,0.36728637316246515,0.45053499692309823,0.36716095050484354,0.3769852062766072,0.4804883193410381,0.3335554026095358,0.5562410047340758,0.3762574147453876,0.397073123617753,0.33472176613084653,0.34872177791056536,0.5299057845886816,0.6185763192321259,0.43222256660707664,0.3647427969703224,0.4157815830573115,0.36030543101300716,0.49023691160883437,0.4285564656738415,0.3511486622118436,0.4049938205026481,0.4495936164913999,0.5314655309399482,0.4439485649294686,0.5003408349514519,0.38264432709798696,0.4502816639467022,0.373127552035947,0.3683255605170975,0.5019711203342921,0.4225104489030825,0.3049589431851718,0.548309939787814,0.4159375694969128,0.428214838320684,0.0,0.5610790946754626,0.4610141352977584,0.5141254642381208,0.4733564210393805,0.4563740837203435,0.3594379737296796,0.5464921345015422,0.45688384488583794,0.5078287888058092
NEE,0.6311261530309666,0.6319702792314424,0.6707433278852094,0.7057571598356799,0.6831813876621446,0.6876669413788725,0.5198849507694154,0.6544494128190927,0.4529257654601044,0.5931830395532715,0.6013364275438832,0.5914315208903158,0.6634475421635343,0.6893219786125612,0.5208269579843728,0.6680639231750135,0.6525143033981936,0.6300643663300652,0.6520793942797009,0.6671946723751475,0.5510013962925112,0.5687902284268987,0.493815306388885,0.6766291278481258,0.3795754944132604,0.6469998030894515,0.3723485438332015,0.6218337508013775,0.5973339743982872,0.5816354894284791,0.6602183856257472,0.5606133219755093,0.6349361276846178,0.5984650001955771,0.5946235817385902,0.5668216683378094,0.5707008762499549,0.5610790946754626,0.0,0.5250669288439997,0.6406684766810902,0.6439810516907207,0.5995460861295727,0.6058626294925614,0.6014440487975787,0.6560746708999537,0.60255269804891
LLY,0.4603550139043604,0.5385647056404376,0.547624817693402,0.6303212384511029,0.5451136708605636,0.54979350085127,0.4679603869930134,0.5280476703197357,0.6148406524286741,0.48326425630254694,0.5541051560047099,0.47547714635370386,0.5571104845769811,0.6338246216110578,0.5881918038638061,0.49899169055634235,0.5238241298195149,0.4966871400969117,0.5857803037636204,0.5709046578079254,0.3058595631909519,0.4504230805640888,0.383468009161815,0.5242027131315162,0.536552967232795,0.5414230026376985,0.5343570214468562,0.501268682194689,0.5430836034119134,0.46889926360243117,0.5225882130275629,0.42663674778095334,0.4908612825406268,0.4853350799251903,0.58879980624083,0.4100215084576707,0.475046191073779,0.4610141352977584,0.5250669288439997,0.0,0.5018747664035123,0.5761008038991761,0.5351897255746786,0.4664910858199749,0.5641362051059704,0.5396055328244229,0.5493181654678914
BMY,0.5149537684452052,0.465751618404459,0.5392427102868741,0.5554816771858041,0.5109203713263284,0.5196334749652378,0.5566934313106279,0.49149643477504873,0.6527159979524048,0.5292266337886422,0.5454349495991084,0.5400431703815552,0.5190678080040222,0.570239574476476,0.7028314518676484,0.5074909271842631,0.5277081199464946,0.45145161581324234,0.5549838096129626,0.6202259104579955,0.49681260461529003,0.5078601647326698,0.5258817493523747,0.6250085872730187,0.6008917038198683,0.5512495436316618,0.6066825454878012,0.5664118528077915,0.6038120889585051,0.4711257369745957,0.5135578344743171,0.46324339494613465,0.5555024878663658,0.49652813606267315,0.6192362228050721,0.5040269174752173,0.5569583742237035,0.5141254642381208,0.6406684766810902,0.5018747664035123,0.0,0.624412035339723,0.5653173844996551,0.47569048675794123,0.6740402898340304,0.4578853932463402,0.5500214714084201
LIN,0.456167263653304,0.45315301016771764,0.5220838964184424,0.5446851269475619,0.5088898530635542,0.5121493811295921,0.6034403433553651,0.4954285570016338,0.6974133513328095,0.5053564991908288,0.5756795089358527,0.5196983274934547,0.49058220291611454,0.6158386136725169,0.7037303822924907,0.5568411767567927,0.48858742855329995,0.4902732260469431,0.5373306161628145,0.5756593126222895,0.540043349932406,0.4664316426728642,0.49811796549545306,0.5579826346184693,0.6299410186916431,0.5636278790956211,0.6438309660500856,0.4998086820829389,0.554783805714564,0.4925544066419017,0.5105260721379346,0.5990058874742205,0.4790941747705712,0.46986362319096453,0.6464025470784815,0.5416730304337097,0.5686199673283924,0.4733564210393805,0.6439810516907207,0.5761008038991761,0.624412035339723,0.0,0.5402467166814962,0.512528911522261,0.6370040967013173,0.5201066477332361,0.5100576172762754
MDT,0.43177079627671616,0.4626826775683745,0.482249573347672,0.5022197864182081,0.4526954643254266,0.45364989795177296,0.5248027044922964,0.45605864620890796,0.6215848537291222,0.5148480571177505,0.49918676526255257,0.4183873537228417,0.453469375589761,0.5601797847510374,0.6583069437935269,0.49202952553189677,0.4144714163492621,0.4716723937194195,0.5078962961568831,0.6272729836500038,0.5045148539815677,0.44058125437926654,0.44839972203881573,0.5203770346212812,0.578171773212192,0.5043723974734239,0.5600962632892822,0.5302607957223792,0.5449304760198573,0.40178773809178986,0.43790089929328396,0.49609745475087297,0.5529496087644221,0.4002492030879506,0.5912677841406895,0.48522579912921066,0.5057682942636468,0.4563740837203435,0.5995460861295727,0.5351897255746786,0.5653173844996551,0.5402467166814962,0.0,0.3771823774633278,0.5876408099818623,0.443378366088103,0.4981685998725193
DHR,0.3401240415880387,0.41229961938240633,0.40861910374000465,0.48400125722018245,0.38816968734837853,0.3961646407783433,0.4981416115177082,0.35797456918967935,0.5960636023722824,0.4266934703927181,0.39424090562255565,0.35225829493201016,0.40006509183570893,0.5394096160655174,0.6259968418695404,0.4071169900020355,0.35666159089812455,0.42299734788251486,0.443140247898067,0.5637716282774814,0.398357325563347,0.3700999606256584,0.4210621673476273,0.46648461863832424,0.538870202395665,0.4422301021985516,0.5280289995572478,0.44585292353202755,0.466823854812635,0.3121132183182474,0.34622343555080815,0.42430689021117557,0.43962214967122704,0.24935031946863018,0.550815242600247,0.39237617971298017,0.4578995173319723,0.3594379737296796,0.6058626294925614,0.4664910858199749,0.47569048675794123,0.512528911522261,0.3771823774633278,0.0,0.6376265915378269,0.4307623180752098,0.41517118882032045
