,MSFT,AAPL,AMZN,FB,GOOGL,GOOG,JNJ,V,PG,JPM,HD,UNH,MA,NVDA,VZ,NFLX,ADBE,INTC,PYPL,T,PFE,CSCO,MRK,CMCSA,PEP,BAC,KO,XOM,WMT,ABT,CRM,ABBV,CVX,TMO,MCD,AMGN,COST,ACN,NEE,LLY,BMY,LIN,MDT,DHR,PM,TXN,NKE
MSFT,0.0,0.4157296756041834,0.35819142009131233,0.4488583407396295,0.29143707362859217,0.27972450403478916,0.41666674747190957,0.2923510309211365,0.5617632437450139,0.33441272959889023,0.38488251770030923,0.46231640307023636,0.3404829292382792,0.3277269215553825,0.4968893912281171,0.39287748466176975,0.25217751207406136,0.33047798010401314,0.39104063061792493,0.5626710820553293,0.4352921182652622,0.2840826776008175,0.5183055849313702,0.5142924026815618,0.5376042849180482,0.3134344319182721,0.4765691511510093,0.524488810847712,0.5778650752002432,0.3154912546082396,0.32687029596618444,0.4913443627937825,0.4370397314720625,0.37562752478631434,0.5784673942974708,0.38933543925789355,0.36829999577944633,0.3317445516510266,0.5605444141257071,0.4140619608051194,0.5454260269417462,0.37164085390876545,0.38425526711209335,0.32287238265953355,0.6433351621916799,0.32748895932886246,0.4263987216219121
AAPL,0.4157296756041834,0.0,0.47291758722439475,0.5361789341899931,0.44537280316284356,0.4299354655526484,0.5302128158258841,0.4253409581315555,0.5289524186858641,0.47058166110296645,0.5034901439781304,0.5436389162497316,0.3552786514591749,0.4693564756939067,0.6340196849353771,0.4349202039954658,0.41111426523748545,0.4592963819323125,0.5028389153182089,0.5729819181459697,0.5504599888108467,0.408990074883762,0.5832393750081267,0.5598737436472788,0.5410144577537155,0.4737407892720993,0.5264026745493168,0.5406969787785361,0.579080215497968,0.45302620307920255,0.43050395300003635,0.5800801310345096,0.5423135143855523,0.433342600443048,0.5475622788334912,0.4617437577098585,0.46409843995559835,0.4557217608612338,0.5816850386009741,0.5330416990455681,0.5681836893517958,0.4636970640981911,0.4964009060471032,0.46268685828250405,0.5706438451277133,0.3892668775454448,0.5278160888313277
AMZN,0.35819142009131233,0.47291758722439475,0.0,0.45542613564742696,0.38461568491815834,0.3714849317233263,0.5223453081041983,0.36556271356952424,0.6250255885990134,0.41687171970046377,0.4496906185022123,0.5215949913503493,0.38311901314882063,0.4320386408095745,0.6005915791396609,0.3414818651923204,0.38489847650558545,0.39010344001144814,0.42776847409277613,0.6589868531864983,0.5408201621997342,0.3332244234242522,0.6050160671936744,0.6120401950574693,0.6118167377049462,0.39100383659455223,0.5210492629882038,0.5544827304531325,0.6107779116234117,0.36973836991344494,0.4035085170946926,0.526549385857123,0.44433985494248224,0.41385586485148657,0.5927580728952925,0.4388681926618149,0.4632343408389237,0.39566457667209776,0.6127572693639094,0.5405278681193909,0.6095650614090211,0.41189436240497257,0.4416424478867689,0.42614702453713,0.701036441162822,0.46353270484924153,0.4848615097308683
FB,0.4488583407396295,0.5361789341899931,0.45542613564742696,0.0,0.3568660525206858,0.3652861224698965,0.5208018098848328,0.3685458406814902,0.6342589807523736,0.47339623449516605,0.44015540168793066,0.5891561162611014,0.40411321120146604,0.45128771816414054,0.632981737398793,0.46229804780634304,0.48170355920913627,0.4702755392627448,0.4315041196355639,0.7022307217825597,0.5705985588725464,0.4668919555935767,0.5967845678385266,0.5938256892772744,0.5940952431505521,0.47944026269531803,0.576684201000303,0.4849942544102466,0.5953878112634179,0.4647543981849824,0.45965195046209206,0.4797109509906337,0.47523299032419636,0.520419349581449,0.5705648809423156,0.4846024347776574,0.5564443409424913,0.4733335165207971,0.5875912735430858,0.46020654709682857,0.6022712008146847,0.4052586093734801,0.47832763817890067,0.4290273202229291,0.6857912708021628,0.5284994126426312,0.5417538281783466
GOOGL,0.29143707362859217,0.44537280316284356,0.38461568491815834,0.3568660525206858,0.0,0.04875355106882135,0.437604514619343,0.30856115207626006,0.597528016703348,0.3397079115899071,0.4472617837848487,0.5198857885407974,0.35476197333939546,0.36482622576007717,0.6011448078818723,0.3767333290152696,0.35232833424011967,0.3938917307863917,0.35150781097495853,0.5861057501829183,0.4934343132712782,0.32392459508116,0.5265567403754562,0.4784380087075596,0.5588196591626658,0.3534301838111845,0.5281960156296436,0.49351701180844365,0.6122270240148977,0.322475680868624,0.3441720736500096,0.4357567113837518,0.4773610394121689,0.3805862098210429,0.5808010391535365,0.43751653203692975,0.4488713689958844,0.32928309573461023,0.6143422132223434,0.4532654918144601,0.5835760408658205,0.3282287019174305,0.3904476921617018,0.3091937359587761,0.6772025471275898,0.38982758555432945,0.4766293413708671
GOOG,0.27972450403478916,0.4299354655526484,0.3714849317233263,0.3652861224698965,0.04875355106882135,0.0,0.43277250172043974,0.30358778087326294,0.5914854156907756,0.3312072422532432,0.4428850894252779,0.506513084683845,0.3450213687640032,0.3692330347254821,0.5932449955984733,0.3656035106458825,0.33944750039939875,0.3906291968132811,0.3545966041829276,0.5818633017992049,0.48312805022172073,0.3119440785421393,0.5241139651421529,0.4853119445708639,0.5551952490317784,0.34316517059734103,0.5217023770177976,0.5002452315646786,0.6027562027306698,0.31594677437185736,0.3420843345892247,0.4373087668156199,0.476744804152789,0.3728780787243756,0.5708580906586709,0.4246408752860436,0.4425802052714562,0.3262269285150019,0.6044216309738423,0.4468190620746722,0.575176903014007,0.3310328452461039,0.39341389062773174,0.3012538646968842,0.6769381453406309,0.3780399864346473,0.4750085403461341
JNJ,0.41666674747190957,0.5302128158258841,0.5223453081041983,0.5208018098848328,0.437604514619343,0.43277250172043974,0.0,0.4279391320081548,0.4670874748039203,0.4119485853730721,0.45709120763704225,0.4305430411027938,0.4712340311188419,0.4986434877731687,0.4698916134382898,0.5495710201556366,0.46112540334132623,0.4482571187517117,0.502836593643372,0.4823794721569302,0.324109812370542,0.42275782828640096,0.4315839241647839,0.5279102941932695,0.3801574846291723,0.4304648342113537,0.39223681429233714,0.507098672027759,0.49311845390336057,0.3202643676664329,0.5193542859382184,0.4714175136045316,0.4697380071728711,0.4366900939216378,0.558806997121181,0.44897948840213925,0.4634739548174497,0.40691520446791735,0.5444007860130288,0.30043280285706125,0.5321239580159418,0.39684893827038253,0.3807332833078101,0.3338628408562499,0.613809795608057,0.4336415182173977,0.4079249112804087
V,0.2923510309211365,0.4253409581315555,0.36556271356952424,0.3685458406814902,0.30856115207626006,0.30358778087326294,0.4279391320081548,0.0,0.569400078154879,0.3488881447733012,0.33572400098205746,0.4709620954548801,0.2425539010518363,0.35911360602828346,0.5912231051003597,0.4021209109064185,0.3024698591078495,0.35383901238813825,0.3276980594856109,0.6288780618060396,0.4372488544771503,0.3259348270077439,0.532651436492079,0.5529964418629674,0.5304457557488184,0.35289227697034925,0.4973553109606882,0.46631577606824465,0.5581154120000282,0.3350194048409773,0.331096250313618,0.45926950758657914,0.440353246248897,0.369847472744324,0.5054654846633241,0.4458120688889199,0.4076112380805066,0.32847452345743083,0.5511980335752508,0.42300616138014174,0.5589186253144369,0.31685661919295877,0.3976866366896778,0.3212450706560943,0.6646051899042585,0.3918087835417787,0.45124926976655677
PG,0.5617632437450139,0.5289524186858641,0.6250255885990134,0.6342589807523736,0.597528016703348,0.5914854156907756,0.4670874748039203,0.569400078154879,0.0,0.6075528424511795,0.5199711700236723,0.5634583442880619,0.585219122819195,0.6198669659288009,0.5131601920786669,0.5827780280664913,0.5762068503351536,0.564534812322658,0.6192411674246281,0.506654906767811,0.49752755530125625,0.534322179207759,0.513135885488729,0.5593815084487164,0.3695852355576623,0.6255069325728632,0.36560044906670947,0.5477573719299257,0.517039364920693,0.5340481357736879,0.5900208561823658,0.5733087411889444,0.5802679659943457,0.5409947015459398,0.5870747736200461,0.5415206533250052,0.5261214391072124,0.5614777210188491,0.5263244173582067,0.5002399356945155,0.5482245388333085,0.5335847564357395,0.5129875517743273,0.5162232280594145,0.4280824312811678,0.5334682239689245,0.5614002153290488
JPM,0.33441272959889023,0.47058166110296645,0.41687171970046377,0.47339623449516605,0.3397079115899071,0.3312072422532432,0.4119485853730721,0.3488881447733012,0.6075528424511795,0.0,0.4366583773290413,0.4877644944134444,0.36163711842585017,0.42353519272519025,0.5649457802344694,0.4464565723598539,0.38743633350818535,0.3813077024054013,0.4329269874214346,0.5348737392801728,0.40058786431570337,0.35757170153333884,0.5324300137986392,0.5177556651680424,0.5934723305535078,0.16565437850256634,0.534790654615605,0.47127585850252623,0.5854763984874606,0.3307031420947558,0.4188111693050888,0.498237237778595,0.4276983492834598,0.3603109352003584,0.5613757592340403,0.4264057552508373,0.42362758647570387,0.3351194882316203,0.6492473725441973,0.4090494380068934,0.5398566666120564,0.39635276041383555,0.38377041410284524,0.36170155891294,0.6959277523966011,0.3922158736761885,0.4301889108320448
HD,0.38488251770030923,0.5034901439781304,0.4496906185022123,0.44015540168793066,0.4472617837848487,0.4428850894252779,0.45709120763704225,0.33572400098205746,0.5199711700236723,0.4366583773290413,0.0,0.5110265771260938,0.3514602578229483,0.4655762229698443,0.5396895998448404,0.48234660902144766,0.4495102130766864,0.4140329653898041,0.4867102179235442,0.6259130747866163,0.46150867901894993,0.44748470554192143,0.5806485886928358,0.554709079599656,0.5293052334118712,0.47144323014888023,0.48152139883468675,0.46490625137104086,0.5257660257420343,0.4134980014117595,0.4713737746884318,0.48565490333470085,0.40137534393572244,0.45253604429623273,0.5432214212285547,0.42968286337245687,0.4042034627015608,0.41115061236809397,0.5240024655821817,0.4208257779423331,0.5963185057913416,0.42427584695190573,0.4567157454102675,0.39945199947232324,0.6472091283108072,0.43486527666126296,0.44033165551317355
UNH,0.46231640307023636,0.5436389162497316,0.5215949913503493,0.5891561162611014,0.5198857885407974,0.506513084683845,0.4305430411027938,0.4709620954548801,0.5634583442880619,0.4877644944134444,0.5110265771260938,0.0,0.4922726542304715,0.5595245706046069,0.4457261822496455,0.5539696319461279,0.49910486142325,0.5319276455606152,0.533210573941593,0.5254136446865302,0.4540936882920188,0.5038785739982636,0.5331759018370684,0.6011203589960169,0.5453643008306912,0.4941904024133232,0.49314556495711503,0.5947142179727756,0.5547381641141242,0.4695026969683771,0.5219256901928138,0.528191647567272,0.5227686800401355,0.4488022163243468,0.5543173680486514,0.4864987325555728,0.5411752551500937,0.46795765136400164,0.5936268963690455,0.46012497608132646,0.6623918355344038,0.44555249253972895,0.5108110033723194,0.4128062052923491,0.6380533894069558,0.4911502392934657,0.48621973335828006
MA,0.3404829292382792,0.3552786514591749,0.38311901314882063,0.40411321120146604,0.35476197333939546,0.3450213687640032,0.4712340311188419,0.2425539010518363,0.585219122819195,0.36163711842585017,0.3514602578229483,0.4922726542304715,0.0,0.36346602536575096,0.5998296477689068,0.37169164541686156,0.35986958542464903,0.3651600010975647,0.40249496280954405,0.6114837666224934,0.4827614246474143,0.342906773213104,0.5894071831193262,0.5693498342225249,0.5625927909494397,0.37970294026369605,0.5263535917643863,0.48250351499803223,0.538860005280432,0.3617434743924745,0.3496672379225347,0.48563093536392427,0.4323335785447857,0.4027500578253167,0.5509133467896172,0.45645432717024786,0.4365177169818051,0.3251409747915087,0.5404317316547916,0.4576041769526767,0.5595261512609179,0.370542399964504,0.438515975293396,0.36365007380695313,0.6796909183874461,0.3904129772335283,0.46778428391430943
NVDA,0.3277269215553825,0.4693564756939067,0.4320386408095745,0.45128771816414054,0.36482622576007717,0.3692330347254821,0.4986434877731687,0.35911360602828346,0.6198669659288009,0.42353519272519025,0.4655762229698443,0.5595245706046069,0.36346602536575096,0.0,0.615710394765303,0.43305272542283046,0.3408970801676311,0.3423325241029855,0.402570284097954,0.6306201051550683,0.500371867861332,0.3600135696461832,0.5988039068944963,0.6135080172572195,0.6063976927224073,0.4204882007012628,0.5986514219598172,0.5352048239713116,0.6228310747491133,0.39749597701717565,0.38877677756106643,0.5274756132714387,0.5111134638023318,0.47565242198541274,0.6215029473129889,0.48781435834141884,0.455206313089475,0.38358648376017773,0.6389068841245749,0.49790763298893315,0.5760392121398582,0.4151155606292972,0.4384238713295489,0.42815108428895005,0.6515135190234087,0.36808838260842835,0.47695519465994257
VZ,0.4968893912281171,0.6340196849353771,0.6005915791396609,0.632981737398793,0.6011448078818723,0.5932449955984733,0.4698916134382898,0.5912231051003597,0.5131601920786669,0.5649457802344694,0.5396895998448404,0.4457261822496455,0.5998296477689068,0.615710394765303,0.0,0.6278355117037312,0.5978760992928065,0.5600159811121854,0.6285076553598519,0.4200699966961347,0.45278735686421445,0.5110386036691151,0.4763797169031616,0.5603126242073243,0.5024615034396386,0.5471968449170166,0.4600980585245529,0.6371921878749925,0.5298674459344462,0.48379986555806354,0.6062933738056039,0.5785827147443235,0.5271483274221981,0.5106099273719364,0.6625870604928616,0.5107989074079394,0.5454107573368978,0.5568263673550015,0.515042461490861,0.42190623566856794,0.6290366664486761,0.5616938917118004,0.49630088647649234,0.4925014003066635,0.6176267373739924,0.5378969735824239,0.5061020105898687
NFLX,0.39287748466176975,0.4349202039954658,0.3414818651923204,0.46229804780634304,0.3767333290152696,0.3656035106458825,0.5495710201556366,0.4021209109064185,0.5827780280664913,0.4464565723598539,0.48234660902144766,0.5539696319461279,0.37169164541686156,0.43305272542283046,0.6278355117037312,0.0,0.38274648717532256,0.3733501950182502,0.42266336530978754,0.6513678991620442,0.5626773463247624,0.32691050914619985,0.603883070740536,0.5767573254365357,0.6141115370080956,0.4428264910837469,0.5255475379019037,0.538434661797633,0.5812784676767507,0.4072253351882059,0.35445029483435453,0.559939120535849,0.4863300524855721,0.4150050181831775,0.6025860320553494,0.39860026922213015,0.44529836014253965,0.42503589589764257,0.5944827004943258,0.5514437597089659,0.5806620138235181,0.45163950301984757,0.48417456864523417,0.44164523388626387,0.6477207348146482,0.42092040291947375,0.5251724316404793
ADBE,0.25217751207406136,0.41111426523748545,0.38489847650558545,0.48170355920913627,0.35232833424011967,0.33944750039939875,0.46112540334132623,0.3024698591078495,0.5762068503351536,0.38743633350818535,0.4495102130766864,0.49910486142325,0.35986958542464903,0.3408970801676311,0.5978760992928065,0.38274648717532256,0.0,0.37112244132747885,0.3933632556712632,0.602546774988799,0.482244408333997,0.3545415394588853,0.5422496485284671,0.5661129073038571,0.5645318707255843,0.3768536986640966,0.5189806916942188,0.5389521532143449,0.5845270569161803,0.3782605644062044,0.3262304982558214,0.5089314358078335,0.49536742329789935,0.391909675624114,0.5700508887551301,0.41579901644630096,0.40094902294935336,0.37596390669288526,0.6017863793721975,0.4670272043507615,0.5371868655871245,0.4117507098273726,0.4795424700604657,0.3787275378390496,0.6232477776610231,0.3302913106241848,0.52222359708724
INTC,0.33047798010401314,0.4592963819323125,0.39010344001144814,0.4702755392627448,0.3938917307863917,0.3906291968132811,0.4482571187517117,0.35383901238813825,0.564534812322658,0.3813077024054013,0.4140329653898041,0.5319276455606152,0.3651600010975647,0.3423325241029855,0.5600159811121854,0.3733501950182502,0.37112244132747885,0.0,0.41909808056736236,0.6014586020989426,0.4893224501953158,0.3070468345650246,0.5806109737120528,0.5998310410479273,0.5646278073572716,0.3734117192935312,0.561824027340769,0.5135118693146092,0.6105183128521681,0.3155199040764622,0.3911120282421565,0.5243967593846689,0.4392951759991723,0.39423343114592246,0.6378633666436857,0.47044728083164294,0.43563719628113723,0.3675638136742968,0.6063380514633918,0.4895300323556972,0.5630965807325728,0.39292553131272034,0.39905235993066884,0.345098061857482,0.6338036214097872,0.3315506165717651,0.4707157578230943
PYPL,0.39104063061792493,0.5028389153182089,0.42776847409277613,0.4315041196355639,0.35150781097495853,0.3545966041829276,0.502836593643372,0.3276980594856109,0.6192411674246281,0.4329269874214346,0.4867102179235442,0.533210573941593,0.40249496280954405,0.402570284097954,0.6285076553598519,0.42266336530978754,0.3933632556712632,0.41909808056736236,0.0,0.6404948707337518,0.5338294030052153,0.37854118220046373,0.5543717428954589,0.5908377511077377,0.5677389854826239,0.43150741451596686,0.5420468548976964,0.5167369367980603,0.5744365087070386,0.398516572718333,0.37641680798541544,0.5162923426881773,0.4900328954960804,0.43172407313798006,0.5476120939081539,0.492703614244903,0.49123214638760576,0.40813854995426496,0.5688245760557782,0.5182471168673141,0.5951306945750127,0.392911785539494,0.4840193988383258,0.4220910488556239,0.6641967671385711,0.467395703964431,0.5366860662242378
T,0.5626710820553293,0.5729819181459697,0.6589868531864983,0.7022307217825597,0.5861057501829183,0.5818633017992049,0.4823794721569302,0.6288780618060396,0.506654906767811,0.5348737392801728,0.6259130747866163,0.5254136446865302,0.6114837666224934,0.6306201051550683,0.4200699966961347,0.6513678991620442,0.602546774988799,0.6014586020989426,0.6404948707337518,0.0,0.45629940352988085,0.5374945988037424,0.48175718611476914,0.47256526059840903,0.515967607307969,0.5328023313137131,0.5066328082997591,0.601714403066073,0.5712856442580516,0.5273392429834566,0.6205008421659066,0.6156967011812552,0.5981756554071651,0.491047766007789,0.6304252449934492,0.5340013581453962,0.5515531766716169,0.5590382994118599,0.6065000425936814,0.48980751671862255,0.6116814827991821,0.5814516958422792,0.5081525898656389,0.5065648241904459,0.5979175198480641,0.5253246380774463,0.5626303034618534
PFE,0.4352921182652622,0.5504599888108467,0.5408201621997342,0.5705985588725464,0.4934343132712782,0.48312805022172073,0.324109812370542,0.4372488544771503,0.49752755530125625,0.40058786431570337,0.46150867901894993,0.4540936882920188,0.4827614246474143,0.500371867861332,0.45278735686421445,0.5626773463247624,0.482244408333997,0.4893224501953158,0.5338294030052153,0.45629940352988085,0.0,0.4376486003547257,0.42238267815976827,0.580498685660342,0.45475581086619166,0.4092223255582713,0.4172649250544289,0.5181594103786168,0.5304185087123575,0.40661997963488733,0.5199198116008608,0.5438245147340758,0.503106878908098,0.45052906585064756,0.5616484203753798,0.41603442083520625,0.4705219940292594,0.4446973921649466,0.5579595941557979,0.2838810719099332,0.5428519197274764,0.4817466090366782,0.4220675809698939,0.3940942035713495,0.6323432266854011,0.47774944332234937,0.4597351768789275
CSCO,0.2840826776008175,0.408990074883762,0.3332244234242522,0.4668919555935767,0.32392459508116,0.3119440785421393,0.42275782828640096,0.3259348270077439,0.534322179207759,0.35757170153333884,0.44748470554192143,0.5038785739982636,0.342906773213104,0.3600135696461832,0.5110386036691151,0.32691050914619985,0.3545415394588853,0.3070468345650246,0.37854118220046373,0.5374945988037424,0.4376486003547257,0.0,0.5082117598577469,0.5253007745788106,0.5454656974530684,0.34759902049234265,0.47837860772558766,0.49482730454944945,0.5353693320618402,0.28100619239621594,0.37498982641865347,0.48201644079677725,0.415744980766122,0.3662808488983137,0.5970671133736116,0.4044674652791404,0.3571297464464172,0.30206072421452845,0.5503372478664414,0.4504737430437451,0.5064344209537595,0.39121400808363577,0.3530236396072259,0.3375753879315807,0.6443045669333891,0.3514327480128796,0.4377543368122047
MRK,0.5183055849313702,0.5832393750081267,0.6050160671936744,0.5967845678385266,0.5265567403754562,0.5241139651421529,0.4315839241647839,0.532651436492079,0.513135885488729,0.5324300137986392,0.5806485886928358,0.5331759018370684,0.5894071831193262,0.5988039068944963,0.4763797169031616,0.603883070740536,0.5422496485284671,0.5806109737120528,0.5543717428954589,0.48175718611476914,0.42238267815976827,0.5082117598577469,0.0,0.5551424305041369,0.49920542302463145,0.5311309640036757,0.4718081053209808,0.5635296473772342,0.5340627492624701,0.4799073524275879,0.5941768742178728,0.5686716553954979,0.5437286503358498,0.46383838955564527,0.6043462030053587,0.48806461672069085,0.5108607261716013,0.532150572648117,0.5860988963818331,0.4214646571567868,0.6356457405609197,0.5339338095806886,0.4794661120508229,0.4723312405547671,0.5956445135778153,0.5503598996717433,0.5564504485785495
CMCSA,0.5142924026815618,0.5598737436472788,0.6120401950574693,0.5938256892772744,0.4784380087075596,0.4853119445708639,0.5279102941932695,0.5529964418629674,0.5593815084487164,0.5177556651680424,0.554709079599656,0.6011203589960169,0.5693498342225249,0.6135080172572195,0.5603126242073243,0.5767573254365357,0.5661129073038571,0.5998310410479273,0.5908377511077377,0.47256526059840903,0.580498685660342,0.5253007745788106,0.5551424305041369,0.0,0.5653183398825535,0.5461999479742702,0.543232489542153,0.5014825865995066,0.5943340831909134,0.5210512079130658,0.5616378586793247,0.5517961360775031,0.6007211039869015,0.5092259874774384,0.6155525615583314,0.5376219393800525,0.5199704798591734,0.5261413092700741,0.5733604329244802,0.521716169181703,0.601049226365141,0.5102372237144418,0.47381608027672534,0.5167957909287514,0.6589093894000071,0.5213739774580007,0.5208954135662713
PEP,0.5376042849180482,0.5410144577537155,0.6118167377049462,0.5940952431505521,0.5588196591626658,0.5551952490317784,0.3801574846291723,0.5304457557488184,0.3695852355576623,0.5934723305535078,0.5293052334118712,0.5453643008306912,0.5625927909494397,0.6063976927224073,0.5024615034396386,0.6141115370080956,0.5645318707255843,0.5646278073572716,0.5677389854826239,0.515967607307969,0.45475581086619166,0.5454656974530684,0.49920542302463145,0.5653183398825535,0.0,0.605719037888964,0.351356916241103,0.5657672644005636,0.5166060050605066,0.4874032872495031,0.5688341087411105,0.5762977043165757,0.5999945839123499,0.5499382375099259,0.5321316588918679,0.5531373907027892,0.5526633527330833,0.5611379974263337,0.4963896912091286,0.45884869756301433,0.6062960119792898,0.47633708103786976,0.5062872550814085,0.49455830953817237,0.5585631005506724,0.5699205898247168,0.5490868102247347
BAC,0.3134344319182721,0.4737407892720993,0.39100383659455223,0.47944026269531803,0.3534301838111845,0.34316517059734103,0.4304648342113537,0.35289227697034925,0.6255069325728632,0.16565437850256634,0.47144323014888023,0.4941904024133232,0.37970294026369605,0.4204882007012628,0.5471968449170166,0.4428264910837469,0.3768536986640966,0.3734117192935312,0.43150741451596686,0.5328023313137131,0.4092223255582713,0.34759902049234265,0.5311309640036757,0.5461999479742702,0.605719037888964,0.0,0.5408460025563242,0.5139483601220258,0.5935579281565301,0.3364552833618878,0.3996686047931736,0.5220129929671182,0.46791887578340335,0.38286206947464335,0.5932447286086796,0.4241018639715493,0.4292328724443434,0.35303159385571176,0.6397633383967432,0.4313638408624308,0.5483391056401105,0.40383838623535445,0.3766565975072297,0.3870043533051727,0.6985186305718339,0.39026488530872594,0.45510013237682523
KO,0.4765691511510093,0.5264026745493168,0.5210492629882038,0.576684201000303,0.5281960156296436,0.5217023770177976,0.39223681429233714,0.4973553109606882,0.36560044906670947,0.534790654615605,0.48152139883468675,0.49314556495711503,0.5263535917643863,0.5986514219598172,0.4600980585245529,0.5255475379019037,0.5189806916942188,0.561824027340769,0.5420468548976964,0.5066328082997591,0.4172649250544289,0.47837860772558766,0.4718081053209808,0.543232489542153,0.351356916241103,0.5408460025563242,0.0,0.5730049990653839,0.4612287517869188,0.4752948768306595,0.5242415835134198,0.5669816855662809,0.5164106604046037,0.4681456017709801,0.5299871813630377,0.4608926351894939,0.4871377490500346,0.5202530214912766,0.47599736663773196,0.4338719881620779,0.5835471249905929,0.49745074917122856,0.470706490254725,0.46869047913311623,0.5537936840607123,0.5710668143118495,0.46534424961516596
XOM,0.524488810847712,0.5406969787785361,0.5544827304531325,0.4849942544102466,0.49351701180844365,0.5002452315646786,0.507098672027759,0.46631577606824465,0.5477573719299257,0.47127585850252623,0.46490625137104086,0.5947142179727756,0.48250351499803223,0.5352048239713116,0.6371921878749925,0.538434661797633,0.5389521532143449,0.5135118693146092,0.5167369367980603,0.601714403066073,0.5181594103786168,0.49482730454944945,0.5635296473772342,0.5014825865995066,0.5657672644005636,0.5139483601220258,0.5730049990653839,0.0,0.5565811328298355,0.4942214872019649,0.5797075441060521,0.5770940951831209,0.4140313624795101,0.5123233064364269,0.5901441633511585,0.5081421223276174,0.5083092286784991,0.46423815271347163,0.6350081181430448,0.4566129550022565,0.6055645614433848,0.45003711876503455,0.5005535257799825,0.49795962755873363,0.6654828308043689,0.5054825120366769,0.5451006905529739
WMT,0.5778650752002432,0.579080215497968,0.6107779116234117,0.5953878112634179,0.6122270240148977,0.6027562027306698,0.49311845390336057,0.5581154120000282,0.517039364920693,0.5854763984874606,0.5257660257420343,0.5547381641141242,0.538860005280432,0.6228310747491133,0.5298674459344462,0.5812784676767507,0.5845270569161803,0.6105183128521681,0.5744365087070386,0.5712856442580516,0.5304185087123575,0.5353693320618402,0.5340627492624701,0.5943340831909134,0.5166060050605066,0.5935579281565301,0.4612287517869188,0.5565811328298355,0.0,0.5203243150022439,0.6371835672849374,0.6173777728858619,0.5699477898172651,0.5594500698261291,0.5865350954665789,0.5490808031659018,0.4543756864931917,0.5483404490222745,0.508661606824424,0.48531436481351475,0.5813909191870419,0.577986053212523,0.5382468210752088,0.5496692055373654,0.6578786736473923,0.5838495380287136,0.5743043769108934
ABT,0.3154912546082396,0.45302620307920255,0.36973836991344494,0.4647543981849824,0.322475680868624,0.31594677437185736,0.3202643676664329,0.3350194048409773,0.5340481357736879,0.3307031420947558,0.4134980014117595,0.4695026969683771,0.3617434743924745,0.39749597701717565,0.48379986555806354,0.4072253351882059,0.3782605644062044,0.3155199040764622,0.398516572718333,0.5273392429834566,0.40661997963488733,0.28100619239621594,0.4799073524275879,0.5210512079130658,0.4874032872495031,0.3364552833618878,0.4752948768306595,0.4942214872019649,0.5203243150022439,0.0,0.423450651300754,0.4657082287523435,0.42088694659761033,0.32434119908716214,0.606486889062154,0.4196534739205162,0.4081901185052124,0.33623281944854844,0.5538817958364962,0.38362101092016004,0.5315893913065278,0.35230416933127706,0.2972934022530149,0.2740093135044887,0.6707363206783,0.3670195191376347,0.42510510615769764
CRM,0.32687029596618444,0.43050395300003635,0.4035085170946926,0.45965195046209206,0.3441720736500096,0.3420843345892247,0.5193542859382184,0.331096250313618,0.5900208561823658,0.4188111693050888,0.4713737746884318,0.5219256901928138,0.3496672379225347,0.38877677756106643,0.6062933738056039,0.35445029483435453,0.3262304982558214,0.3911120282421565,0.37641680798541544,0.6205008421659066,0.5199198116008608,0.37498982641865347,0.5941768742178728,0.5616378586793247,0.5688341087411105,0.3996686047931736,0.5242415835134198,0.5797075441060521,0.6371835672849374,0.423450651300754,0.0,0.4875608876510959,0.529587961126777,0.4324533820965115,0.5982167884961868,0.4537402962736891,0.48199534187490795,0.4220395102093479,0.6037877871503727,0.5098375093589468,0.5852500865773914,0.4108509468642507,0.48029489327842206,0.4158212331659887,0.6545506402412217,0.3883183746527115,0.5178159576434331
ABBV,0.4913443627937825,0.5800801310345096,0.526549385857123,0.4797109509906337,0.4357567113837518,0.4373087668156199,0.4714175136045316,0.45926950758657914,0.5733087411889444,0.498237237778595,0.48565490333470085,0.528191647567272,0.48563093536392427,0.5274756132714387,0.5785827147443235,0.559939120535849,0.5089314358078335,0.5243967593846689,0.5162923426881773,0.6156967011812552,0.5438245147340758,0.48201644079677725,0.5686716553954979,0.5517961360775031,0.5762977043165757,0.5220129929671182,0.5669816855662809,0.5770940951831209,0.6173777728858619,0.4657082287523435,0.4875608876510959,0.0,0.5181882763686775,0.48529153924809854,0.6610982102288393,0.5245686432839054,0.5478496794943722,0.3936523832231965,0.6571512948577972,0.4907652320143223,0.5645385638026563,0.4562943516826235,0.4828560028774444,0.45584109227891245,0.6500448321221733,0.4766189963240933,0.5236624007952846
CVX,0.4370397314720625,0.5423135143855523,0.44433985494248224,0.47523299032419636,0.4773610394121689,0.476744804152789,0.4697380071728711,0.440353246248897,0.5802679659943457,0.4276983492834598,0.40137534393572244,0.5227686800401355,0.4323335785447857,0.5111134638023318,0.5271483274221981,0.4863300524855721,0.49536742329789935,0.4392951759991723,0.4900328954960804,0.5981756554071651,0.503106878908098,0.415744980766122,0.5437286503358498,0.6007211039869015,0.5999945839123499,0.46791887578340335,0.5164106604046037,0.4140313624795101,0.5699477898172651,0.42088694659761033,0.529587961126777,0.5181882763686775,0.0,0.41955459056764743,0.5856240448449992,0.4509191082326231,0.4852860591116984,0.3961383287502278,0.6153522999123319,0.45877491041629215,0.5803553046380497,0.44892686139887794,0.4749392593639491,0.4032371108310759,0.6704690243225453,0.4765286566869472,0.48655966922725813
TMO,0.37562752478631434,0.433342600443048,0.41385586485148657,0.520419349581449,0.3805862098210429,0.3728780787243756,0.4366900939216378,0.369847472744324,0.5409947015459398,0.3603109352003584,0.45253604429623273,0.4488022163243468,0.4027500578253167,0.47565242198541274,0.5106099273719364,0.4150050181831775,0.391909675624114,0.39423343114592246,0.43172407313798006,0.491047766007789,0.45052906585064756,0.3662808488983137,0.46383838955564527,0.5092259874774384,0.5499382375099259,0.38286206947464335,0.4681456017709801,0.5123233064364269,0.5594500698261291,0.32434119908716214,0.4324533820965115,0.48529153924809854,0.41955459056764743,0.0,0.5632190735442488,0.4052543576332993,0.45094289726442854,0.35601916589514027,0.6255879452850911,0.4286743692051362,0.5549718502084086,0.40227631075154,0.4081649099386829,0.27961660730048554,0.6172718224847044,0.39152902049378724,0.4362554633188507
MCD,0.5784673942974708,0.5475622788334912,0.5927580728952925,0.5705648809423156,0.5808010391535365,0.5708580906586709,0.558806997121181,0.5054654846633241,0.5870747736200461,0.5613757592340403,0.5432214212285547,0.5543173680486514,0.5509133467896172,0.6215029473129889,0.6625870604928616,0.6025860320553494,0.5700508887551301,0.6378633666436857,0.5476120939081539,0.6304252449934492,0.5616484203753798,0.5970671133736116,0.6043462030053587,0.6155525615583314,0.5321316588918679,0.5932447286086796,0.5299871813630377,0.5901441633511585,0.5865350954665789,0.606486889062154,0.5982167884961868,0.6610982102288393,0.5856240448449992,0.5632190735442488,0.0,0.5834270105789533,0.6048640530071073,0.6056024708478472,0.5654609525410508,0.5775223748529135,0.6478459780330044,0.5347987343559885,0.5946104992583974,0.5309614328515638,0.6382371338420848,0.6149302006850295,0.583794584682591
AMGN,0.38933543925789355,0.4617437577098585,0.4388681926618149,0.4846024347776574,0.43751653203692975,0.4246408752860436,0.44897948840213925,0.4458120688889199,0.5415206533250052,0.4264057552508373,0.42968286337245687,0.4864987325555728,0.45645432717024786,0.48781435834141884,0.5107989074079394,0.39860026922213015,0.41579901644630096,0.47044728083164294,0.492703614244903,0.5340013581453962,0.41603442083520625,0.4044674652791404,0.48806461672069085,0.5376219393800525,0.5531373907027892,0.4241018639715493,0.4608926351894939,0.5081421223276174,0.5490808031659018,0.4196534739205162,0.4537402962736891,0.5245686432839054,0.4509191082326231,0.4052543576332993,0.5834270105789533,0.0,0.4335552866370478,0.4260016409513439,0.5737993066616852,0.3634927542600836,0.5232433846921728,0.45572373023276497,0.4678859110298896,0.40835225958248655,0.5886769802073224,0.4007732222602803,0.4865758145364362
COST,0.36829999577944633,0.46409843995559835,0.4632343408389237,0.5564443409424913,0.4488713689958844,0.4425802052714562,0.4634739548174497,0.4076112380805066,0.5261214391072124,0.42362758647570387,0.4042034627015608,0.5411752551500937,0.4365177169818051,0.455206313089475,0.5454107573368978,0.44529836014253965,0.40094902294935336,0.43563719628113723,0.49123214638760576,0.5515531766716169,0.4705219940292594,0.3571297464464172,0.5108607261716013,0.5199704798591734,0.5526633527330833,0.4292328724443434,0.4871377490500346,0.5083092286784991,0.4543756864931917,0.4081901185052124,0.48199534187490795,0.5478496794943722,0.4852860591116984,0.45094289726442854,0.6048640530071073,0.4335552866370478,0.0,0.3772879552154335,0.5672690317212926,0.47581028414566245,0.6013076247819348,0.46847842081166463,0.45508376865762235,0.4540016961670948,0.6243360537665544,0.3771156292246975,0.47110720490302344
ACN,0.3317445516510266,0.4557217608612338,0.39566457667209776,0.4733335165207971,0.32928309573461023,0.3262269285150019,0.40691520446791735,0.32847452345743083,0.5614777210188491,0.3351194882316203,0.41115061236809397,0.46795765136400164,0.3251409747915087,0.38358648376017773,0.5568263673550015,0.42503589589764257,0.37596390669288526,0.3675638136742968,0.40813854995426496,0.5590382994118599,0.4446973921649466,0.30206072421452845,0.532150572648117,0.5261413092700741,0.5611379974263337,0.35303159385571176,0.5202530214912766,0.46423815271347163,0.5483404490222745,0.33623281944854844,0.4220395102093479,0.3936523832231965,0.3961383287502278,0.35601916589514027,0.6056024708478472,0.4260016409513439,0.3772879552154335,0.0,0.6176753275947692,0.44152742846585186,0.5353633803643747,0.3832717132788721,0.39426576281129955,0.33233478752304096,0.6496220963389918,0.37036147912080214,0.4494933216871973
NEE,0.5605444141257071,0.5816850386009741,0.6127572693639094,0.5875912735430858,0.6143422132223434,0.6044216309738423,0.5444007860130288,0.5511980335752508,0.5263244173582067,0.6492473725441973,0.5240024655821817,0.5936268963690455,0.5404317316547916,0.6389068841245749,0.515042461490861,0.5944827004943258,0.6017863793721975,0.6063380514633918,0.5688245760557782,0.6065000425936814,0.5579595941557979,0.5503372478664414,0.5860988963818331,0.5733604329244802,0.4963896912091286,0.6397633383967432,0.47599736663773196,0.6350081181430448,0.508661606824424,0.5538817958364962,0.6037877871503727,0.6571512948577972,0.6153522999123319,0.6255879452850911,0.5654609525410508,0.5737993066616852,0.5672690317212926,0.6176753275947692,0.0,0.5386346912356651,0.5830273286677741,0.5879237636992463,0.5956047243423893,0.5633224642072528,0.6296692106179435,0.6340125574916688,0.570473440714881
LLY,0.4140619608051194,0.5330416990455681,0.5405278681193909,0.46020654709682857,0.4532654918144601,0.4468190620746722,0.30043280285706125,0.42300616138014174,0.5002399356945155,0.4090494380068934,0.4208257779423331,0.46012497608132646,0.4576041769526767,0.49790763298893315,0.42190623566856794,0.5514437597089659,0.4670272043507615,0.4895300323556972,0.5182471168673141,0.48980751671862255,0.2838810719099332,0.4504737430437451,0.4214646571567868,0.521716169181703,0.45884869756301433,0.4313638408624308,0.4338719881620779,0.4566129550022565,0.48531436481351475,0.38362101092016004,0.5098375093589468,0.4907652320143223,0.45877491041629215,0.4286743692051362,0.5775223748529135,0.3634927542600836,0.47581028414566245,0.44152742846585186,0.5386346912356651,0.0,0.5190273083280997,0.43797690949516616,0.4077415321037665,0.35218814071115034,0.6162872437172848,0.4484267434677696,0.41601550941401527
BMY,0.5454260269417462,0.5681836893517958,0.6095650614090211,0.6022712008146847,0.5835760408658205,0.575176903014007,0.5321239580159418,0.5589186253144369,0.5482245388333085,0.5398566666120564,0.5963185057913416,0.6623918355344038,0.5595261512609179,0.5760392121398582,0.6290366664486761,0.5806620138235181,0.5371868655871245,0.5630965807325728,0.5951306945750127,0.6116814827991821,0.5428519197274764,0.5064344209537595,0.6356457405609197,0.601049226365141,0.6062960119792898,0.5483391056401105,0.5835471249905929,0.6055645614433848,0.5813909191870419,0.5315893913065278,0.5852500865773914,0.5645385638026563,0.5803553046380497,0.5549718502084086,0.6478459780330044,0.5232433846921728,0.6013076247819348,0.5353633803643747,0.5830273286677741,0.5190273083280997,0.0,0.6273001946841629,0.5521120752446376,0.5292135671034901,0.628552868209456,0.5476039202163561,0.5812238912317549
LIN,0.37164085390876545,0.4636970640981911,0.41189436240497257,0.4052586093734801,0.3282287019174305,0.3310328452461039,0.39684893827038253,0.31685661919295877,0.5335847564357395,0.39635276041383555,0.42427584695190573,0.44555249253972895,0.370542399964504,0.4151155606292972,0.5616938917118004,0.45163950301984757,0.4117507098273726,0.39292553131272034,0.392911785539494,0.5814516958422792,0.4817466090366782,0.39121400808363577,0.5339338095806886,0.5102372237144418,0.47633708103786976,0.40383838623535445,0.49745074917122856,0.45003711876503455,0.577986053212523,0.35230416933127706,0.4108509468642507,0.4562943516826235,0.44892686139887794,0.40227631075154,0.5347987343559885,0.45572373023276497,0.46847842081166463,0.3832717132788721,0.5879237636992463,0.43797690949516616,0.6273001946841629,0.0,0.386021031375427,0.31701716930982937,0.6223690426998998,0.39252242109463414,0.4730153535582198
MDT,0.38425526711209335,0.4964009060471032,0.4416424478867689,0.47832763817890067,0.3904476921617018,0.39341389062773174,0.3807332833078101,0.3976866366896778,0.5129875517743273,0.38377041410284524,0.4567157454102675,0.5108110033723194,0.438515975293396,0.4384238713295489,0.49630088647649234,0.48417456864523417,0.4795424700604657,0.39905235993066884,0.4840193988383258,0.5081525898656389,0.4220675809698939,0.3530236396072259,0.4794661120508229,0.47381608027672534,0.5062872550814085,0.3766565975072297,0.470706490254725,0.5005535257799825,0.5382468210752088,0.2972934022530149,0.48029489327842206,0.4828560028774444,0.4749392593639491,0.4081649099386829,0.5946104992583974,0.4678859110298896,0.45508376865762235,0.39426576281129955,0.5956047243423893,0.4077415321037665,0.5521120752446376,0.386021031375427,0.0,0.35902819599439534,0.633446491949446,0.45060944140899645,0.3919235245602956
DHR,0.32287238265953355,0.46268685828250405,0.42614702453713,0.4290273202229291,0.3091937359587761,0.3012538646968842,0.3338628408562499,0.3212450706560943,0.5162232280594145,0.36170155891294,0.39945199947232324,0.4128062052923491,0.36365007380695313,0.42815108428895005,0.4925014003066635,0.44164523388626387,0.3787275378390496,0.345098061857482,0.4220910488556239,0.5065648241904459,0.3940942035713495,0.3375753879315807,0.4723312405547671,0.5167957909287514,0.49455830953817237,0.3870043533051727,0.46869047913311623,0.49795962755873363,0.5496692055373654,0.2740093135044887,0.4158212331659887,0.45584109227891245,0.4032371108310759,0.27961660730048554,0.5309614328515638,0.40835225958248655,0.4540016961670948,0.33233478752304096,0.5633224642072528,0.35218814071115034,0.5292135671034901,0.31701716930982937,0.35902819599439534,0.0,0.6142577778067887,0.3753589027160135,0.42757504171853344
