,MSFT,AAPL,AMZN,FB,GOOGL,GOOG,JNJ,V,PG,JPM,HD,UNH,MA,NVDA,VZ,NFLX,ADBE,INTC,PYPL,T,PFE,CSCO,MRK,CMCSA,PEP,BAC,KO,XOM,WMT,ABT,CRM,ABBV,CVX,TMO,MCD,AMGN,COST,ACN,NEE,LLY,BMY,LIN,MDT,DHR,PM,TXN,NKE
MSFT,0.0,0.17483229097692815,0.30461674809854694,0.2181977934531066,0.1775906732492652,0.1833651039334873,0.327039151963278,0.23594398266100952,0.31744246796877235,0.22852060643515915,0.25603042519118474,0.29630827298086493,0.2665063004642142,0.2294525825674396,0.3305346314711327,0.3465318266241909,0.19685732762223654,0.2500350492935008,0.1978217444710901,0.29956314173472204,0.33394937745469044,0.25015493584443527,0.3089568285438582,0.2831629543701255,0.2731678162215578,0.22205216033141142,0.3373336109525532,0.3366818079284321,0.3654939210702826,0.3035300220947684,0.2353191106894013,0.3271145153947989,0.36183325912613584,0.3822849387329396,0.3418117477776327,0.2793142267882518,0.3197000353591112,0.24045298197055526,0.32622393921382786,0.3410599877623526,0.3231983197066131,0.22067713451446322,0.30857558227649495,0.2769780302294038,0.2694821753995201,0.24240744474240328,0.33224474584706437
AAPL,0.17483229097692815,0.0,0.35532203513137717,0.23308272745867278,0.19679226689503485,0.19414009010386454,0.3257425913741525,0.21241551258419575,0.3245921922670323,0.2409347309784289,0.27063660211816726,0.2818954041559939,0.2246619365986566,0.2567581752598727,0.3435148639261332,0.3878857402541908,0.25189039938348784,0.27912349126196556,0.19627888962480003,0.27360334064320907,0.34745539401515463,0.244509728277133,0.34014452794615513,0.28988628534699185,0.290261189444999,0.2166655291326626,0.31155920202630044,0.3265520726196479,0.3849919495187088,0.27388187657825036,0.27432718595650496,0.3262175763093208,0.36727714779218945,0.3379073256732963,0.32633557823208803,0.2724957920396165,0.30586291541135713,0.23886600918967624,0.33061385453113484,0.3309756707049544,0.3284846184917619,0.20727828791192138,0.3087375642275801,0.2483874259444471,0.30166738023558437,0.2615325272662425,0.3113493420058102
AMZN,0.30461674809854694,0.35532203513137717,0.0,0.3661310126265473,0.32194803982048764,0.3244770506455619,0.4387402633029433,0.42817495583463233,0.40663893494338277,0.40283157657060664,0.3862433929473467,0.44426162591369056,0.4313695429284559,0.36196521868545145,0.37664704409909333,0.34077124546451804,0.3005888969005708,0.3514648997946552,0.3843209245560006,0.38835194021925595,0.40230422073717104,0.3499584593312753,0.42661341551438886,0.36175289854579445,0.3762819408340504,0.38505082404689106,0.4328153180728672,0.453585663507836,0.3837025328238392,0.44359314818659695,0.3228003971398915,0.44362833274300006,0.5142143770236628,0.468819976132795,0.4707753945362902,0.3955101378108398,0.35096133729077367,0.3511484866843728,0.43383566745650926,0.4170319407456592,0.4463450292621803,0.3794442055158729,0.4559346160117571,0.43279221810652313,0.4130678458760894,0.32892896042805775,0.45385358991047015
FB,0.2181977934531066,0.23308272745867278,0.3661310126265473,0.0,0.2083908380407595,0.2085472168389328,0.398062969196191,0.26883680958628475,0.4135331860626839,0.30169110675166516,0.28820249126238107,0.33033698238901094,0.3054171919199961,0.2534111957708289,0.41216613675548014,0.36833744420118547,0.26524874374921464,0.32245553544976197,0.23449350833861132,0.3842298145634167,0.4073939553722766,0.2907071301374652,0.363639280939918,0.35242630369121536,0.37394804096691114,0.2811453100147433,0.42795088107925017,0.3840831086796827,0.43227207880415663,0.3716873429654196,0.2634652014355425,0.32471521141120613,0.38647362738950913,0.3943020978333857,0.3196587289878202,0.3570152341040607,0.39445490081695184,0.27218369827025507,0.38195973421792956,0.4276465731911916,0.37522925255159945,0.25721318803768584,0.3322042628220744,0.3371658198444182,0.3414198310218521,0.309237308547531,0.3372664112981168
GOOGL,0.1775906732492652,0.19679226689503485,0.32194803982048764,0.2083908380407595,0.0,0.0258449159626714,0.35765297225346027,0.23247711261187362,0.3613218176835865,0.26592099651654183,0.2732398868520574,0.30971186911703574,0.2655676185588553,0.22811829292510602,0.3658643545366828,0.3566311689874094,0.22638626166394032,0.2910845464674192,0.21132516787056896,0.31520056515502726,0.3540004123063801,0.24784661084925666,0.330067366294012,0.3031549624204902,0.3170837692787001,0.24349674769718269,0.3494038062634002,0.34078282181474695,0.40888682651685737,0.3296469972991383,0.23460063935038053,0.320764981544748,0.3708448500487136,0.3621545504580747,0.31697170471323177,0.3287520926874514,0.3548570052629216,0.2317114045246636,0.3309584024465324,0.3782201842676351,0.3295315640780789,0.22696369705049635,0.3029558689953068,0.2818359129637249,0.2983216369123648,0.24249798373249842,0.3255837379071732
GOOG,0.1833651039334873,0.19414009010386454,0.3244770506455619,0.2085472168389328,0.0258449159626714,0.0,0.3567193549859634,0.23407361636788107,0.3593622857841758,0.26665941957521233,0.2777596887939535,0.3183841575795219,0.26337933095033467,0.23696763220267797,0.37065760304705125,0.362216010961844,0.23314462403070155,0.2978286048140663,0.21283986868265994,0.31680560436502175,0.3540171731791561,0.24549252276553601,0.3342306833807416,0.308257921526613,0.3242471217058166,0.2428523909178023,0.3511434113313473,0.34504879267754196,0.41168921227149696,0.32967098497623265,0.24228882822565503,0.31929927168076,0.37265368812649535,0.35824576975431766,0.3147215676005026,0.32809273198495,0.3567233894954038,0.23022617828849615,0.33802248122857514,0.3802836273181683,0.33481900158836836,0.22655678280407227,0.308729844352028,0.282348313312626,0.3054958905242776,0.25127212853463676,0.32900720144978224
JNJ,0.327039151963278,0.3257425913741525,0.4387402633029433,0.398062969196191,0.35765297225346027,0.3567193549859634,0.0,0.3423529001396213,0.23132107854742548,0.3472462899722745,0.40909815338310307,0.3571715439346173,0.3644315934852638,0.41928898192266617,0.30512126617980845,0.513226840044542,0.4171558501128315,0.39025758567717317,0.3413939538841665,0.27268244073460696,0.2436205194410903,0.31360052168069114,0.2828329821143145,0.38286239881023393,0.2933022006172323,0.31916905400835266,0.2946063319019756,0.4120136708250093,0.35717265868251385,0.18481940434784896,0.4092497509014072,0.3832543860436232,0.4251394513278052,0.2745576481646351,0.4267728726338613,0.27421840614965254,0.32949809796863,0.3275541015479341,0.2926913794769293,0.2762354390775687,0.3226685223744081,0.3329464982981696,0.39575777263181255,0.3248214857524846,0.3419739896372078,0.3539354296231893,0.38225099223631837
V,0.23594398266100952,0.21241551258419575,0.42817495583463233,0.26883680958628475,0.23247711261187362,0.23407361636788107,0.3423529001396213,0.0,0.3810228844454976,0.21477565629523568,0.2908576046894157,0.2348522143400121,0.1523389976002724,0.262731079040296,0.40086097462437725,0.4615044784452319,0.3171063851172287,0.3636680176417914,0.18952359293717524,0.30101457974592155,0.3948685592549113,0.2922987930330019,0.32938330323439474,0.3481659388555423,0.34516787067478527,0.20540842613258958,0.3283257161068854,0.28767540633294153,0.46423083712211766,0.2897178935574481,0.278919674161601,0.32050028943950953,0.285585604860477,0.34294950322541407,0.23374932443907345,0.3505383786115713,0.381385600828404,0.24888142589073567,0.3158991117527712,0.4119994447073767,0.3312201081410767,0.24026685065389317,0.2137337018761251,0.2732657623779911,0.29441469278904314,0.31366927160545416,0.22248609151044388
PG,0.31744246796877235,0.3245921922670323,0.40663893494338277,0.4135331860626839,0.3613218176835865,0.3593622857841758,0.23132107854742548,0.3810228844454976,0.0,0.36858192017880825,0.4011821842571436,0.40444682161350093,0.3873585049016615,0.404621532115801,0.27591564101561555,0.48715626268145085,0.3818527352939518,0.3572817157814451,0.3649107560294289,0.2483597344286951,0.2731921337253996,0.3017231569193548,0.3591685870713206,0.34953043639163467,0.23372989281083045,0.3268612440593916,0.32507021999000607,0.4275592211130725,0.29465776002441957,0.2620754088347509,0.427259910403222,0.40646995543608594,0.4850533294812711,0.3471086852627608,0.4746905208822606,0.23967411587356485,0.29920138469886304,0.34969235540526833,0.30266991634780455,0.2290894295366107,0.3575207824777359,0.35084695499755053,0.43387493754012113,0.31750842903447213,0.35075456088192075,0.3503439245841271,0.42114123731722103
JPM,0.22852060643515915,0.2409347309784289,0.40283157657060664,0.30169110675166516,0.26592099651654183,0.26665941957521233,0.3472462899722745,0.21477565629523568,0.36858192017880825,0.0,0.2728369230624432,0.2908222513507586,0.24395188838961424,0.30267505279109386,0.3845838084502814,0.4235235388053414,0.2573697053890326,0.2982291645161314,0.2057625689623881,0.29899202222071836,0.37155107116475633,0.31330882358600765,0.34239685134253844,0.2924757228864922,0.31875651888605533,0.13583163738495113,0.33999298479680834,0.30226132722820137,0.45728595578938813,0.31467913164797257,0.2942989692497815,0.32404380985035003,0.25813874495380124,0.38558125961021916,0.31429560430430553,0.3197429834918929,0.37802113430856316,0.24608855752609107,0.34992573399603977,0.38272028427658533,0.33006032843041716,0.21791163678243752,0.26343469650550266,0.26914799602661343,0.2558598400879136,0.29172014104264155,0.32819689008345276
HD,0.25603042519118474,0.27063660211816726,0.3862433929473467,0.28820249126238107,0.2732398868520574,0.2777596887939535,0.40909815338310307,0.2908576046894157,0.4011821842571436,0.2728369230624432,0.0,0.29960382197795865,0.30476100383940447,0.2587567226557538,0.41569429164582233,0.3662900615638582,0.2894058671674894,0.29523512204002,0.2292020568805065,0.3599643911320122,0.4024197286197017,0.3393587646971845,0.38120133569503606,0.31955760691267987,0.2757127125692877,0.28618643565834506,0.3544382848368585,0.34087345778335304,0.446395935658579,0.37747407834639546,0.2368051202095845,0.36609762858018385,0.33258337041432545,0.44044831407114976,0.2907703025762615,0.34818522342267827,0.39570072807122925,0.2831626784447796,0.33358576814782287,0.40828683365548507,0.3557235421865989,0.27473358408555687,0.2953673244589942,0.32081850195090156,0.26795425219508817,0.28382716838670113,0.33423689459444994
UNH,0.29630827298086493,0.2818954041559939,0.44426162591369056,0.33033698238901094,0.30971186911703574,0.3183841575795219,0.3571715439346173,0.2348522143400121,0.40444682161350093,0.2908222513507586,0.29960382197795865,0.0,0.28482969291216326,0.3051180033956199,0.378042441636068,0.45429047622587143,0.3536002655902545,0.36472907146906874,0.2816240694178066,0.31018820552461934,0.3760943821805217,0.35326535109793716,0.3478696180280442,0.3490980139765971,0.32309055548646914,0.28836702985271484,0.33604628061449476,0.3020943901558429,0.4567489567639134,0.3015388171241666,0.35149864198560044,0.3110296798072832,0.3107099720422505,0.40627376121481384,0.3342142825545309,0.3517553492948673,0.37363987907951024,0.31557404688722335,0.3049056809814136,0.35691221924252486,0.29573929955670586,0.28542247522331393,0.28046012552601707,0.314749665323673,0.25998187715027765,0.30700698243778,0.2810869320198126
MA,0.2665063004642142,0.2246619365986566,0.4313695429284559,0.3054171919199961,0.2655676185588553,0.26337933095033467,0.3644315934852638,0.1523389976002724,0.3873585049016615,0.24395188838961424,0.30476100383940447,0.28482969291216326,0.0,0.28593667823200797,0.4285576804305702,0.478629035845159,0.3424656759056977,0.3634013887259202,0.2103571812246182,0.30969310446030207,0.40017942232665743,0.29418409299032783,0.3918954155908256,0.36107932057813436,0.3467562855901127,0.22288797035611557,0.3076225628705454,0.3011953718302605,0.47523551416370224,0.3053877849798257,0.31930558482394944,0.35809983491041975,0.3194488891575129,0.37774529488194625,0.2841233965069322,0.3646490731101575,0.41575529884346407,0.29056562628904264,0.3410064810950587,0.42106633881236644,0.3743298932507974,0.23281117792870987,0.24546144017011617,0.3027891851096198,0.3307674377870653,0.3510832469230625,0.2391999644942573
NVDA,0.2294525825674396,0.2567581752598727,0.36196521868545145,0.2534111957708289,0.22811829292510602,0.23696763220267797,0.41928898192266617,0.262731079040296,0.404621532115801,0.30267505279109386,0.2587567226557538,0.3051180033956199,0.28593667823200797,0.0,0.4300045368788893,0.364859213574691,0.27307304698772866,0.30279418120931634,0.23381141789889054,0.3754532172054446,0.41878316180357156,0.30441895800962826,0.39407271842959835,0.353564504011229,0.3311988022376331,0.2768465842960992,0.3955615623208148,0.30638350635639244,0.44814390081966415,0.37267087763483703,0.2462344365666778,0.3867858697954473,0.3521335503836306,0.4027191805916722,0.3358115182204504,0.3334128412028168,0.42784326568028996,0.31116490061715757,0.3474633042677088,0.42513847742920724,0.3459881368390429,0.266974982851914,0.3186466730160035,0.30825861739124033,0.32093699592714614,0.25674154293507967,0.3171732851733875
VZ,0.3305346314711327,0.3435148639261332,0.37664704409909333,0.41216613675548014,0.3658643545366828,0.37065760304705125,0.30512126617980845,0.40086097462437725,0.27591564101561555,0.3845838084502814,0.41569429164582233,0.378042441636068,0.4285576804305702,0.4300045368788893,0.0,0.43263336146204623,0.36351602255490384,0.3492389262481225,0.39866359024167003,0.2512818321735087,0.3105888174847217,0.3499178859437478,0.31524224696701947,0.31487649349286584,0.29458145539358144,0.37807517015490893,0.33429920793496887,0.43579308356612023,0.30692210760536853,0.32653343685976455,0.4040173281998214,0.3774627697081205,0.4901049411841082,0.4088778507475107,0.49156199680628465,0.3253773609555303,0.23302959665202705,0.33799938672430974,0.3282863577667806,0.2654493386768132,0.37704081153150604,0.37404437646896954,0.41895049201043344,0.3293724228577536,0.34648946624632065,0.3393367856598144,0.43896685743603303
NFLX,0.3465318266241909,0.3878857402541908,0.34077124546451804,0.36833744420118547,0.3566311689874094,0.362216010961844,0.513226840044542,0.4615044784452319,0.48715626268145085,0.4235235388053414,0.3662900615638582,0.45429047622587143,0.478629035845159,0.364859213574691,0.43263336146204623,0.0,0.2846326570360405,0.3311941561448756,0.3915476064247877,0.4738326337537165,0.4440524611034686,0.4121286566343529,0.45594216259690085,0.38840762191956807,0.4096707771752561,0.43904503299315684,0.4850303389346922,0.4770475939915941,0.4334984083726047,0.5122527897405499,0.3348825936749496,0.4710362485948473,0.5150273900153814,0.542542324447789,0.48933473311428355,0.4303920573144303,0.4134840207680462,0.3945627989164692,0.48201446316647306,0.46156790564021044,0.47850769719073,0.39201621527807834,0.47704288284748236,0.42563970340173773,0.41865114309116863,0.34475207851306344,0.49749064417140404
ADBE,0.19685732762223654,0.25189039938348784,0.3005888969005708,0.26524874374921464,0.22638626166394032,0.23314462403070155,0.4171558501128315,0.3171063851172287,0.3818527352939518,0.2573697053890326,0.2894058671674894,0.3536002655902545,0.3424656759056977,0.27307304698772866,0.36351602255490384,0.2846326570360405,0.0,0.22327269978647524,0.24836727231514866,0.3360586064254577,0.3805867706064295,0.32175014146644315,0.3893813866914411,0.2469462415542084,0.3193131331081599,0.28326562882158235,0.39088763944734234,0.3914247519135152,0.38351029737510367,0.39811283325376473,0.2688920719005325,0.3736029630468805,0.4233859770530331,0.4581904016597325,0.4204946292954905,0.3473250420601284,0.3337100276483407,0.2925951558054712,0.4113223927638745,0.37963017434019847,0.39506812651789186,0.27616124022206673,0.36218870018726157,0.3221604959260815,0.29492532980826885,0.25225190438693806,0.4180995934006334
INTC,0.2500350492935008,0.27912349126196556,0.3514648997946552,0.32245553544976197,0.2910845464674192,0.2978286048140663,0.39025758567717317,0.3636680176417914,0.3572817157814451,0.2982291645161314,0.29523512204002,0.36472907146906874,0.3634013887259202,0.30279418120931634,0.3492389262481225,0.3311941561448756,0.22327269978647524,0.0,0.2988672501541721,0.34572124518297265,0.35568713936224255,0.31663872972618823,0.4005033729904966,0.29193130956730223,0.2889862424200156,0.31359986602670925,0.3797665821833377,0.40094833253066675,0.3622060091848483,0.36684540130481025,0.3117456459149679,0.4070062163894833,0.41761138352771543,0.42408304941217706,0.45220802734420806,0.32468146228500255,0.3503712925546185,0.34175087969104967,0.38905332256148045,0.34839748311232516,0.3902954652808607,0.26665043835399943,0.39942038030613836,0.29005761801190283,0.3271546484358194,0.2633734263626785,0.44038410671718964
PYPL,0.1978217444710901,0.19627888962480003,0.3843209245560006,0.23449350833861132,0.21132516787056896,0.21283986868265994,0.3413939538841665,0.18952359293717524,0.3649107560294289,0.2057625689623881,0.2292020568805065,0.2816240694178066,0.2103571812246182,0.23381141789889054,0.39866359024167003,0.3915476064247877,0.24836727231514866,0.2988672501541721,0.0,0.3091646450600695,0.3620456314973334,0.2756728630067112,0.3485762458950243,0.29641068246599833,0.2936255471840236,0.18842837788914202,0.3500434776307444,0.33301417382623916,0.42533748781019154,0.2916440587802259,0.23842014892861643,0.3417813295806504,0.31164837616515495,0.3559752038878481,0.28922801738844023,0.3154630452116654,0.36915379931592973,0.22628348724935662,0.34177497346409086,0.384297547026925,0.35060698747701774,0.2215884761166361,0.2805350251255163,0.2952106795722653,0.28447185598634533,0.2584380604134059,0.3167841034989264
T,0.29956314173472204,0.27360334064320907,0.38835194021925595,0.3842298145634167,0.31520056515502726,0.31680560436502175,0.27268244073460696,0.30101457974592155,0.2483597344286951,0.29899202222071836,0.3599643911320122,0.31018820552461934,0.30969310446030207,0.3754532172054446,0.2512818321735087,0.4738326337537165,0.3360586064254577,0.34572124518297265,0.3091646450600695,0.0,0.3106965608642442,0.3065597860967378,0.3461111849642983,0.2853090624051855,0.2538296956397658,0.2686450984843361,0.2566839038989385,0.388955201559497,0.3673361450681898,0.24680140673758638,0.3771214618482267,0.339862988556291,0.4239648956385753,0.3531829632950244,0.42179278905551004,0.30887795122122774,0.2864893675200916,0.2809591357373863,0.27313349415774896,0.2515507547316353,0.33767689205382906,0.2946586331866291,0.3586879734221374,0.29018064496028273,0.30597326713207634,0.31647709289801346,0.36067933602439767
PFE,0.33394937745469044,0.34745539401515463,0.40230422073717104,0.4073939553722766,0.3540004123063801,0.3540171731791561,0.2436205194410903,0.3948685592549113,0.2731921337253996,0.37155107116475633,0.4024197286197017,0.3760943821805217,0.40017942232665743,0.41878316180357156,0.3105888174847217,0.4440524611034686,0.3805867706064295,0.35568713936224255,0.3620456314973334,0.3106965608642442,0.0,0.31666522358715227,0.33266770769832715,0.3619216704235229,0.2913135640883056,0.35968461588953937,0.31486874202504944,0.45111014332747723,0.34683593759797243,0.2707209300946966,0.41409344508512946,0.36935784687411155,0.47385348138554406,0.35137040000383624,0.47736918232882486,0.29671153292058844,0.3303964711803694,0.3707271759689067,0.33357393102305766,0.2742401352111929,0.363713015880367,0.34055939635022586,0.4316541024781838,0.3247808367500654,0.3489530856554323,0.3574347858152482,0.4279718918411777
CSCO,0.25015493584443527,0.244509728277133,0.3499584593312753,0.2907071301374652,0.24784661084925666,0.24549252276553601,0.31360052168069114,0.2922987930330019,0.3017231569193548,0.31330882358600765,0.3393587646971845,0.35326535109793716,0.29418409299032783,0.30441895800962826,0.3499178859437478,0.4121286566343529,0.32175014146644315,0.31663872972618823,0.2756728630067112,0.3065597860967378,0.31666522358715227,0.0,0.3684828534050848,0.32237013298942857,0.3097154380236561,0.24963543807618072,0.38249696355426666,0.381598371189351,0.36809552473363,0.29095128414069155,0.31407887127565604,0.3363362144583743,0.42225692337224924,0.33502312618676316,0.3647008772739879,0.2865423789374735,0.35719541957225764,0.26322737935323576,0.3441790679649227,0.3349264367112663,0.3852345700910188,0.2915839870522802,0.3617586760585832,0.29772373647404365,0.3632335709321955,0.2893095800154475,0.3346430473884653
MRK,0.3089568285438582,0.34014452794615513,0.42661341551438886,0.363639280939918,0.330067366294012,0.3342306833807416,0.2828329821143145,0.32938330323439474,0.3591685870713206,0.34239685134253844,0.38120133569503606,0.3478696180280442,0.3918954155908256,0.39407271842959835,0.31524224696701947,0.45594216259690085,0.3893813866914411,0.4005033729904966,0.3485762458950243,0.3461111849642983,0.33266770769832715,0.3684828534050848,0.0,0.37697337025342076,0.35997658956286066,0.35642560256366296,0.3499673961068067,0.412536848160801,0.4045803082566467,0.30726913586538424,0.3457655457247583,0.34771124917626745,0.3755119599480908,0.336572437154734,0.37895255103274367,0.34305186592711673,0.36923803181903403,0.30631254823297493,0.3233681298239016,0.3492105644304973,0.30624047215744343,0.3362874325947519,0.3453853840515155,0.313376145803722,0.33312446184490035,0.3508625058972131,0.374757224833613
CMCSA,0.2831629543701255,0.28988628534699185,0.36175289854579445,0.35242630369121536,0.3031549624204902,0.308257921526613,0.38286239881023393,0.3481659388555423,0.34953043639163467,0.2924757228864922,0.31955760691267987,0.3490980139765971,0.36107932057813436,0.353564504011229,0.31487649349286584,0.38840762191956807,0.2469462415542084,0.29193130956730223,0.29641068246599833,0.2853090624051855,0.3619216704235229,0.32237013298942857,0.37697337025342076,0.0,0.2795673448337681,0.2993923993348445,0.33953961585718073,0.39311238429667333,0.3760581101825291,0.3630411410462386,0.33710053279359137,0.36287610078834864,0.4075685780400885,0.4427831621315958,0.45118678605723606,0.3281026840707841,0.3166704015092434,0.27836736419176783,0.3662337390742244,0.32774843360881295,0.37514732469470263,0.2929677224471951,0.3915974090728838,0.2921756896362038,0.2933223252376453,0.256605908423219,0.43691363657690924
PEP,0.2731678162215578,0.290261189444999,0.3762819408340504,0.37394804096691114,0.3170837692787001,0.3242471217058166,0.2933022006172323,0.34516787067478527,0.23372989281083045,0.31875651888605533,0.2757127125692877,0.32309055548646914,0.3467562855901127,0.3311988022376331,0.29458145539358144,0.4096707771752561,0.3193131331081599,0.2889862424200156,0.2936255471840236,0.2538296956397658,0.2913135640883056,0.3097154380236561,0.35997658956286066,0.2795673448337681,0.0,0.29067850611344476,0.271717098906377,0.3677391428429032,0.30614413919542693,0.27230077714755535,0.34323661286981694,0.3961827100349335,0.42869894371076606,0.40594415741143214,0.4221798970262253,0.241085034354952,0.3011450785602093,0.3211920955612017,0.2577886599144024,0.2447278842454617,0.3285183728078884,0.3017971983530674,0.3769041179712266,0.30657120798723836,0.2665510787040804,0.2786461843795948,0.3790080087955682
BAC,0.22205216033141142,0.2166655291326626,0.38505082404689106,0.2811453100147433,0.24349674769718269,0.2428523909178023,0.31916905400835266,0.20540842613258958,0.3268612440593916,0.13583163738495113,0.28618643565834506,0.28836702985271484,0.22288797035611557,0.2768465842960992,0.37807517015490893,0.43904503299315684,0.28326562882158235,0.31359986602670925,0.18842837788914202,0.2686450984843361,0.35968461588953937,0.24963543807618072,0.35642560256366296,0.2993923993348445,0.29067850611344476,0.0,0.3431483546580482,0.2893004079843899,0.4350194582754712,0.26166550644290587,0.28415676982130084,0.3144486550753142,0.29258073521110023,0.35010448304861463,0.30380726211957826,0.2841266910075637,0.3779430425997254,0.22549876255474297,0.3181832309327552,0.3489871662127164,0.3283256053024644,0.21916849746430953,0.27127737368700067,0.2713668602415387,0.2860288690374962,0.2725442104929241,0.2992990762821759
KO,0.3373336109525532,0.31155920202630044,0.4328153180728672,0.42795088107925017,0.3494038062634002,0.3511434113313473,0.2946063319019756,0.3283257161068854,0.32507021999000607,0.33999298479680834,0.3544382848368585,0.33604628061449476,0.3076225628705454,0.3955615623208148,0.33429920793496887,0.4850303389346922,0.39088763944734234,0.3797665821833377,0.3500434776307444,0.2566839038989385,0.31486874202504944,0.38249696355426666,0.3499673961068067,0.33953961585718073,0.271717098906377,0.3431483546580482,0.0,0.3529043181738513,0.4375102027032982,0.2992413762842184,0.39959329251311765,0.382742797049217,0.40506073160540146,0.396387798108767,0.42501494748011664,0.36600818401385293,0.36353587689393163,0.34362476657522145,0.26982134070398384,0.3086873460614724,0.3378217679553267,0.29621300250417154,0.34312145808731537,0.3086725914274166,0.3013862340952352,0.3773318496909873,0.3453897138744946
XOM,0.3366818079284321,0.3265520726196479,0.453585663507836,0.3840831086796827,0.34078282181474695,0.34504879267754196,0.4120136708250093,0.28767540633294153,0.4275592211130725,0.30226132722820137,0.34087345778335304,0.3020943901558429,0.3011953718302605,0.30638350635639244,0.43579308356612023,0.4770475939915941,0.3914247519135152,0.40094833253066675,0.33301417382623916,0.388955201559497,0.45111014332747723,0.381598371189351,0.412536848160801,0.39311238429667333,0.3677391428429032,0.2893004079843899,0.3529043181738513,0.0,0.5076801057293693,0.37787451877946326,0.369197391420082,0.40725072385853955,0.26008393322616624,0.44923752664812333,0.3387503366897849,0.37419364547566125,0.44988409932773865,0.35673178633479546,0.3480366988484191,0.43322598415115465,0.33948245888404444,0.34756649861134503,0.297964546790329,0.372694878513615,0.3054251381774602,0.32830310088223896,0.2943811817213139
WMT,0.3654939210702826,0.3849919495187088,0.3837025328238392,0.43227207880415663,0.40888682651685737,0.41168921227149696,0.35717265868251385,0.46423083712211766,0.29465776002441957,0.45728595578938813,0.446395935658579,0.4567489567639134,0.47523551416370224,0.44814390081966415,0.30692210760536853,0.4334984083726047,0.38351029737510367,0.3622060091848483,0.42533748781019154,0.3673361450681898,0.34683593759797243,0.36809552473363,0.4045803082566467,0.3760581101825291,0.30614413919542693,0.4350194582754712,0.4375102027032982,0.5076801057293693,0.0,0.3809449453097324,0.4214750547033603,0.48397108105840037,0.5748009195160366,0.43187412618784493,0.5301639169521175,0.2835955995654865,0.2492872373782649,0.43709254394653463,0.40405032139164837,0.31545973820419004,0.4425191926554691,0.42083594866479596,0.5197003947306236,0.4063885396890097,0.4395192280721581,0.361891800558292,0.5150376539377641
ABT,0.3035300220947684,0.27388187657825036,0.44359314818659695,0.3716873429654196,0.3296469972991383,0.32967098497623265,0.18481940434784896,0.2897178935574481,0.2620754088347509,0.31467913164797257,0.37747407834639546,0.3015388171241666,0.3053877849798257,0.37267087763483703,0.32653343685976455,0.5122527897405499,0.39811283325376473,0.36684540130481025,0.2916440587802259,0.24680140673758638,0.2707209300946966,0.29095128414069155,0.30726913586538424,0.3630411410462386,0.27230077714755535,0.26166550644290587,0.2992413762842184,0.37787451877946326,0.3809449453097324,0.0,0.3941950111629447,0.353724128524035,0.40177760813838115,0.2738726724751671,0.4031188726707844,0.26382186427409665,0.3391901727039291,0.3151601092762857,0.29261145850146875,0.26749872671383024,0.32115078908222117,0.30521316730969605,0.36524284051730405,0.2968304833758757,0.33311149298818793,0.33760683282567777,0.343209990219692
CRM,0.2353191106894013,0.27432718595650496,0.3228003971398915,0.2634652014355425,0.23460063935038053,0.24228882822565503,0.4092497509014072,0.278919674161601,0.427259910403222,0.2942989692497815,0.2368051202095845,0.35149864198560044,0.31930558482394944,0.2462344365666778,0.4040173281998214,0.3348825936749496,0.2688920719005325,0.3117456459149679,0.23842014892861643,0.3771214618482267,0.41409344508512946,0.31407887127565604,0.3457655457247583,0.33710053279359137,0.34323661286981694,0.28415676982130084,0.39959329251311765,0.369197391420082,0.4214750547033603,0.3941950111629447,0.0,0.39661056765957914,0.37865405858723794,0.4099375165199049,0.3013047053070785,0.3696490324308371,0.3772146023685028,0.2593919510479811,0.35938127554798155,0.4311006748177398,0.3759794220868658,0.2807507421040297,0.30064672594296316,0.32801481764150836,0.3580187904429283,0.25063113900100836,0.3359708283978827
ABBV,0.3271145153947989,0.3262175763093208,0.44362833274300006,0.32471521141120613,0.320764981544748,0.31929927168076,0.3832543860436232,0.32050028943950953,0.40646995543608594,0.32404380985035003,0.36609762858018385,0.3110296798072832,0.35809983491041975,0.3867858697954473,0.3774627697081205,0.4710362485948473,0.3736029630468805,0.4070062163894833,0.3417813295806504,0.339862988556291,0.36935784687411155,0.3363362144583743,0.34771124917626745,0.36287610078834864,0.3961827100349335,0.3144486550753142,0.382742797049217,0.40725072385853955,0.48397108105840037,0.353724128524035,0.39661056765957914,0.0,0.37503399445987057,0.40525640893631876,0.3727311094221781,0.39702743112539385,0.4108588036041305,0.3288479052784019,0.3725233117408456,0.38077657824480027,0.34575537578693666,0.33128582577697546,0.3490856062340479,0.3250878194349821,0.31374042717278905,0.40174544323666095,0.3626206244766808
CVX,0.36183325912613584,0.36727714779218945,0.5142143770236628,0.38647362738950913,0.3708448500487136,0.37265368812649535,0.4251394513278052,0.285585604860477,0.4850533294812711,0.25813874495380124,0.33258337041432545,0.3107099720422505,0.3194488891575129,0.3521335503836306,0.4901049411841082,0.5150273900153814,0.4233859770530331,0.41761138352771543,0.31164837616515495,0.4239648956385753,0.47385348138554406,0.42225692337224924,0.3755119599480908,0.4075685780400885,0.42869894371076606,0.29258073521110023,0.40506073160540146,0.26008393322616624,0.5748009195160366,0.40177760813838115,0.37865405858723794,0.37503399445987057,0.0,0.4364222303117925,0.28625440671137253,0.4307895230249204,0.5151286675314108,0.3425022161685262,0.3847806571886874,0.4885586910721217,0.3394865898157736,0.32915809785750977,0.2898386683728693,0.3592260188264323,0.3083951599508614,0.3787079612490976,0.3483011979573267
TMO,0.3822849387329396,0.3379073256732963,0.468819976132795,0.3943020978333857,0.3621545504580747,0.35824576975431766,0.2745576481646351,0.34294950322541407,0.3471086852627608,0.38558125961021916,0.44044831407114976,0.40627376121481384,0.37774529488194625,0.4027191805916722,0.4088778507475107,0.542542324447789,0.4581904016597325,0.42408304941217706,0.3559752038878481,0.3531829632950244,0.35137040000383624,0.33502312618676316,0.336572437154734,0.4427831621315958,0.40594415741143214,0.35010448304861463,0.396387798108767,0.44923752664812333,0.43187412618784493,0.2738726724751671,0.4099375165199049,0.40525640893631876,0.4364222303117925,0.0,0.4196046660227404,0.3302048613528859,0.39807509832185195,0.3667989666705346,0.3827812287841321,0.3930778592881545,0.36815389321008973,0.333120525233277,0.42994164991228834,0.3398645811203334,0.44680246493457226,0.3663761138299066,0.4008130747597062
MCD,0.3418117477776327,0.32633557823208803,0.4707753945362902,0.3196587289878202,0.31697170471323177,0.3147215676005026,0.4267728726338613,0.23374932443907345,0.4746905208822606,0.31429560430430553,0.2907703025762615,0.3342142825545309,0.2841233965069322,0.3358115182204504,0.49156199680628465,0.48933473311428355,0.4204946292954905,0.45220802734420806,0.28922801738844023,0.42179278905551004,0.47736918232882486,0.3647008772739879,0.37895255103274367,0.45118678605723606,0.4221798970262253,0.30380726211957826,0.42501494748011664,0.3387503366897849,0.5301639169521175,0.4031188726707844,0.3013047053070785,0.3727311094221781,0.28625440671137253,0.4196046660227404,0.0,0.4323983239609154,0.4850779299141573,0.31400622155422525,0.3662090676242059,0.5146403626518413,0.3885391408001042,0.3418175967675266,0.2397912244216626,0.372894221307398,0.360279613456942,0.3965008161465819,0.26785213721142387
AMGN,0.2793142267882518,0.2724957920396165,0.3955101378108398,0.3570152341040607,0.3287520926874514,0.32809273198495,0.27421840614965254,0.3505383786115713,0.23967411587356485,0.3197429834918929,0.34818522342267827,0.3517553492948673,0.3646490731101575,0.3334128412028168,0.3253773609555303,0.4303920573144303,0.3473250420601284,0.32468146228500255,0.3154630452116654,0.30887795122122774,0.29671153292058844,0.2865423789374735,0.34305186592711673,0.3281026840707841,0.241085034354952,0.2841266910075637,0.36600818401385293,0.37419364547566125,0.2835955995654865,0.26382186427409665,0.3696490324308371,0.39702743112539385,0.4307895230249204,0.3302048613528859,0.4323983239609154,0.0,0.3091951620487592,0.33582923255612285,0.3298228473253996,0.26495172022429975,0.33210384002174226,0.29899494854553077,0.42149127885938553,0.2949021158102532,0.3431749508108561,0.2715314436248917,0.41714937750041065
COST,0.3197000353591112,0.30586291541135713,0.35096133729077367,0.39445490081695184,0.3548570052629216,0.3567233894954038,0.32949809796863,0.381385600828404,0.29920138469886304,0.37802113430856316,0.39570072807122925,0.37363987907951024,0.41575529884346407,0.42784326568028996,0.23302959665202705,0.4134840207680462,0.3337100276483407,0.3503712925546185,0.36915379931592973,0.2864893675200916,0.3303964711803694,0.35719541957225764,0.36923803181903403,0.3166704015092434,0.3011450785602093,0.3779430425997254,0.36353587689393163,0.44988409932773865,0.2492872373782649,0.3391901727039291,0.3772146023685028,0.4108588036041305,0.5151286675314108,0.39807509832185195,0.4850779299141573,0.3091951620487592,0.0,0.34497469602728903,0.3777368551533815,0.2939619339614652,0.3978732612251787,0.3659877986789452,0.4523307726617576,0.36387142696512015,0.37108108698064873,0.3248409151235656,0.4552211718655146
ACN,0.24045298197055526,0.23886600918967624,0.3511484866843728,0.27218369827025507,0.2317114045246636,0.23022617828849615,0.3275541015479341,0.24888142589073567,0.34969235540526833,0.24608855752609107,0.2831626784447796,0.31557404688722335,0.29056562628904264,0.31116490061715757,0.33799938672430974,0.3945627989164692,0.2925951558054712,0.34175087969104967,0.22628348724935662,0.2809591357373863,0.3707271759689067,0.26322737935323576,0.30631254823297493,0.27836736419176783,0.3211920955612017,0.22549876255474297,0.34362476657522145,0.35673178633479546,0.43709254394653463,0.3151601092762857,0.2593919510479811,0.3288479052784019,0.3425022161685262,0.3667989666705346,0.31400622155422525,0.33582923255612285,0.34497469602728903,0.0,0.3168104436608318,0.36945644637910807,0.34846655856875797,0.25339137946240514,0.288929385769128,0.29733840588004085,0.3077864604611425,0.26621421635756914,0.3223704770796447
NEE,0.32622393921382786,0.33061385453113484,0.43383566745650926,0.38195973421792956,0.3309584024465324,0.33802248122857514,0.2926913794769293,0.3158991117527712,0.30266991634780455,0.34992573399603977,0.33358576814782287,0.3049056809814136,0.3410064810950587,0.3474633042677088,0.3282863577667806,0.48201446316647306,0.4113223927638745,0.38905332256148045,0.34177497346409086,0.27313349415774896,0.33357393102305766,0.3441790679649227,0.3233681298239016,0.3662337390742244,0.2577886599144024,0.3181832309327552,0.26982134070398384,0.3480366988484191,0.40405032139164837,0.29261145850146875,0.35938127554798155,0.3725233117408456,0.3847806571886874,0.3827812287841321,0.3662090676242059,0.3298228473253996,0.3777368551533815,0.3168104436608318,0.0,0.3226505247728545,0.30548741315496114,0.29513526882017527,0.3241831804565564,0.2912736402595031,0.30580776040290053,0.36263909102237707,0.30348408372764896
LLY,0.3410599877623526,0.3309756707049544,0.4170319407456592,0.4276465731911916,0.3782201842676351,0.3802836273181683,0.2762354390775687,0.4119994447073767,0.2290894295366107,0.38272028427658533,0.40828683365548507,0.35691221924252486,0.42106633881236644,0.42513847742920724,0.2654493386768132,0.46156790564021044,0.37963017434019847,0.34839748311232516,0.384297547026925,0.2515507547316353,0.2742401352111929,0.3349264367112663,0.3492105644304973,0.32774843360881295,0.2447278842454617,0.3489871662127164,0.3086873460614724,0.43322598415115465,0.31545973820419004,0.26749872671383024,0.4311006748177398,0.38077657824480027,0.4885586910721217,0.3930778592881545,0.5146403626518413,0.26495172022429975,0.2939619339614652,0.36945644637910807,0.3226505247728545,0.0,0.3365074710222792,0.3570432654635251,0.4500318473587903,0.3143647504330896,0.3473238553918428,0.3365938416306511,0.44416737950686425
BMY,0.3231983197066131,0.3284846184917619,0.4463450292621803,0.37522925255159945,0.3295315640780789,0.33481900158836836,0.3226685223744081,0.3312201081410767,0.3575207824777359,0.33006032843041716,0.3557235421865989,0.29573929955670586,0.3743298932507974,0.3459881368390429,0.37704081153150604,0.47850769719073,0.39506812651789186,0.3902954652808607,0.35060698747701774,0.33767689205382906,0.363713015880367,0.3852345700910188,0.30624047215744343,0.37514732469470263,0.3285183728078884,0.3283256053024644,0.3378217679553267,0.33948245888404444,0.4425191926554691,0.32115078908222117,0.3759794220868658,0.34575537578693666,0.3394865898157736,0.36815389321008973,0.3885391408001042,0.33210384002174226,0.3978732612251787,0.34846655856875797,0.30548741315496114,0.3365074710222792,0.0,0.3128062718573246,0.33081135747287305,0.2971344968243046,0.2824807870613938,0.32181950987736835,0.35747025435086033
LIN,0.22067713451446322,0.20727828791192138,0.3794442055158729,0.25721318803768584,0.22696369705049635,0.22655678280407227,0.3329464982981696,0.24026685065389317,0.35084695499755053,0.21791163678243752,0.27473358408555687,0.28542247522331393,0.23281117792870987,0.266974982851914,0.37404437646896954,0.39201621527807834,0.27616124022206673,0.26665043835399943,0.2215884761166361,0.2946586331866291,0.34055939635022586,0.2915839870522802,0.3362874325947519,0.2929677224471951,0.3017971983530674,0.21916849746430953,0.29621300250417154,0.34756649861134503,0.42083594866479596,0.30521316730969605,0.2807507421040297,0.33128582577697546,0.32915809785750977,0.333120525233277,0.3418175967675266,0.29899494854553077,0.3659877986789452,0.25339137946240514,0.29513526882017527,0.3570432654635251,0.3128062718573246,0.0,0.3013944319964266,0.22185497399402393,0.3036893765717154,0.29144044630584875,0.32396242262786173
MDT,0.30857558227649495,0.3087375642275801,0.4559346160117571,0.3322042628220744,0.3029558689953068,0.308729844352028,0.39575777263181255,0.2137337018761251,0.43387493754012113,0.26343469650550266,0.2953673244589942,0.28046012552601707,0.24546144017011617,0.3186466730160035,0.41895049201043344,0.47704288284748236,0.36218870018726157,0.39942038030613836,0.2805350251255163,0.3586879734221374,0.4316541024781838,0.3617586760585832,0.3453853840515155,0.3915974090728838,0.3769041179712266,0.27127737368700067,0.34312145808731537,0.297964546790329,0.5197003947306236,0.36524284051730405,0.30064672594296316,0.3490856062340479,0.2898386683728693,0.42994164991228834,0.2397912244216626,0.42149127885938553,0.4523307726617576,0.288929385769128,0.3241831804565564,0.4500318473587903,0.33081135747287305,0.3013944319964266,0.0,0.3250561147181113,0.28617233040525597,0.3572522560033619,0.21321072718595283
DHR,0.2769780302294038,0.2483874259444471,0.43279221810652313,0.3371658198444182,0.2818359129637249,0.282348313312626,0.3248214857524846,0.2732657623779911,0.31750842903447213,0.26914799602661343,0.32081850195090156,0.314749665323673,0.3027891851096198,0.30825861739124033,0.3293724228577536,0.42563970340173773,0.3221604959260815,0.29005761801190283,0.2952106795722653,0.29018064496028273,0.3247808367500654,0.29772373647404365,0.313376145803722,0.2921756896362038,0.30657120798723836,0.2713668602415387,0.3086725914274166,0.372694878513615,0.4063885396890097,0.2968304833758757,0.32801481764150836,0.3250878194349821,0.3592260188264323,0.3398645811203334,0.372894221307398,0.2949021158102532,0.36387142696512015,0.29733840588004085,0.2912736402595031,0.3143647504330896,0.2971344968243046,0.22185497399402393,0.3250561147181113,0.0,0.30296905715591815,0.311464099444586,0.35905299361316917
