,MSFT,AAPL,AMZN,FB,GOOGL,GOOG,JNJ,V,PG,JPM,HD,UNH,MA,NVDA,VZ,NFLX,ADBE,INTC,PYPL,T,PFE,CSCO,MRK,CMCSA,PEP,BAC,KO,XOM,WMT,ABT,CRM,ABBV,CVX,TMO,MCD,AMGN,COST,ACN,NEE,LLY,BMY,LIN,MDT,DHR,PM,TXN,NKE
MSFT,0.0,0.40521670470482907,0.368410368181896,0.4493707314674138,0.34625521357792516,0.3556988816933681,0.45399076693467233,0.40167294743649523,0.40666994915165966,0.6295212032601908,0.446492272456707,0.4986040803348685,0.39350433267280277,0.346175559589706,0.5681686059524017,0.4973029494193958,0.3466015453333639,0.5315791959643914,0.39665293467582874,0.6631896860964485,0.5353427055172096,0.5300919860197635,0.47392396502550427,0.4471286176295629,0.4077307574678427,0.6265978638349335,0.5438100981388517,0.6649934954270079,0.4831737518142693,0.48921797852699545,0.4685756374038979,0.48429201533167465,0.5897917984165624,0.43441041174950157,0.5733449125401106,0.4421103651082047,0.38899886651967863,0.4608653378141184,0.5311193177525084,0.6340261036044572,0.5440055394373658,0.474321527997036,0.5102717205406119,0.44218549174080446,0.6135349905806169,0.3648525811480926,0.6525416449068777
AAPL,0.40521670470482907,0.0,0.3573953764994304,0.4382521304522864,0.5087892383817939,0.5122511635861177,0.5635254139861618,0.5440645681917404,0.5004659572578184,0.6641210252387083,0.510607175184856,0.6007263548577778,0.5320787918247698,0.3921200565787018,0.5995565129351577,0.5227787906883599,0.42515956521863985,0.5621747745988873,0.47159979025945986,0.6866798811905015,0.6040378370739066,0.560425812320801,0.5954205378381879,0.5465580356860015,0.4906133818333546,0.6452172507631022,0.6297011267666857,0.6548969624379709,0.5388007975306376,0.6037035523858171,0.5475166368220704,0.5880158100738179,0.6291075648899365,0.4904077983338127,0.6247904326308743,0.5550210052841803,0.4612232958433425,0.5457202628391622,0.5966557231512013,0.6923567428658769,0.595623258687125,0.5236177851213443,0.6274570928137206,0.4896829334796794,0.6649592603502327,0.46005874213364056,0.6505470289084897
AMZN,0.368410368181896,0.3573953764994304,0.0,0.40129540460318525,0.37572468795726677,0.37641617202375116,0.5376852574882737,0.469919365926028,0.4431839957085812,0.6771331083528123,0.475384049996649,0.567350092203098,0.46643190470598844,0.42815853818684807,0.5408061097676597,0.44638808151865766,0.34182552190897286,0.5756448334899911,0.4103494127516818,0.6863696615218012,0.5957058208321235,0.5583686680413377,0.6041546586061377,0.48167151719256773,0.40274075203579623,0.6642329235082269,0.5424389442998747,0.6861313000250645,0.5391146119018316,0.5800960517863987,0.4882167463071345,0.5593936310353965,0.6368776123388555,0.4698436832075914,0.5898049492797549,0.5081814818935134,0.4394101802344463,0.5104456478651618,0.5223698893184938,0.6786381248789997,0.5805666505988267,0.505938819617003,0.6138935000969463,0.47571590700089245,0.6276220726752213,0.39610334833746447,0.648008015803901
FB,0.4493707314674138,0.4382521304522864,0.40129540460318525,0.0,0.4092571278629509,0.4046091416875034,0.5771491415281276,0.5203232301717768,0.5292876274679609,0.684425597570565,0.5147405623878146,0.6016844702107685,0.5238780689771939,0.5263640550937261,0.5555463980229245,0.5122436235147699,0.3585324077609992,0.6364593183494961,0.4616632337676119,0.6674054428421864,0.6146046701179456,0.5744824021965728,0.588870199496223,0.5165442530116164,0.4791776893271301,0.675461357097354,0.5711899184279847,0.70366004434013,0.6296195217502347,0.6603987238631849,0.4383390628337848,0.6135668188090206,0.7020050635813041,0.5420228929395966,0.5730333015086684,0.563500980489812,0.5364460048087262,0.5080940860168959,0.5850067739351404,0.6865704606689316,0.617104122771158,0.5390713551462399,0.5947723761029341,0.5505032328889271,0.698540535382939,0.5450752630040344,0.6471547274228444
GOOGL,0.34625521357792516,0.5087892383817939,0.37572468795726677,0.4092571278629509,0.0,0.036209618232676107,0.4618356915172673,0.3461122750307728,0.38049657784346075,0.6138363824160118,0.4367024410141948,0.5101378087009124,0.4040328806416837,0.42154917796215574,0.505413300920633,0.5405745891721662,0.37039338225952434,0.5563351225690226,0.4448689232247433,0.6228749840614348,0.5172195418478108,0.5566721749618041,0.5423600744375927,0.4065277377332191,0.37364113821746436,0.630746594894683,0.4494249245903448,0.6494697546017717,0.5242199588198528,0.5548328922586878,0.5084601329909606,0.5242818399618338,0.5743724182666616,0.43795607192615965,0.48016991807557763,0.5124647081601947,0.4362018164703685,0.4497787094902195,0.49107312008544757,0.6651785526385791,0.5632928449832383,0.46380008335076145,0.5213990488474128,0.4699133633041792,0.6167377702872642,0.36565828766381786,0.6235598238203304
GOOG,0.3556988816933681,0.5122511635861177,0.37641617202375116,0.4046091416875034,0.036209618232676107,0.0,0.4588881702151314,0.3394255643599737,0.3822495887506435,0.6094911387518441,0.4382669985002745,0.5041793769094095,0.40049914435526657,0.4300828057873644,0.4984671134544816,0.5456984025308633,0.37029045596995147,0.5562820506497459,0.4474121926812187,0.6187937187655758,0.5131504165490209,0.5577188975053885,0.5355337355224988,0.40542225459727105,0.37433961759664347,0.6284043198252706,0.4439373347364104,0.6466303736643007,0.5300529787591738,0.5564949725945265,0.5047309408104332,0.5257902553612516,0.5726174249453311,0.43882508490481026,0.47745491278237573,0.5151209693635435,0.4410989215976614,0.44567544634143025,0.49813980354524134,0.6611192959521418,0.5595610815119716,0.4586916622797366,0.5157641562697882,0.4737828796894145,0.6164880678047154,0.3695020144556446,0.6196742710076707
JNJ,0.45399076693467233,0.5635254139861618,0.5376852574882737,0.5771491415281276,0.4618356915172673,0.4588881702151314,0.0,0.42762517966036695,0.3922903530780854,0.5350684968353425,0.47634098875323677,0.40319912174340605,0.41230699694826145,0.4873304045078986,0.4957104030459457,0.6574371167967865,0.5710204663073637,0.5569534266523013,0.5958604801554921,0.5574650475095718,0.4116193045790505,0.49688189285851425,0.4005843524914943,0.5013872929164893,0.4689845449821332,0.5402187569921056,0.4555308894792753,0.5700800989147227,0.6329808250318335,0.43639731665784387,0.6154959709989275,0.3629260131755643,0.5179546195294695,0.43170108755488373,0.4961740020545535,0.4971639781133041,0.4971178599220455,0.48739246267642056,0.5068729226163884,0.476675711992453,0.4695188647038501,0.42674283401751756,0.40032911078845274,0.4523633455639708,0.5476216727290162,0.4426415763209413,0.5749968742453564
V,0.40167294743649523,0.5440645681917404,0.469919365926028,0.5203232301717768,0.3461122750307728,0.3394255643599737,0.42762517966036695,0.0,0.4179355890285268,0.5395092121897311,0.42449953218455394,0.44890347256798685,0.2055858107330367,0.4314815928444625,0.5114562886988484,0.6006942940454891,0.4216105499822382,0.5241580264083987,0.47741800353351727,0.5861190296230635,0.47348916824409915,0.5184755385642688,0.5120094923336334,0.4552844970278462,0.4475168286840726,0.5606301972067351,0.4395988174406889,0.5963628377863522,0.52668976340248,0.5254889013780542,0.5435269811829971,0.523242287209784,0.5021424693976341,0.4765949296468477,0.4342960968384158,0.5039697325526014,0.4561386684660093,0.42846609346936143,0.5417815837637855,0.6008749762208112,0.4735402872511668,0.38464293596577814,0.4610277215576932,0.5159321537214502,0.5665262074091859,0.3580784521251553,0.5891794279853753
PG,0.40666994915165966,0.5004659572578184,0.4431839957085812,0.5292876274679609,0.38049657784346075,0.3822495887506435,0.3922903530780854,0.4179355890285268,0.0,0.5834884480166751,0.42812100160916733,0.4670983302253419,0.4280987719265871,0.40077862039471235,0.4332039806857288,0.6265657177900391,0.4946588442078602,0.5483369885974794,0.4961848319357351,0.62539330314282,0.4329059251487879,0.5261252595826919,0.4912088815776166,0.46318461716614046,0.34906191714917956,0.58911781232893,0.416082786017813,0.600675134353951,0.5108964173550666,0.5520114333023003,0.6230771064407702,0.5008055342461974,0.5294348835899815,0.46864459913683054,0.47269674910241166,0.4997163998247596,0.38644227353455524,0.46467393943654833,0.4639621621011855,0.5877239395676289,0.5514630771862296,0.45828783247206,0.5166218252485696,0.4690257355730883,0.56590361362789,0.3834782690026677,0.6148357211531955
JPM,0.6295212032601908,0.6641210252387083,0.6771331083528123,0.684425597570565,0.6138363824160118,0.6094911387518441,0.5350684968353425,0.5395092121897311,0.5834884480166751,0.0,0.626117229735386,0.4978445744401081,0.5252496851188317,0.6719867864624183,0.5324154334169965,0.6446046244173121,0.696930736412475,0.6384444583267349,0.693865593090229,0.48773560433808855,0.5695706433796643,0.590740259215756,0.564413657939815,0.5654356721594065,0.5583091016286896,0.25935857745396135,0.46887393251903875,0.44651044104879734,0.6350231476677057,0.5529626514831469,0.6868891902007005,0.5692632420374443,0.40996449712861593,0.651242579902344,0.5792811976427443,0.6354258168357202,0.6565487332916532,0.6021221348525504,0.6664712486618573,0.6045692753501172,0.5069340825449227,0.5139354714789289,0.4537641861622908,0.6830748139658727,0.5580751333038352,0.5499559148343993,0.6344542214935789
HD,0.446492272456707,0.510607175184856,0.475384049996649,0.5147405623878146,0.4367024410141948,0.4382669985002745,0.47634098875323677,0.42449953218455394,0.42812100160916733,0.626117229735386,0.0,0.4930115822939759,0.4610063154777856,0.38884654326159857,0.5232407876117872,0.5347498285613289,0.4544381928347113,0.5633164711851171,0.49541440099460493,0.6254516268891249,0.49002488032682073,0.5322835939129851,0.5187092366005008,0.47028446675618174,0.4451330290204792,0.6233143811194579,0.525559153705877,0.6397987392008953,0.5337096084991527,0.5736143945643704,0.5317162845430369,0.4734864337184762,0.5412441050120411,0.44993602069941685,0.4502631473954471,0.5142301117157317,0.46597434205667126,0.4342854051535773,0.5044621365570161,0.5985296172095435,0.5051025538574873,0.4196720770128179,0.49160401570651013,0.4719084722951548,0.5591630987556016,0.40279648087498504,0.6178417607829026
UNH,0.4986040803348685,0.6007263548577778,0.567350092203098,0.6016844702107685,0.5101378087009124,0.5041793769094095,0.40319912174340605,0.44890347256798685,0.4670983302253419,0.4978445744401081,0.4930115822939759,0.0,0.4603179015211786,0.49551407309249146,0.48350711305183763,0.6541360535866719,0.5798696245970794,0.5836530613688786,0.5479926832327514,0.5963015078092329,0.4481989866961612,0.5530156715239897,0.4976844939862044,0.5557739645743134,0.4934991824905988,0.48426900459612066,0.517979782079762,0.6000215816610708,0.5588688335835854,0.4900421174823304,0.6533233182252206,0.47624077045578544,0.5266414615719182,0.5092409004206808,0.5053321045770932,0.49185382428447905,0.527271773948666,0.5308069794369641,0.5500756179728948,0.5494598137989761,0.48821057747440455,0.4870090191666358,0.44434854623077424,0.5176686137602499,0.5708654697274963,0.45397720237371453,0.6089361620309002
MA,0.39350433267280277,0.5320787918247698,0.46643190470598844,0.5238780689771939,0.4040328806416837,0.40049914435526657,0.41230699694826145,0.2055858107330367,0.4280987719265871,0.5252496851188317,0.4610063154777856,0.4603179015211786,0.0,0.4569837484191406,0.549755954751065,0.6241347369464276,0.4672813202216114,0.5260059225546383,0.4648416357163402,0.5703362551632644,0.48758147580728295,0.5375602875415894,0.507532152704022,0.4743624407106893,0.4561148321066361,0.5597295162850437,0.44459969501624685,0.570126050832577,0.5650376872337647,0.5103194397937452,0.5467810427477342,0.5356602420922723,0.5140030218595752,0.4776869453433622,0.43553930294784116,0.5213270254947533,0.4768957323321059,0.4509424704688275,0.5658630448177345,0.6346739638141999,0.4951817902220712,0.3880600337418103,0.45210657026271384,0.5025994331646056,0.5669258397606479,0.40521839368626733,0.5792832944138869
NVDA,0.346175559589706,0.3921200565787018,0.42815853818684807,0.5263640550937261,0.42154917796215574,0.4300828057873644,0.4873304045078986,0.4314815928444625,0.40077862039471235,0.6719867864624183,0.38884654326159857,0.49551407309249146,0.4569837484191406,0.0,0.5524059974006428,0.5432726755898899,0.4106998481421854,0.5342105294197071,0.4211624687415552,0.671441530582556,0.5272090451597975,0.5478542894384387,0.5373977004199264,0.518425878060923,0.4320525996924935,0.6657925324170038,0.5652407003741177,0.6659762652815654,0.44864831146154904,0.5620576860457648,0.5665745948044925,0.4981706121688644,0.5796131787103355,0.424742300787151,0.5370439150980468,0.4466011259795533,0.3707119411992837,0.4906573089790734,0.49360170768507516,0.6543782807451015,0.5763947944114329,0.4779753201815944,0.5587041526522216,0.42684576938415575,0.6217777618993849,0.34120548885708596,0.6368520248637283
VZ,0.5681686059524017,0.5995565129351577,0.5408061097676597,0.5555463980229245,0.505413300920633,0.4984671134544816,0.4957104030459457,0.5114562886988484,0.4332039806857288,0.5324154334169965,0.5232407876117872,0.48350711305183763,0.549755954751065,0.5524059974006428,0.0,0.6349874053769535,0.5930970069666952,0.6252323511683058,0.6664731201992437,0.4893193519417544,0.4832913517526974,0.5577820684651488,0.5052231414982005,0.48383834074897936,0.4828701292694478,0.4940714693590427,0.43485679670910554,0.5503865503508452,0.5925120505519975,0.587451900020708,0.656257226125453,0.5119186642475804,0.5139043308391515,0.5976272620194221,0.4942125995103021,0.5702834754985583,0.5492280138560088,0.5904032040783634,0.4837456927102442,0.5292978028423306,0.5611714939243158,0.5238909948566062,0.5263869813984361,0.6064415202073032,0.5637393892745421,0.4609028831810357,0.6717930138616716
NFLX,0.4973029494193958,0.5227787906883599,0.44638808151865766,0.5122436235147699,0.5405745891721662,0.5456984025308633,0.6574371167967865,0.6006942940454891,0.6265657177900391,0.6446046244173121,0.5347498285613289,0.6541360535866719,0.6241347369464276,0.5432726755898899,0.6349874053769535,0.0,0.3764803647329533,0.6063113350437103,0.5652766260479005,0.6986577120719785,0.6857762076452455,0.633870096856976,0.694118380314989,0.5651578033213277,0.5615141546282635,0.6747246886087515,0.6757735890820362,0.6712440372654721,0.5782069023317354,0.6583111245467633,0.38742598986684207,0.6312490696316347,0.6965680652119115,0.5829117445658382,0.658804183143241,0.5768873736712135,0.5547376947133525,0.6205289126805069,0.5923596335143185,0.6703110322437276,0.6595982649082512,0.6208606083743662,0.6930860497802217,0.569618200970796,0.6689687251477688,0.5085301280179758,0.7020816815751649
ADBE,0.3466015453333639,0.42515956521863985,0.34182552190897286,0.3585324077609992,0.37039338225952434,0.37029045596995147,0.5710204663073637,0.4216105499822382,0.4946588442078602,0.696930736412475,0.4544381928347113,0.5798696245970794,0.4672813202216114,0.4106998481421854,0.5930970069666952,0.3764803647329533,0.0,0.5739659971706296,0.39068405597837425,0.6980309950560916,0.5911508139638371,0.567424782295655,0.6124662419183106,0.4992270359667153,0.46284621888654387,0.703522726862317,0.5843947607526097,0.6742342987186362,0.5583656681288753,0.6163769114866965,0.32900365581732466,0.5811430593757101,0.6828710804401306,0.4955136151043623,0.5842875011901305,0.5090651778743223,0.4775163202576442,0.4701588266165022,0.5610074556451595,0.6827431532615088,0.5957495144777392,0.4962758258193537,0.5956134421508505,0.48951892186316337,0.6302828067281722,0.42799411521331615,0.6494043419916353
INTC,0.5315791959643914,0.5621747745988873,0.5756448334899911,0.6364593183494961,0.5563351225690226,0.5562820506497459,0.5569534266523013,0.5241580264083987,0.5483369885974794,0.6384444583267349,0.5633164711851171,0.5836530613688786,0.5260059225546383,0.5342105294197071,0.6252323511683058,0.6063113350437103,0.5739659971706296,0.0,0.5917837141732739,0.5456940992583275,0.6061046581345786,0.5351249128058161,0.5953675419841842,0.5210758587456115,0.5001503248774435,0.6136724564754167,0.5449652698218826,0.5628644839508256,0.5963329864814408,0.5694161108873543,0.6357522038385542,0.5629041221799854,0.5241420838317392,0.5558357123289962,0.5533968043065103,0.5541313400036624,0.5066285366409916,0.5868445870986091,0.5883471435913322,0.6336136363020448,0.5306346373695131,0.5848221089043483,0.5568159135831505,0.5838566393513933,0.5569523117154686,0.5092776310932832,0.6621168695135502
PYPL,0.39665293467582874,0.47159979025945986,0.4103494127516818,0.4616632337676119,0.4448689232247433,0.4474121926812187,0.5958604801554921,0.47741800353351727,0.4961848319357351,0.693865593090229,0.49541440099460493,0.5479926832327514,0.4648416357163402,0.4211624687415552,0.6664731201992437,0.5652766260479005,0.39068405597837425,0.5917837141732739,0.0,0.6636980855853472,0.6218053722885136,0.6211943419692372,0.6309427795321576,0.564295582391523,0.4872460959801195,0.6907016230133176,0.6554320533122961,0.6752136442088442,0.5189704275821356,0.6082441619730335,0.5266691810993235,0.6270038868370443,0.6798708647055657,0.5118692477162496,0.603624952307492,0.5475793321269236,0.44837559008531036,0.47461194835058573,0.6023328320946374,0.6863918180736537,0.6536412776371411,0.556644198891159,0.6272129595546204,0.5287339349657854,0.6639657211693482,0.5419994354917206,0.6679505959143218
T,0.6631896860964485,0.6866798811905015,0.6863696615218012,0.6674054428421864,0.6228749840614348,0.6187937187655758,0.5574650475095718,0.5861190296230635,0.62539330314282,0.48773560433808855,0.6254516268891249,0.5963015078092329,0.5703362551632644,0.671441530582556,0.4893193519417544,0.6986577120719785,0.6980309950560916,0.5456940992583275,0.6636980855853472,0.0,0.588572875042909,0.5890100009334455,0.5838497244716008,0.5524923062148646,0.6072652240858332,0.47636038113013957,0.5158361909270833,0.39673992679587494,0.6914781302300722,0.5961758126933606,0.6944404576082915,0.5690439885470386,0.4238321615052524,0.6182869420576925,0.5334182315992424,0.6834728768167225,0.6550523517511045,0.6714394919675412,0.5979449836319873,0.5906949486798947,0.5844651497627,0.5819476421664679,0.5155133523401094,0.6195980011178687,0.5475231057004023,0.579884770453077,0.7070877117166766
PFE,0.5353427055172096,0.6040378370739066,0.5957058208321235,0.6146046701179456,0.5172195418478108,0.5131504165490209,0.4116193045790505,0.47348916824409915,0.4329059251487879,0.5695706433796643,0.49002488032682073,0.4481989866961612,0.48758147580728295,0.5272090451597975,0.4832913517526974,0.6857762076452455,0.5911508139638371,0.6061046581345786,0.6218053722885136,0.588572875042909,0.0,0.5364607003300867,0.45839205422854495,0.5200182964910472,0.47203181787000825,0.5994783086166688,0.4948583600384711,0.5830895308310052,0.6532920054973357,0.5162329093157842,0.676681825264081,0.41370129996657634,0.5462664255969923,0.5094553402273493,0.5043198374106295,0.5570424742255443,0.5303550655615267,0.5266981076345171,0.5211854743097066,0.5589601867141054,0.4937075108673174,0.5026837850709454,0.4795486977986663,0.5165894089159677,0.5628458096588967,0.5095476444052964,0.6199122132592325
CSCO,0.5300919860197635,0.560425812320801,0.5583686680413377,0.5744824021965728,0.5566721749618041,0.5577188975053885,0.49688189285851425,0.5184755385642688,0.5261252595826919,0.590740259215756,0.5322835939129851,0.5530156715239897,0.5375602875415894,0.5478542894384387,0.5577820684651488,0.633870096856976,0.567424782295655,0.5351249128058161,0.6211943419692372,0.5890100009334455,0.5364607003300867,0.0,0.6150595964204046,0.5423625074386301,0.5438259327648199,0.5767015228567857,0.5571794206742189,0.5685893588319693,0.6302313207654968,0.6088171830861328,0.6227855931611238,0.5438096340578513,0.5627672119531573,0.5630109673050057,0.565795504202729,0.570301412757725,0.5353449456205217,0.5529390298556979,0.5787138821319932,0.5894029537649843,0.5277401096843122,0.5506849446831964,0.514799026328195,0.5928773614999642,0.558403173786801,0.47951046778236855,0.6807620876599747
MRK,0.47392396502550427,0.5954205378381879,0.6041546586061377,0.588870199496223,0.5423600744375927,0.5355337355224988,0.4005843524914943,0.5120094923336334,0.4912088815776166,0.564413657939815,0.5187092366005008,0.4976844939862044,0.507532152704022,0.5373977004199264,0.5052231414982005,0.694118380314989,0.6124662419183106,0.5953675419841842,0.6309427795321576,0.5838497244716008,0.45839205422854495,0.6150595964204046,0.0,0.5377514282105744,0.5115650427665154,0.5712623177987479,0.5290927424391485,0.5712034451935795,0.6447519392301714,0.5256979343642609,0.638436314550991,0.41456616190516293,0.5286419871396598,0.49562708144432216,0.5668204971257288,0.5003053409361615,0.5535430270349596,0.5495861744864035,0.6218774281330699,0.5134191254845023,0.4931951936469024,0.4389784171130427,0.46079692013840434,0.5388792937402754,0.5803999496179532,0.5269702615704014,0.6330049949505733
CMCSA,0.4471286176295629,0.5465580356860015,0.48167151719256773,0.5165442530116164,0.4065277377332191,0.40542225459727105,0.5013872929164893,0.4552844970278462,0.46318461716614046,0.5654356721594065,0.47028446675618174,0.5557739645743134,0.4743624407106893,0.518425878060923,0.48383834074897936,0.5651578033213277,0.4992270359667153,0.5210758587456115,0.564295582391523,0.5524923062148646,0.5200182964910472,0.5423625074386301,0.5377514282105744,0.0,0.42057205801062464,0.57015188946476,0.49257499282974976,0.5783524412335762,0.5422563350735848,0.590251627954798,0.5561212257792947,0.501416223108265,0.5196290843525363,0.5584379580262459,0.46977739900343485,0.5217253929617307,0.4859046220024836,0.5270590835681307,0.5398214696479222,0.6171068437431718,0.5000417568710084,0.5233502495362896,0.513681047311257,0.580486546946835,0.5653916662601112,0.43067413419961814,0.6387040584590489
PEP,0.4077307574678427,0.4906133818333546,0.40274075203579623,0.4791776893271301,0.37364113821746436,0.37433961759664347,0.4689845449821332,0.4475168286840726,0.34906191714917956,0.5583091016286896,0.4451330290204792,0.4934991824905988,0.4561148321066361,0.4320525996924935,0.4828701292694478,0.5615141546282635,0.46284621888654387,0.5001503248774435,0.4872460959801195,0.6072652240858332,0.47203181787000825,0.5438259327648199,0.5115650427665154,0.42057205801062464,0.0,0.580998859159245,0.42772756602540246,0.6127017603530651,0.5177382455962766,0.5434023177778492,0.581670245061472,0.4633970599412085,0.5620257021183923,0.4992742136920962,0.5017047589449777,0.4910396179418667,0.3934722563414965,0.46585623358420825,0.5068576175265109,0.6666877720306349,0.5329305025900646,0.49566410537406735,0.544052133066825,0.5042376470612024,0.5726246368315977,0.39396554224126185,0.6328710996950565
BAC,0.6265978638349335,0.6452172507631022,0.6642329235082269,0.675461357097354,0.630746594894683,0.6284043198252706,0.5402187569921056,0.5606301972067351,0.58911781232893,0.25935857745396135,0.6233143811194579,0.48426900459612066,0.5597295162850437,0.6657925324170038,0.4940714693590427,0.6747246886087515,0.703522726862317,0.6136724564754167,0.6907016230133176,0.47636038113013957,0.5994783086166688,0.5767015228567857,0.5712623177987479,0.57015188946476,0.580998859159245,0.0,0.48270260758196415,0.44601402455171807,0.6252130541212012,0.5772578581194264,0.691414398586007,0.5703412491763223,0.4083382065757277,0.6497660026938522,0.6002189308000929,0.6220834287038793,0.6398776676669058,0.623828276953238,0.6595813374955987,0.5520774788058516,0.5279238278088022,0.528583199894691,0.47120986167820617,0.6820526348365968,0.568640543823974,0.547263642586634,0.6641316581573792
KO,0.5438100981388517,0.6297011267666857,0.5424389442998747,0.5711899184279847,0.4494249245903448,0.4439373347364104,0.4555308894792753,0.4395988174406889,0.416082786017813,0.46887393251903875,0.525559153705877,0.517979782079762,0.44459969501624685,0.5652407003741177,0.43485679670910554,0.6757735890820362,0.5843947607526097,0.5449652698218826,0.6554320533122961,0.5158361909270833,0.4948583600384711,0.5571794206742189,0.5290927424391485,0.49257499282974976,0.42772756602540246,0.48270260758196415,0.0,0.5115093677551903,0.6086843009319084,0.5507355768817546,0.6536052278296877,0.5259204916267491,0.47016448236137065,0.5466294914122852,0.4656387352167872,0.5870127452435274,0.5581531884462793,0.5311604266167702,0.5175721428458229,0.5914653233253075,0.5203754657693809,0.4355706662496998,0.4876173969387075,0.5756616580539151,0.5759813374820405,0.4689040069450619,0.6478896062047258
XOM,0.6649934954270079,0.6548969624379709,0.6861313000250645,0.70366004434013,0.6494697546017717,0.6466303736643007,0.5700800989147227,0.5963628377863522,0.600675134353951,0.44651044104879734,0.6397987392008953,0.6000215816610708,0.570126050832577,0.6659762652815654,0.5503865503508452,0.6712440372654721,0.6742342987186362,0.5628644839508256,0.6752136442088442,0.39673992679587494,0.5830895308310052,0.5685893588319693,0.5712034451935795,0.5783524412335762,0.6127017603530651,0.44601402455171807,0.5115093677551903,0.0,0.663060807618399,0.6387944800337231,0.6750264756416908,0.6015103159025377,0.2863823548832938,0.6511634943608373,0.541330488126491,0.6756796945798927,0.652637896524896,0.6530329085139951,0.6834401156881272,0.5743469461093009,0.5606877495235587,0.5706806287917805,0.5360641686258355,0.6645000767964377,0.5909219988981259,0.561554124389039,0.7012374378924282
WMT,0.4831737518142693,0.5388007975306376,0.5391146119018316,0.6296195217502347,0.5242199588198528,0.5300529787591738,0.6329808250318335,0.52668976340248,0.5108964173550666,0.6350231476677057,0.5337096084991527,0.5588688335835854,0.5650376872337647,0.44864831146154904,0.5925120505519975,0.5782069023317354,0.5583656681288753,0.5963329864814408,0.5189704275821356,0.6914781302300722,0.6532920054973357,0.6302313207654968,0.6447519392301714,0.5422563350735848,0.5177382455962766,0.6252130541212012,0.6086843009319084,0.663060807618399,0.0,0.5906395318461093,0.6172399696855845,0.6635720069757012,0.6021495251832746,0.5935171470496822,0.6434350534531388,0.58229575866096,0.4555673563793088,0.5854252669959709,0.6048819346778967,0.6873834312686681,0.6549342508400013,0.5709491128073712,0.5988715836256275,0.6082844532071101,0.666157403304317,0.4706055372441294,0.6599826907602965
ABT,0.48921797852699545,0.6037035523858171,0.5800960517863987,0.6603987238631849,0.5548328922586878,0.5564949725945265,0.43639731665784387,0.5254889013780542,0.5520114333023003,0.5529626514831469,0.5736143945643704,0.4900421174823304,0.5103194397937452,0.5620576860457648,0.587451900020708,0.6583111245467633,0.6163769114866965,0.5694161108873543,0.6082441619730335,0.5961758126933606,0.5162329093157842,0.6088171830861328,0.5256979343642609,0.590251627954798,0.5434023177778492,0.5772578581194264,0.5507355768817546,0.6387944800337231,0.5906395318461093,0.0,0.6166699139304024,0.4536194679364023,0.586732977135952,0.4977345381360933,0.642618543720059,0.5014397238483685,0.5736104872802071,0.5465615718587383,0.536516667615614,0.5811107986903634,0.5102111718033874,0.5497146958966141,0.45121564875572384,0.5153017096223813,0.6301513448274318,0.5413780583666346,0.6974736788715907
CRM,0.4685756374038979,0.5475166368220704,0.4882167463071345,0.4383390628337848,0.5084601329909606,0.5047309408104332,0.6154959709989275,0.5435269811829971,0.6230771064407702,0.6868891902007005,0.5317162845430369,0.6533233182252206,0.5467810427477342,0.5665745948044925,0.656257226125453,0.38742598986684207,0.32900365581732466,0.6357522038385542,0.5266691810993235,0.6944404576082915,0.676681825264081,0.6227855931611238,0.638436314550991,0.5561212257792947,0.581670245061472,0.691414398586007,0.6536052278296877,0.6750264756416908,0.6172399696855845,0.6166699139304024,0.0,0.6326301808588413,0.6952675050413315,0.5773053932270968,0.634981077818904,0.5814680980574314,0.589902706233338,0.5660474160301439,0.670687438399542,0.6913349857893105,0.6646755488605773,0.5669156913827067,0.600050379971027,0.5835577304271506,0.6667739915932197,0.5626863018002063,0.6995786324751649
ABBV,0.48429201533167465,0.5880158100738179,0.5593936310353965,0.6135668188090206,0.5242818399618338,0.5257902553612516,0.3629260131755643,0.523242287209784,0.5008055342461974,0.5692632420374443,0.4734864337184762,0.47624077045578544,0.5356602420922723,0.4981706121688644,0.5119186642475804,0.6312490696316347,0.5811430593757101,0.5629041221799854,0.6270038868370443,0.5690439885470386,0.41370129996657634,0.5438096340578513,0.41456616190516293,0.501416223108265,0.4633970599412085,0.5703412491763223,0.5259204916267491,0.6015103159025377,0.6635720069757012,0.4536194679364023,0.6326301808588413,0.0,0.5291883529665438,0.461765200450912,0.5718274094089101,0.4520511242292876,0.551551677302869,0.5219956313443469,0.5039917610666872,0.502499527363502,0.4447569527728963,0.5209773973236791,0.4430771592194384,0.4836079367151445,0.5588717438070385,0.4869656275195632,0.6890432823061922
CVX,0.5897917984165624,0.6291075648899365,0.6368776123388555,0.7020050635813041,0.5743724182666616,0.5726174249453311,0.5179546195294695,0.5021424693976341,0.5294348835899815,0.40996449712861593,0.5412441050120411,0.5266414615719182,0.5140030218595752,0.5796131787103355,0.5139043308391515,0.6965680652119115,0.6828710804401306,0.5241420838317392,0.6798708647055657,0.4238321615052524,0.5462664255969923,0.5627672119531573,0.5286419871396598,0.5196290843525363,0.5620257021183923,0.4083382065757277,0.47016448236137065,0.2863823548832938,0.6021495251832746,0.586732977135952,0.6952675050413315,0.5291883529665438,0.0,0.6061896442991191,0.4959306850721494,0.6283807491656557,0.5790805198666257,0.5914317456816295,0.6404933547415554,0.5480406279723216,0.5104116296855931,0.5022326885353039,0.48882187015197065,0.6281716326356035,0.5339615399121465,0.47573689358531573,0.7031922697946144
TMO,0.43441041174950157,0.4904077983338127,0.4698436832075914,0.5420228929395966,0.43795607192615965,0.43882508490481026,0.43170108755488373,0.4765949296468477,0.46864459913683054,0.651242579902344,0.44993602069941685,0.5092409004206808,0.4776869453433622,0.424742300787151,0.5976272620194221,0.5829117445658382,0.4955136151043623,0.5558357123289962,0.5118692477162496,0.6182869420576925,0.5094553402273493,0.5630109673050057,0.49562708144432216,0.5584379580262459,0.4992742136920962,0.6497660026938522,0.5466294914122852,0.6511634943608373,0.5935171470496822,0.4977345381360933,0.5773053932270968,0.461765200450912,0.6061896442991191,0.0,0.5594203518788865,0.47459754630121115,0.49121338558025346,0.48903671439594665,0.5380710565285921,0.6424700629411182,0.5523778048966805,0.4238359455694706,0.5377236701336965,0.22995002116782973,0.6211772574205797,0.46101192521356277,0.6035825023876957
MCD,0.5733449125401106,0.6247904326308743,0.5898049492797549,0.5730333015086684,0.48016991807557763,0.47745491278237573,0.4961740020545535,0.4342960968384158,0.47269674910241166,0.5792811976427443,0.4502631473954471,0.5053321045770932,0.43553930294784116,0.5370439150980468,0.4942125995103021,0.658804183143241,0.5842875011901305,0.5533968043065103,0.603624952307492,0.5334182315992424,0.5043198374106295,0.565795504202729,0.5668204971257288,0.46977739900343485,0.5017047589449777,0.6002189308000929,0.4656387352167872,0.541330488126491,0.6434350534531388,0.642618543720059,0.634981077818904,0.5718274094089101,0.4959306850721494,0.5594203518788865,0.0,0.5782815986123478,0.5327498038753731,0.5330641282902376,0.5616601286519266,0.6331810483656579,0.5591341088927072,0.5135524816579238,0.5420858587361239,0.5475440327335184,0.5270336303051834,0.5040786944160679,0.6133419178251837
AMGN,0.4421103651082047,0.5550210052841803,0.5081814818935134,0.563500980489812,0.5124647081601947,0.5151209693635435,0.4971639781133041,0.5039697325526014,0.4997163998247596,0.6354258168357202,0.5142301117157317,0.49185382428447905,0.5213270254947533,0.4466011259795533,0.5702834754985583,0.5768873736712135,0.5090651778743223,0.5541313400036624,0.5475793321269236,0.6834728768167225,0.5570424742255443,0.570301412757725,0.5003053409361615,0.5217253929617307,0.4910396179418667,0.6220834287038793,0.5870127452435274,0.6756796945798927,0.58229575866096,0.5014397238483685,0.5814680980574314,0.4520511242292876,0.6283807491656557,0.47459754630121115,0.5782815986123478,0.0,0.5165218562400585,0.5323530705267739,0.5769301926345807,0.643323164039502,0.5399753008748185,0.5124058903487964,0.5222148178818176,0.4746008832628379,0.6054114293401716,0.48688643348286503,0.6561818641542122
COST,0.38899886651967863,0.4612232958433425,0.4394101802344463,0.5364460048087262,0.4362018164703685,0.4410989215976614,0.4971178599220455,0.4561386684660093,0.38644227353455524,0.6565487332916532,0.46597434205667126,0.527271773948666,0.4768957323321059,0.3707119411992837,0.5492280138560088,0.5547376947133525,0.4775163202576442,0.5066285366409916,0.44837559008531036,0.6550523517511045,0.5303550655615267,0.5353449456205217,0.5535430270349596,0.4859046220024836,0.3934722563414965,0.6398776676669058,0.5581531884462793,0.652637896524896,0.4555673563793088,0.5736104872802071,0.589902706233338,0.551551677302869,0.5790805198666257,0.49121338558025346,0.5327498038753731,0.5165218562400585,0.0,0.46851606446013094,0.4962640697772955,0.6389774390648723,0.5643229780770886,0.5020733376563143,0.6033354688739135,0.5066983948484877,0.6018626282025694,0.37695076272840117,0.6050501587839587
ACN,0.4608653378141184,0.5457202628391622,0.5104456478651618,0.5080940860168959,0.4497787094902195,0.44567544634143025,0.48739246267642056,0.42846609346936143,0.46467393943654833,0.6021221348525504,0.4342854051535773,0.5308069794369641,0.4509424704688275,0.4906573089790734,0.5904032040783634,0.6205289126805069,0.4701588266165022,0.5868445870986091,0.47461194835058573,0.6714394919675412,0.5266981076345171,0.5529390298556979,0.5495861744864035,0.5270590835681307,0.46585623358420825,0.623828276953238,0.5311604266167702,0.6530329085139951,0.5854252669959709,0.5465615718587383,0.5660474160301439,0.5219956313443469,0.5914317456816295,0.48903671439594665,0.5330641282902376,0.5323530705267739,0.46851606446013094,0.0,0.5891952527009542,0.6295947823843869,0.5404395578648897,0.4781357592071727,0.4962430151537013,0.5214162916016666,0.6588079786644674,0.48337926508338186,0.597860163591236
NEE,0.5311193177525084,0.5966557231512013,0.5223698893184938,0.5850067739351404,0.49107312008544757,0.49813980354524134,0.5068729226163884,0.5417815837637855,0.4639621621011855,0.6664712486618573,0.5044621365570161,0.5500756179728948,0.5658630448177345,0.49360170768507516,0.4837456927102442,0.5923596335143185,0.5610074556451595,0.5883471435913322,0.6023328320946374,0.5979449836319873,0.5211854743097066,0.5787138821319932,0.6218774281330699,0.5398214696479222,0.5068576175265109,0.6595813374955987,0.5175721428458229,0.6834401156881272,0.6048819346778967,0.536516667615614,0.670687438399542,0.5039917610666872,0.6404933547415554,0.5380710565285921,0.5616601286519266,0.5769301926345807,0.4962640697772955,0.5891952527009542,0.0,0.6028055565305669,0.5838773506575365,0.5494273157315233,0.5441403440087016,0.5195205553298511,0.5969404576214007,0.4718901320233995,0.6783730231966844
LLY,0.6340261036044572,0.6923567428658769,0.6786381248789997,0.6865704606689316,0.6651785526385791,0.6611192959521418,0.476675711992453,0.6008749762208112,0.5877239395676289,0.6045692753501172,0.5985296172095435,0.5494598137989761,0.6346739638141999,0.6543782807451015,0.5292978028423306,0.6703110322437276,0.6827431532615088,0.6336136363020448,0.6863918180736537,0.5906949486798947,0.5589601867141054,0.5894029537649843,0.5134191254845023,0.6171068437431718,0.6666877720306349,0.5520774788058516,0.5914653233253075,0.5743469461093009,0.6873834312686681,0.5811107986903634,0.6913349857893105,0.502499527363502,0.5480406279723216,0.6424700629411182,0.6331810483656579,0.643323164039502,0.6389774390648723,0.6295947823843869,0.6028055565305669,0.0,0.5060443952924542,0.5664481184265591,0.4768867428066315,0.6563246706468652,0.5627329098371903,0.6101622757393151,0.674878551492162
BMY,0.5440055394373658,0.595623258687125,0.5805666505988267,0.617104122771158,0.5632928449832383,0.5595610815119716,0.4695188647038501,0.4735402872511668,0.5514630771862296,0.5069340825449227,0.5051025538574873,0.48821057747440455,0.4951817902220712,0.5763947944114329,0.5611714939243158,0.6595982649082512,0.5957495144777392,0.5306346373695131,0.6536412776371411,0.5844651497627,0.4937075108673174,0.5277401096843122,0.4931951936469024,0.5000417568710084,0.5329305025900646,0.5279238278088022,0.5203754657693809,0.5606877495235587,0.6549342508400013,0.5102111718033874,0.6646755488605773,0.4447569527728963,0.5104116296855931,0.5523778048966805,0.5591341088927072,0.5399753008748185,0.5643229780770886,0.5404395578648897,0.5838773506575365,0.5060443952924542,0.0,0.5059157843580804,0.45983020921392337,0.5661915276324238,0.5485273334819594,0.48731684174562906,0.5957470064868845
LIN,0.474321527997036,0.5236177851213443,0.505938819617003,0.5390713551462399,0.46380008335076145,0.4586916622797366,0.42674283401751756,0.38464293596577814,0.45828783247206,0.5139354714789289,0.4196720770128179,0.4870090191666358,0.3880600337418103,0.4779753201815944,0.5238909948566062,0.6208606083743662,0.4962758258193537,0.5848221089043483,0.556644198891159,0.5819476421664679,0.5026837850709454,0.5506849446831964,0.4389784171130427,0.5233502495362896,0.49566410537406735,0.528583199894691,0.4355706662496998,0.5706806287917805,0.5709491128073712,0.5497146958966141,0.5669156913827067,0.5209773973236791,0.5022326885353039,0.4238359455694706,0.5135524816579238,0.5124058903487964,0.5020733376563143,0.4781357592071727,0.5494273157315233,0.5664481184265591,0.5059157843580804,0.0,0.42016617093038605,0.4623954370390234,0.5494820719451535,0.4107767072182875,0.5757531096407568
MDT,0.5102717205406119,0.6274570928137206,0.6138935000969463,0.5947723761029341,0.5213990488474128,0.5157641562697882,0.40032911078845274,0.4610277215576932,0.5166218252485696,0.4537641861622908,0.49160401570651013,0.44434854623077424,0.45210657026271384,0.5587041526522216,0.5263869813984361,0.6930860497802217,0.5956134421508505,0.5568159135831505,0.6272129595546204,0.5155133523401094,0.4795486977986663,0.514799026328195,0.46079692013840434,0.513681047311257,0.544052133066825,0.47120986167820617,0.4876173969387075,0.5360641686258355,0.5988715836256275,0.45121564875572384,0.600050379971027,0.4430771592194384,0.48882187015197065,0.5377236701336965,0.5420858587361239,0.5222148178818176,0.6033354688739135,0.4962430151537013,0.5441403440087016,0.4768867428066315,0.45983020921392337,0.42016617093038605,0.0,0.5456120268253766,0.5330431034487892,0.5010492694928962,0.638570223108167
DHR,0.44218549174080446,0.4896829334796794,0.47571590700089245,0.5505032328889271,0.4699133633041792,0.4737828796894145,0.4523633455639708,0.5159321537214502,0.4690257355730883,0.6830748139658727,0.4719084722951548,0.5176686137602499,0.5025994331646056,0.42684576938415575,0.6064415202073032,0.569618200970796,0.48951892186316337,0.5838566393513933,0.5287339349657854,0.6195980011178687,0.5165894089159677,0.5928773614999642,0.5388792937402754,0.580486546946835,0.5042376470612024,0.6820526348365968,0.5756616580539151,0.6645000767964377,0.6082844532071101,0.5153017096223813,0.5835577304271506,0.4836079367151445,0.6281716326356035,0.22995002116782973,0.5475440327335184,0.4746008832628379,0.5066983948484877,0.5214162916016666,0.5195205553298511,0.6563246706468652,0.5661915276324238,0.4623954370390234,0.5456120268253766,0.0,0.631568554804924,0.46376286924884536,0.6128189949115442
PM,0.6135349905806169,0.6649592603502327,0.6276220726752213,0.698540535382939,0.6167377702872642,0.6164880678047154,0.5476216727290162,0.5665262074091859,0.56590361362789,0.5580751333038352,0.5591630987556016,0.5708654697274963,0.5669258397606479,0.6217777618993849,0.5637393892745421,0.6689687251477688,0.6302828067281722,0.5569523117154686,0.6639657211693482,0.5475231057004023,0.5628458096588967,0.558403173786801,0.5803999496179532,0.5653916662601112,0.5726246368315977,0.568640543823974,0.5759813374820405,0.5909219988981259,0.666157403304317,0.6301513448274318,0.6667739915932197,0.5588717438070385,0.5339615399121465,0.6211772574205797,0.5270336303051834,0.6054114293401716,0.6018626282025694,0.6588079786644674,0.5969404576214007,0.5627329098371903,0.5485273334819594,0.5494820719451535,0.5330431034487892,0.631568554804924,0.0,0.5643399222526573,0.6386404365468141
