,MSFT,AAPL,AMZN,FB,GOOGL,GOOG,JNJ,V,PG,JPM,HD,UNH,MA,NVDA,VZ,NFLX,ADBE,INTC,PYPL,T,PFE,CSCO,MRK,CMCSA,PEP,BAC,KO,XOM,WMT,ABT,CRM,ABBV,CVX,TMO,MCD,AMGN,COST,ACN,NEE,LLY,BMY,LIN,MDT,DHR,PM,TXN,NKE
MSFT,0.0,0.39164091948867774,0.30879597920767504,0.36527489421723824,0.3580033994638801,0.3602283510401739,0.6758694662154711,0.5484377668318591,0.5738260075436687,0.6981994209391297,0.552292751846671,0.5486302554116015,0.5279110293440011,0.36160888376945927,0.6757509186283548,0.49799217117317174,0.3006482018577094,0.6375577409300177,0.45100434481415497,0.6544776426874722,0.6845638802458915,0.6121184570216354,0.6058467196142941,0.572795130030712,0.5419689933830699,0.6608544249513615,0.6527536507762652,0.6914553504547486,0.590691616636,0.5601660313588055,0.4101366570548749,0.6459412489407328,0.6834144831803757,0.5133123114198422,0.5048611477376324,0.6077704560894442,0.503934859425117,0.509407747232588,0.6531426213497314,0.6451161091064357,0.6349941839208357,0.6196661004431163,0.6982437420503771,0.561982174806273,0.7025710059132348,0.4355495485492509,0.48531355746116256
AAPL,0.39164091948867774,0.0,0.35397279798495435,0.39538859516380864,0.5055804336140324,0.5055272940382587,0.6562584885894313,0.5818419057134426,0.5852890660973338,0.6775041442736854,0.5862130377941656,0.6164460721746593,0.5892540300323956,0.44560969187393823,0.6991724276533324,0.4858463243255654,0.4321880845849472,0.6382465659612346,0.49382675261699815,0.6204071417382693,0.6916451849897561,0.6522198350044363,0.6405008583929973,0.6084319861887467,0.5394604936239211,0.6616477466580762,0.6319586645561043,0.6957671496151145,0.604667865680408,0.576522587987905,0.5278264441809719,0.6831580526303198,0.6737860887846929,0.5525471650595235,0.5441957120189409,0.6335313712813371,0.5059100663037931,0.5719474544913132,0.6189744205805925,0.6553178922065411,0.671366621475223,0.6144730024121786,0.6928968380524914,0.5872890821637398,0.7028837703439933,0.5029671126533093,0.49167494386562627
AMZN,0.30879597920767504,0.35397279798495435,0.0,0.34603216414270543,0.49306345552481,0.4914084609087896,0.6743217662901746,0.6225342370563389,0.5769050119734712,0.598850912891669,0.5665561899965026,0.5967257137009917,0.6132032761231121,0.39278724456270364,0.6258026859115504,0.4275350719263767,0.3049178478681171,0.6434999463816263,0.4404254403476863,0.5937563915178764,0.680969197547164,0.6928300768015867,0.6463088867438893,0.642793984674642,0.5761299996638599,0.5810328349705236,0.7017371954688205,0.6499457615323598,0.6111495675452449,0.5769235384717896,0.48461117745626675,0.7065866240157559,0.6226731276355054,0.5115239287348959,0.5405614967304516,0.6215449878546928,0.43988430298201997,0.6008156731022539,0.6604519353564715,0.6556839145513436,0.6754949278809506,0.6890032911437951,0.614410978038949,0.558643374433511,0.6461267266021432,0.5158287976287446,0.5417007599757963
FB,0.36527489421723824,0.39538859516380864,0.34603216414270543,0.0,0.404409861880236,0.4017035973395015,0.6866052819633142,0.5648848451283612,0.5677569275366915,0.6470925949862537,0.5547515737079028,0.5357738205407051,0.5720723985721701,0.4469389825903543,0.7063678651747912,0.5345548723585323,0.39288301570546935,0.6980267288636938,0.45040897213161657,0.6515486966700672,0.6799686053810237,0.649731031143701,0.5842929650168626,0.5741922670790113,0.5424104929943945,0.621694651213557,0.6809746121430004,0.6747906190193748,0.6272052814431859,0.6092987768835388,0.5195832644332739,0.6965020632099431,0.6744124930970308,0.534933153014877,0.5447307708342842,0.5849290328182871,0.4928325431283514,0.554573094282793,0.6972406778500141,0.6375522781683117,0.6454755145719878,0.6338659404549952,0.6870525874632392,0.5779279531778901,0.7005478695671645,0.5031717341961899,0.5518311280232301
GOOGL,0.3580033994638801,0.5055804336140324,0.49306345552481,0.404409861880236,0.0,0.039648835600233474,0.6147122228363973,0.5188060127780589,0.6260712655686642,0.6560952830361364,0.6338952300341724,0.48077082083639877,0.5026149385624159,0.5276023475468158,0.6392271586252818,0.5864590150411423,0.4776226320521466,0.6422742958842049,0.5930150793087348,0.6774493351340678,0.5962687814872427,0.5978113341154705,0.5761943139908288,0.5216044840731127,0.5437417397757743,0.6879847316105843,0.5830098641252884,0.6410783531923737,0.6371545591284513,0.6243684660399444,0.5405966443395015,0.5352114463193606,0.624167367842549,0.561271483265828,0.5682946360918364,0.5226653973996471,0.6082526674351314,0.516908356401396,0.6647990377339357,0.6368508146073008,0.5857758747149804,0.5975078402683331,0.6313656137851561,0.6098132035099981,0.6583028737748169,0.5124581986395572,0.5310265186680428
GOOG,0.3602283510401739,0.5055272940382587,0.4914084609087896,0.4017035973395015,0.039648835600233474,0.0,0.6133302754525296,0.5159008999081441,0.623731685577497,0.6532277931305722,0.6314874887366843,0.4742909078740575,0.5028739368427142,0.5249280251122536,0.6371764035027385,0.5892534926433214,0.47981563977569747,0.6400420812191998,0.5936904465679559,0.6706711434299538,0.5992476774271428,0.5976137195068378,0.5736584716040016,0.5177161847947516,0.5493940681310007,0.6835788054876013,0.5901656120885295,0.6359339497594851,0.6298173760685197,0.6273721660679744,0.5441879898085192,0.5436633124489106,0.6189731612888618,0.5562639240277816,0.5661690763057745,0.517600527810511,0.6079744926597894,0.5122175897238367,0.6606273181292655,0.6387834710514497,0.5850832812384772,0.5974678276564422,0.6348168020766595,0.6061036830176817,0.6584858328445455,0.5109539821085114,0.5228544709274167
JNJ,0.6758694662154711,0.6562584885894313,0.6743217662901746,0.6866052819633142,0.6147122228363973,0.6133302754525296,0.0,0.5452756134850173,0.6180731256034719,0.5825137979736276,0.7044803147170288,0.5705521305807002,0.5566432769048709,0.6854047600144664,0.497817507047241,0.6568568474761707,0.6902234467330903,0.6365387608128775,0.6619465965453073,0.5543506376212932,0.5157401795981208,0.5451464874389078,0.5393585002943927,0.5698501293187362,0.4905580608392919,0.5860319285893016,0.5017899396690344,0.5397857225199906,0.6305470684179283,0.6186804439382788,0.6936255546903344,0.5669561218515189,0.5350149139795356,0.6707767378574578,0.6781350650032718,0.484630539063405,0.6832759432702167,0.5104267709389755,0.581497777989609,0.641903588933507,0.5588531423327713,0.5032946869483262,0.5045781576652506,0.6556670719207619,0.5375301296592481,0.595778086118295,0.6280167431095283
V,0.5484377668318591,0.5818419057134426,0.6225342370563389,0.5648848451283612,0.5188060127780589,0.5159008999081441,0.5452756134850173,0.0,0.6695568185955,0.4966049600703289,0.6860677573532399,0.528766283297177,0.21124143524834807,0.6161975087049696,0.5430824160467748,0.6710140373747018,0.5959728045686763,0.6473350518745257,0.671141595596513,0.6246662223146204,0.534505265083701,0.5178361442327043,0.5907237014096689,0.41550979876034944,0.5172204075359528,0.5310037103793939,0.39796273572786744,0.5304908006272319,0.6185998157486065,0.6928329236793471,0.5724451837750827,0.5819561332814823,0.5070830427231631,0.6845413017753721,0.5512377462299336,0.5130759734705927,0.6544620109369258,0.4593733464923298,0.6674586129694886,0.6458282287948764,0.596031942779217,0.45934052323826213,0.43617461393479623,0.6802136227236482,0.5996618051282887,0.5626551120966937,0.5289775525975838
PG,0.5738260075436687,0.5852890660973338,0.5769050119734712,0.5677569275366915,0.6260712655686642,0.623731685577497,0.6180731256034719,0.6695568185955,0.0,0.6384436110243922,0.4733307955528949,0.606424239332296,0.6854698470779197,0.6063320871616048,0.6210006588518148,0.6377439362397548,0.5544610128989214,0.7023021751272952,0.5797835539182347,0.703554519237292,0.6931146781522758,0.5760492188112111,0.6087698520994054,0.6587950221405414,0.4404370789887866,0.6317083523761509,0.6684218581767937,0.6279913483625861,0.48495101121704226,0.5029806270478875,0.6359508834659107,0.6922725098950885,0.6438740059705939,0.512541787956761,0.5327808723302614,0.627703117691703,0.4405302329810872,0.5427885744341634,0.5483685750355363,0.684405601670273,0.6644934518424717,0.5344021995055243,0.6695266722440623,0.4987247407286771,0.6726042799214902,0.5926216095146639,0.6174470619307044
JPM,0.6981994209391297,0.6775041442736854,0.598850912891669,0.6470925949862537,0.6560952830361364,0.6532277931305722,0.5825137979736276,0.4966049600703289,0.6384436110243922,0.0,0.6288442861132697,0.6374035810145215,0.4804571570996121,0.6246256281533877,0.502450587347683,0.5767867481383407,0.5865044244097343,0.6472366150443825,0.5731801713657367,0.49114597265021487,0.5542539233767474,0.55074648152978,0.662213567283491,0.46249724854252855,0.6702199001859797,0.1398048599993472,0.5030420537887527,0.3843829365877146,0.6962098212676222,0.6124506187899604,0.6928587874864874,0.641466458361941,0.3726125786182954,0.5480477044596239,0.6872320730910058,0.6374325655721421,0.5735813605615755,0.6126221526958137,0.5970628285794567,0.6753670421651937,0.6466077617905395,0.49514794102582144,0.38738916525443107,0.6010402868799842,0.6090520789541576,0.6560594099547234,0.5970535315945601
HD,0.552292751846671,0.5862130377941656,0.5665561899965026,0.5547515737079028,0.6338952300341724,0.6314874887366843,0.7044803147170288,0.6860677573532399,0.4733307955528949,0.6288442861132697,0.0,0.581056535361882,0.7003834504995136,0.5779369802435893,0.7051239129821675,0.6079588862933326,0.5703911776370449,0.7004313842634878,0.5487223023458386,0.6446667167389271,0.6252452071094549,0.5866967743601512,0.6373729063440128,0.7017622472256688,0.5683682763072663,0.6066347698862409,0.6877578474697359,0.6303159845417411,0.5000822127429602,0.541101917832822,0.6304026081313729,0.6823038902616191,0.6513369732756242,0.5744235959078965,0.5052770855411135,0.5871168869659042,0.4727171618080154,0.5724245505581798,0.6390698922946872,0.6274685881051155,0.6036396948580461,0.595851894629818,0.6497514602243623,0.5911171024308047,0.705129353098381,0.6113378939501846,0.5766542181527414
UNH,0.5486302554116015,0.6164460721746593,0.5967257137009917,0.5357738205407051,0.48077082083639877,0.4742909078740575,0.5705521305807002,0.528766283297177,0.606424239332296,0.6374035810145215,0.581056535361882,0.0,0.5303427813142086,0.6311502771439418,0.6029532696960006,0.7019691082287258,0.5643233023928732,0.6460834305225049,0.6457691157882262,0.6543862944981169,0.5774818616289218,0.6039873055530673,0.4122971210121656,0.5442045029089936,0.5725659249833255,0.6645695536997169,0.6360562649179583,0.6661107483534705,0.6780830250483647,0.5984519274405131,0.6349604228837921,0.48401730425083106,0.6347212583062277,0.579852349339285,0.6622433324349019,0.4154447183355123,0.6448591512571206,0.5853041567196151,0.6933513068211583,0.5461512824377792,0.4505553328847637,0.5677401724873509,0.617991004191315,0.6056216116118889,0.6380895106036314,0.5752882923124023,0.5607236181084111
MA,0.5279110293440011,0.5892540300323956,0.6132032761231121,0.5720723985721701,0.5026149385624159,0.5028739368427142,0.5566432769048709,0.21124143524834807,0.6854698470779197,0.4804571570996121,0.7003834504995136,0.5303427813142086,0.0,0.6177484266866783,0.5743667403429977,0.6949750930711938,0.5808850523801364,0.6314564623046931,0.6669244428903908,0.6356277068212898,0.5327989601153957,0.5227974210037438,0.6096365816635264,0.3986243688363563,0.5438257192269667,0.5177431817842063,0.4160688446526316,0.5283825801011542,0.6604386771188192,0.7006970466619991,0.5400046770608343,0.5890913090581599,0.5230708902512385,0.6848699220428702,0.552373452152767,0.5606954762153505,0.6755990709288755,0.4762434323897082,0.6644099235269149,0.6680127499297016,0.6144707653623432,0.47386771804901956,0.4097764390777473,0.7016840611605885,0.6240175738255385,0.5569813189961687,0.538973923440464
NVDA,0.36160888376945927,0.44560969187393823,0.39278724456270364,0.4469389825903543,0.5276023475468158,0.5249280251122536,0.6854047600144664,0.6161975087049696,0.6063320871616048,0.6246256281533877,0.5779369802435893,0.6311502771439418,0.6177484266866783,0.0,0.615376992012732,0.5310658481684863,0.3618105161344853,0.671401036952298,0.45894574169997804,0.576215789947816,0.705242012433537,0.6804148835422914,0.6476881524938765,0.6910376496092657,0.6404493997872729,0.5888343596904841,0.6734754179221465,0.6453861618529273,0.5856843487323097,0.5778200632196997,0.5057827987410906,0.6959176017448293,0.6291085274589753,0.46651727716476304,0.5683869450640073,0.6875249163370443,0.5083922074773018,0.58996079872835,0.694248058918952,0.6550392687492776,0.6515687506120104,0.6937240794601726,0.6010130541206742,0.5296594546294081,0.633104234664357,0.4440888241354758,0.5402262742748708
VZ,0.6757509186283548,0.6991724276533324,0.6258026859115504,0.7063678651747912,0.6392271586252818,0.6371764035027385,0.497817507047241,0.5430824160467748,0.6210006588518148,0.502450587347683,0.7051239129821675,0.6029532696960006,0.5743667403429977,0.615376992012732,0.0,0.7011052469251672,0.6412754218738013,0.7046995978202274,0.5804278586718895,0.4464548252202731,0.5660155593057742,0.517483453801366,0.5971756261966277,0.5415195659896141,0.5823459072525016,0.5163302043993858,0.5119989094117483,0.5516766463860264,0.6365579628670479,0.6790549144332029,0.6371712710939871,0.6191467567648891,0.5305616948430911,0.6656125052584211,0.6422651498795303,0.5584324006313871,0.6896246251079741,0.5848986992935993,0.5945663636987839,0.6911666992824977,0.6449589018212443,0.4932611024008264,0.4783729386017646,0.6826150193052214,0.5660232429893636,0.6761003084088688,0.6687817548901455
NFLX,0.49799217117317174,0.4858463243255654,0.4275350719263767,0.5345548723585323,0.5864590150411423,0.5892534926433214,0.6568568474761707,0.6710140373747018,0.6377439362397548,0.5767867481383407,0.6079588862933326,0.7019691082287258,0.6949750930711938,0.5310658481684863,0.7011052469251672,0.0,0.48659291799919774,0.6706801986154105,0.5945194801263975,0.6249449217858245,0.6487883566433579,0.6976860179733733,0.7069183506051322,0.6996439168706335,0.6370961527000285,0.5695991574786728,0.6942298765524878,0.6334228173841772,0.6339682444394261,0.5619391427402871,0.5833489048394761,0.6970823526175507,0.6268850196640228,0.5890319177907367,0.5672662499436812,0.6368220447731322,0.48032456011290564,0.6351593014471197,0.6193777018686483,0.6706704511949914,0.6780910182178699,0.694915586873661,0.6359813752606104,0.6436727919090325,0.7060757007311752,0.6095538363564399,0.6265946638230326
ADBE,0.3006482018577094,0.4321880845849472,0.3049178478681171,0.39288301570546935,0.4776226320521466,0.47981563977569747,0.6902234467330903,0.5959728045686763,0.5544610128989214,0.5865044244097343,0.5703911776370449,0.5643233023928732,0.5808850523801364,0.3618105161344853,0.6412754218738013,0.48659291799919774,0.0,0.6640686990866188,0.4045716405296721,0.581363322167134,0.678716892480063,0.6430986016990466,0.5986061272681081,0.6300618295386853,0.5602805134088502,0.5637334511901304,0.6832045496285967,0.6121887805083015,0.6404261623176091,0.585775908360452,0.44589218627367994,0.6569059730571621,0.5970192213598551,0.4956482787525097,0.5405516762432159,0.6270266936973806,0.4881073354529325,0.5441787695385387,0.7024763738796095,0.6395021656977109,0.6442566927283947,0.6788620677716267,0.6432704491913159,0.557045075666295,0.6759385798261576,0.4795343563614929,0.5524715139144292
INTC,0.6375577409300177,0.6382465659612346,0.6434999463816263,0.6980267288636938,0.6422742958842049,0.6400420812191998,0.6365387608128775,0.6473350518745257,0.7023021751272952,0.6472366150443825,0.7004313842634878,0.6460834305225049,0.6314564623046931,0.671401036952298,0.7046995978202274,0.6706801986154105,0.6640686990866188,0.0,0.6364733102362495,0.6049239947588145,0.6869841926139434,0.6204499695347422,0.6697615025305339,0.6298010618901073,0.6315915320480583,0.6407748519094514,0.6636471737169604,0.5742397184988355,0.6722584949886631,0.612837080305942,0.6729581696057659,0.5879905819878586,0.5870540455577817,0.6778163061290057,0.6347526993868339,0.5761393883706395,0.6650527406780544,0.6443744169331754,0.6511234213200278,0.6572558943191641,0.6223958154974545,0.6504027161222098,0.6469094072233683,0.6971152434944226,0.6111926928707994,0.6256210816902733,0.6782257627112305
PYPL,0.45100434481415497,0.49382675261699815,0.4404254403476863,0.45040897213161657,0.5930150793087348,0.5936904465679559,0.6619465965453073,0.671141595596513,0.5797835539182347,0.5731801713657367,0.5487223023458386,0.6457691157882262,0.6669244428903908,0.45894574169997804,0.5804278586718895,0.5945194801263975,0.4045716405296721,0.6364733102362495,0.0,0.5577639607014716,0.6252399877968788,0.6903234064792033,0.6748905780952484,0.7028539473801356,0.6012057111303902,0.5658124171697836,0.6611218331253622,0.6495114094999733,0.6484095345426383,0.6172480986721831,0.5176973835315805,0.6897550743408103,0.6449046776275523,0.5567469971574383,0.5641068165750494,0.6714447316964114,0.5344056346865267,0.5844223022411373,0.7066836985105522,0.6537716043000729,0.7019754121560308,0.6941267959485725,0.597909411929439,0.6264999318753679,0.6956207710511463,0.5526500656822922,0.6002769881537204
T,0.6544776426874722,0.6204071417382693,0.5937563915178764,0.6515486966700672,0.6774493351340678,0.6706711434299538,0.5543506376212932,0.6246662223146204,0.703554519237292,0.49114597265021487,0.6446667167389271,0.6543862944981169,0.6356277068212898,0.576215789947816,0.4464548252202731,0.6249449217858245,0.581363322167134,0.6049239947588145,0.5577639607014716,0.0,0.5844049369151544,0.5738403696285157,0.6094510333408631,0.5789280239452652,0.6686019913921696,0.49995999721797585,0.59441276905361,0.4618443352636067,0.672084879633616,0.7005542739933986,0.6278950103601244,0.6053422304471343,0.488319292831531,0.6500392578307745,0.6971735852458132,0.6098340663527864,0.6836724721197852,0.7066373807237291,0.6378777281360135,0.7026470039799776,0.6350190278227394,0.5875065639021271,0.5364973005531057,0.6724148860545754,0.5348118808252127,0.7022788714415761,0.6761070361553845
PFE,0.6845638802458915,0.6916451849897561,0.680969197547164,0.6799686053810237,0.5962687814872427,0.5992476774271428,0.5157401795981208,0.534505265083701,0.6931146781522758,0.5542539233767474,0.6252452071094549,0.5774818616289218,0.5327989601153957,0.705242012433537,0.5660155593057742,0.6487883566433579,0.678716892480063,0.6869841926139434,0.6252399877968788,0.5844049369151544,0.0,0.6140078427091405,0.46266571014712304,0.601076118351555,0.6488519720093413,0.5685193794194712,0.5820304620799144,0.5677017075253015,0.6771079363599446,0.6740114440059791,0.6970439388217254,0.5228543079808781,0.575746696383946,0.7056558587973719,0.6522466447063596,0.5820209702399244,0.6600597852158437,0.6474537103648773,0.682594158137911,0.6261346772623245,0.6262225166829338,0.6161216981404006,0.5530929107203343,0.6718361482294722,0.6397061489643668,0.6346054124974614,0.606935111510447
CSCO,0.6121184570216354,0.6522198350044363,0.6928300768015867,0.649731031143701,0.5978113341154705,0.5976137195068378,0.5451464874389078,0.5178361442327043,0.5760492188112111,0.55074648152978,0.5866967743601512,0.6039873055530673,0.5227974210037438,0.6804148835422914,0.517483453801366,0.6976860179733733,0.6430986016990466,0.6204499695347422,0.6903234064792033,0.5738403696285157,0.6140078427091405,0.0,0.6014687752748102,0.5068011741847968,0.5314206607771037,0.5611556960777193,0.5420493940613873,0.5658114233027471,0.5300113408017831,0.6694691964490085,0.6752740512368542,0.6379473636514461,0.5367656373935243,0.7052728496914105,0.5199493950397241,0.5904704382202333,0.6592911801213613,0.4975993503082514,0.6149910694916104,0.6804012347643107,0.5719383137911845,0.5348404579221552,0.5283249668813225,0.7018598948148297,0.5122373744059858,0.5624646700427126,0.594149975749027
MRK,0.6058467196142941,0.6405008583929973,0.6463088867438893,0.5842929650168626,0.5761943139908288,0.5736584716040016,0.5393585002943927,0.5907237014096689,0.6087698520994054,0.662213567283491,0.6373729063440128,0.4122971210121656,0.6096365816635264,0.6476881524938765,0.5971756261966277,0.7069183506051322,0.5986061272681081,0.6697615025305339,0.6748905780952484,0.6094510333408631,0.46266571014712304,0.6014687752748102,0.0,0.583518291925298,0.6030071043213968,0.6748048511951775,0.6653049463388783,0.6515913905841267,0.7045359575606626,0.5853925874153307,0.6538523275600685,0.49718863126472546,0.6602403675569993,0.5686413990998963,0.6813278765406587,0.512889785490777,0.6629266741753808,0.6334144892190906,0.6971107915473144,0.4654386364268484,0.4640592041483721,0.5984950562285967,0.641935760826784,0.561779189227641,0.6077119251726563,0.5950670290132578,0.5377761689849685
CMCSA,0.572795130030712,0.6084319861887467,0.642793984674642,0.5741922670790113,0.5216044840731127,0.5177161847947516,0.5698501293187362,0.41550979876034944,0.6587950221405414,0.46249724854252855,0.7017622472256688,0.5442045029089936,0.3986243688363563,0.6910376496092657,0.5415195659896141,0.6996439168706335,0.6300618295386853,0.6298010618901073,0.7028539473801356,0.5789280239452652,0.601076118351555,0.5068011741847968,0.583518291925298,0.0,0.5024725687898279,0.4873530590787154,0.42449739966502115,0.5025855110004829,0.6850632285448739,0.6900975141081899,0.6084235487003985,0.6076482283520449,0.49772867484315564,0.6537819225561592,0.5554982896761378,0.5586627039964254,0.6992449379308486,0.5239547181237468,0.6198738212089449,0.6344383880969072,0.5684905283097208,0.5115730569491496,0.44264684211072924,0.662372674412065,0.5484846024839497,0.5802842884489023,0.5635844761433491
PEP,0.5419689933830699,0.5394604936239211,0.5761299996638599,0.5424104929943945,0.5437417397757743,0.5493940681310007,0.4905580608392919,0.5172204075359528,0.4404370789887866,0.6702199001859797,0.5683682763072663,0.5725659249833255,0.5438257192269667,0.6404493997872729,0.5823459072525016,0.6370961527000285,0.5602805134088502,0.6315915320480583,0.6012057111303902,0.6686019913921696,0.6488519720093413,0.5314206607771037,0.6030071043213968,0.5024725687898279,0.0,0.6925318369970301,0.40265427080822186,0.6446360882990873,0.5879184093311199,0.5400740636000243,0.5876737101170968,0.5666822504721974,0.6199027475670946,0.6476257219891135,0.4674042703166418,0.5127408343968216,0.559526246998514,0.49054441384007536,0.5582363312448404,0.6748539125457571,0.6019738217540197,0.5054663665998734,0.6158843613654943,0.6432801412783953,0.5320527567029245,0.5587938959556658,0.6001034703971428
BAC,0.6608544249513615,0.6616477466580762,0.5810328349705236,0.621694651213557,0.6879847316105843,0.6835788054876013,0.5860319285893016,0.5310037103793939,0.6317083523761509,0.1398048599993472,0.6066347698862409,0.6645695536997169,0.5177431817842063,0.5888343596904841,0.5163302043993858,0.5695991574786728,0.5637334511901304,0.6407748519094514,0.5658124171697836,0.49995999721797585,0.5685193794194712,0.5611556960777193,0.6748048511951775,0.4873530590787154,0.6925318369970301,0.0,0.5285773038370987,0.38008794616776476,0.7047007707207699,0.5962001117605865,0.6724741312024155,0.6619898885145408,0.37680517397678426,0.5460095707775124,0.7038062154424759,0.6485119095122696,0.5500232056754618,0.6109628102724606,0.5977149366869083,0.6741848614985892,0.659838706260593,0.5015838202766306,0.4014098018884386,0.6044724826222736,0.6231896181113705,0.6843527789764539,0.6166064207222727
KO,0.6527536507762652,0.6319586645561043,0.7017371954688205,0.6809746121430004,0.5830098641252884,0.5901656120885295,0.5017899396690344,0.39796273572786744,0.6684218581767937,0.5030420537887527,0.6877578474697359,0.6360562649179583,0.4160688446526316,0.6734754179221465,0.5119989094117483,0.6942298765524878,0.6832045496285967,0.6636471737169604,0.6611218331253622,0.59441276905361,0.5820304620799144,0.5420493940613873,0.6653049463388783,0.42449739966502115,0.40265427080822186,0.5285773038370987,0.0,0.5053449232723193,0.6770998304013556,0.6870770730309056,0.6447041159561978,0.5696944787211468,0.48095470584015143,0.6220205087120542,0.5623825014609009,0.5696711771067692,0.6942139610885276,0.5311625706262826,0.6299179768146116,0.6944566490634219,0.6120680217356909,0.5003975972033551,0.4173489441902232,0.6266339762471832,0.5614123193535909,0.6353452391760747,0.6333927534719871
XOM,0.6914553504547486,0.6957671496151145,0.6499457615323598,0.6747906190193748,0.6410783531923737,0.6359339497594851,0.5397857225199906,0.5304908006272319,0.6279913483625861,0.3843829365877146,0.6303159845417411,0.6661107483534705,0.5283825801011542,0.6453861618529273,0.5516766463860264,0.6334228173841772,0.6121887805083015,0.5742397184988355,0.6495114094999733,0.4618443352636067,0.5677017075253015,0.5658114233027471,0.6515913905841267,0.5025855110004829,0.6446360882990873,0.38008794616776476,0.5053449232723193,0.0,0.6917948215647599,0.653220591005167,0.7017853527062269,0.558686405191264,0.18184024423710882,0.5796064151609145,0.6853646018571715,0.6006628345848708,0.5902385047581942,0.613744382521445,0.6468165039806529,0.6487364123609366,0.5747022144466633,0.5623202901104993,0.4477975906125789,0.6066016204005236,0.520681553788563,0.6342971814043682,0.6364152107853132
WMT,0.590691616636,0.604667865680408,0.6111495675452449,0.6272052814431859,0.6371545591284513,0.6298173760685197,0.6305470684179283,0.6185998157486065,0.48495101121704226,0.6962098212676222,0.5000822127429602,0.6780830250483647,0.6604386771188192,0.5856843487323097,0.6365579628670479,0.6339682444394261,0.6404261623176091,0.6722584949886631,0.6484095345426383,0.672084879633616,0.6771079363599446,0.5300113408017831,0.7045359575606626,0.6850632285448739,0.5879184093311199,0.7047007707207699,0.6770998304013556,0.6917948215647599,0.0,0.6321572938270562,0.6148968306695034,0.6900042028458504,0.6631430073744178,0.6184113459032787,0.5615805148830817,0.6752941756814946,0.45622786221286343,0.5372018985136731,0.6287402956534581,0.6544507136901998,0.6768362197353016,0.57605984932272,0.701840957290251,0.6055842589348824,0.6974599766828642,0.5761914402622866,0.5922285917016136
ABT,0.5601660313588055,0.576522587987905,0.5769235384717896,0.6092987768835388,0.6243684660399444,0.6273721660679744,0.6186804439382788,0.6928329236793471,0.5029806270478875,0.6124506187899604,0.541101917832822,0.5984519274405131,0.7006970466619991,0.5778200632196997,0.6790549144332029,0.5619391427402871,0.585775908360452,0.612837080305942,0.6172480986721831,0.7005542739933986,0.6740114440059791,0.6694691964490085,0.5853925874153307,0.6900975141081899,0.5400740636000243,0.5962001117605865,0.6870770730309056,0.653220591005167,0.6321572938270562,0.0,0.6112608053293218,0.6217991753788767,0.6734289462002448,0.4121478043912331,0.5765738225646536,0.5954990587052156,0.5293052514842748,0.6357152176530461,0.5798727152340744,0.6193244359842549,0.6072835002451655,0.6004756631875325,0.6803490710421027,0.4562763146100119,0.6545746396385489,0.5609393825789063,0.6486063750873766
CRM,0.4101366570548749,0.5278264441809719,0.48461117745626675,0.5195832644332739,0.5405966443395015,0.5441879898085192,0.6936255546903344,0.5724451837750827,0.6359508834659107,0.6928587874864874,0.6304026081313729,0.6349604228837921,0.5400046770608343,0.5057827987410906,0.6371712710939871,0.5833489048394761,0.44589218627367994,0.6729581696057659,0.5176973835315805,0.6278950103601244,0.6970439388217254,0.6752740512368542,0.6538523275600685,0.6084235487003985,0.5876737101170968,0.6724741312024155,0.6447041159561978,0.7017853527062269,0.6148968306695034,0.6112608053293218,0.0,0.6636690150728422,0.6987631633266804,0.6322065432510816,0.5299830291400612,0.6739066834730261,0.5850901629750309,0.5100492318537097,0.6982043564902419,0.6636347033744628,0.6605193960210756,0.5763220473102955,0.6940997832091824,0.6086300902245347,0.676755383244546,0.4743327200423599,0.5806310715074671
ABBV,0.6459412489407328,0.6831580526303198,0.7065866240157559,0.6965020632099431,0.5352114463193606,0.5436633124489106,0.5669561218515189,0.5819561332814823,0.6922725098950885,0.641466458361941,0.6823038902616191,0.48401730425083106,0.5890913090581599,0.6959176017448293,0.6191467567648891,0.6970823526175507,0.6569059730571621,0.5879905819878586,0.6897550743408103,0.6053422304471343,0.5228543079808781,0.6379473636514461,0.49718863126472546,0.6076482283520449,0.5666822504721974,0.6619898885145408,0.5696944787211468,0.558686405191264,0.6900042028458504,0.6217991753788767,0.6636690150728422,0.0,0.53847777050936,0.697539635634232,0.6945236583280864,0.49509927738057896,0.6912931657506429,0.6490241978607812,0.6728241687711466,0.48286336386483736,0.4777131108950412,0.5956308433773726,0.58685389665995,0.6973086446048196,0.5696433837043362,0.6351268842236335,0.673251990441893
CVX,0.6834144831803757,0.6737860887846929,0.6226731276355054,0.6744124930970308,0.624167367842549,0.6189731612888618,0.5350149139795356,0.5070830427231631,0.6438740059705939,0.3726125786182954,0.6513369732756242,0.6347212583062277,0.5230708902512385,0.6291085274589753,0.5305616948430911,0.6268850196640228,0.5970192213598551,0.5870540455577817,0.6449046776275523,0.488319292831531,0.575746696383946,0.5367656373935243,0.6602403675569993,0.49772867484315564,0.6199027475670946,0.37680517397678426,0.48095470584015143,0.18184024423710882,0.6631430073744178,0.6734289462002448,0.6987631633266804,0.53847777050936,0.0,0.5781892308046417,0.6827875392338721,0.5754931059963077,0.5987044564382722,0.5896328994487948,0.6508718361495786,0.6773030617994829,0.582044490754149,0.5348151158939882,0.43904051914120457,0.5911391630229587,0.5065335512899658,0.6269746910741558,0.6456776337627695
TMO,0.5133123114198422,0.5525471650595235,0.5115239287348959,0.534933153014877,0.561271483265828,0.5562639240277816,0.6707767378574578,0.6845413017753721,0.512541787956761,0.5480477044596239,0.5744235959078965,0.579852349339285,0.6848699220428702,0.46651727716476304,0.6656125052584211,0.5890319177907367,0.4956482787525097,0.6778163061290057,0.5567469971574383,0.6500392578307745,0.7056558587973719,0.7052728496914105,0.5686413990998963,0.6537819225561592,0.6476257219891135,0.5460095707775124,0.6220205087120542,0.5796064151609145,0.6184113459032787,0.4121478043912331,0.6322065432510816,0.697539635634232,0.5781892308046417,0.0,0.6074342493018895,0.6381305093699171,0.5098826608144253,0.6330233494719733,0.6291535858474989,0.6775974261878477,0.6247058514241574,0.704986545811754,0.5822310250689163,0.3049640401732785,0.6373738967526306,0.5422159217082936,0.6077661493765956
MCD,0.5048611477376324,0.5441957120189409,0.5405614967304516,0.5447307708342842,0.5682946360918364,0.5661690763057745,0.6781350650032718,0.5512377462299336,0.5327808723302614,0.6872320730910058,0.5052770855411135,0.6622433324349019,0.552373452152767,0.5683869450640073,0.6422651498795303,0.5672662499436812,0.5405516762432159,0.6347526993868339,0.5641068165750494,0.6971735852458132,0.6522466447063596,0.5199493950397241,0.6813278765406587,0.5554982896761378,0.4674042703166418,0.7038062154424759,0.5623825014609009,0.6853646018571715,0.5615805148830817,0.5765738225646536,0.5299830291400612,0.6945236583280864,0.6827875392338721,0.6074342493018895,0.0,0.6240675411474119,0.5427061097286586,0.4822743937696283,0.5480833823199589,0.6980567290130346,0.6593944868811841,0.5609754236057276,0.6516761546124302,0.6130828861198523,0.6325199215673075,0.5689974464166208,0.5538370137116848
AMGN,0.6077704560894442,0.6335313712813371,0.6215449878546928,0.5849290328182871,0.5226653973996471,0.517600527810511,0.484630539063405,0.5130759734705927,0.627703117691703,0.6374325655721421,0.5871168869659042,0.4154447183355123,0.5606954762153505,0.6875249163370443,0.5584324006313871,0.6368220447731322,0.6270266936973806,0.5761393883706395,0.6714447316964114,0.6098340663527864,0.5820209702399244,0.5904704382202333,0.512889785490777,0.5586627039964254,0.5127408343968216,0.6485119095122696,0.5696711771067692,0.6006628345848708,0.6752941756814946,0.5954990587052156,0.6739066834730261,0.49509927738057896,0.5754931059963077,0.6381305093699171,0.6240675411474119,0.0,0.6686228666142254,0.5578126536913403,0.6058388066495719,0.5413224450509347,0.5079428337108861,0.5357356940073643,0.5862488911467968,0.6626858224444694,0.6037095053126337,0.5982330664306775,0.591396648466264
COST,0.503934859425117,0.5059100663037931,0.43988430298201997,0.4928325431283514,0.6082526674351314,0.6079744926597894,0.6832759432702167,0.6544620109369258,0.4405302329810872,0.5735813605615755,0.4727171618080154,0.6448591512571206,0.6755990709288755,0.5083922074773018,0.6896246251079741,0.48032456011290564,0.4881073354529325,0.6650527406780544,0.5344056346865267,0.6836724721197852,0.6600597852158437,0.6592911801213613,0.6629266741753808,0.6992449379308486,0.559526246998514,0.5500232056754618,0.6942139610885276,0.5902385047581942,0.45622786221286343,0.5293052514842748,0.5850901629750309,0.6912931657506429,0.5987044564382722,0.5098826608144253,0.5427061097286586,0.6686228666142254,0.0,0.6076120627143968,0.6435014121441641,0.6806361690863894,0.6997846960636351,0.6328123830281459,0.5907905233312585,0.5716463296112398,0.6695612362558804,0.6117720050454076,0.5847874300197488
ACN,0.509407747232588,0.5719474544913132,0.6008156731022539,0.554573094282793,0.516908356401396,0.5122175897238367,0.5104267709389755,0.4593733464923298,0.5427885744341634,0.6126221526958137,0.5724245505581798,0.5853041567196151,0.4762434323897082,0.58996079872835,0.5848986992935993,0.6351593014471197,0.5441787695385387,0.6443744169331754,0.5844223022411373,0.7066373807237291,0.6474537103648773,0.4975993503082514,0.6334144892190906,0.5239547181237468,0.49054441384007536,0.6109628102724606,0.5311625706262826,0.613744382521445,0.5372018985136731,0.6357152176530461,0.5100492318537097,0.6490241978607812,0.5896328994487948,0.6330233494719733,0.4822743937696283,0.5578126536913403,0.6076120627143968,0.0,0.58678578567582,0.6957656796171615,0.6165093771542144,0.4275157187618006,0.5714404146970442,0.6448331785741827,0.6485877628369494,0.5017235737569766,0.5405580016444367
NEE,0.6531426213497314,0.6189744205805925,0.6604519353564715,0.6972406778500141,0.6647990377339357,0.6606273181292655,0.581497777989609,0.6674586129694886,0.5483685750355363,0.5970628285794567,0.6390698922946872,0.6933513068211583,0.6644099235269149,0.694248058918952,0.5945663636987839,0.6193777018686483,0.7024763738796095,0.6511234213200278,0.7066836985105522,0.6378777281360135,0.682594158137911,0.6149910694916104,0.6971107915473144,0.6198738212089449,0.5582363312448404,0.5977149366869083,0.6299179768146116,0.6468165039806529,0.6287402956534581,0.5798727152340744,0.6982043564902419,0.6728241687711466,0.6508718361495786,0.6291535858474989,0.5480833823199589,0.6058388066495719,0.6435014121441641,0.58678578567582,0.0,0.6427762768186442,0.6910060874253864,0.5337730953864318,0.6201489074423168,0.6166749905452557,0.6490719104949794,0.6290329955361091,0.619093953624511
LLY,0.6451161091064357,0.6553178922065411,0.6556839145513436,0.6375522781683117,0.6368508146073008,0.6387834710514497,0.641903588933507,0.6458282287948764,0.684405601670273,0.6753670421651937,0.6274685881051155,0.5461512824377792,0.6680127499297016,0.6550392687492776,0.6911666992824977,0.6706704511949914,0.6395021656977109,0.6572558943191641,0.6537716043000729,0.7026470039799776,0.6261346772623245,0.6804012347643107,0.4654386364268484,0.6344383880969072,0.6748539125457571,0.6741848614985892,0.6944566490634219,0.6487364123609366,0.6544507136901998,0.6193244359842549,0.6636347033744628,0.48286336386483736,0.6773030617994829,0.6775974261878477,0.6980567290130346,0.5413224450509347,0.6806361690863894,0.6957656796171615,0.6427762768186442,0.0,0.4243326808088863,0.6702616883348044,0.6462661567993031,0.688647865743043,0.6272792832586361,0.6454673506489289,0.6505411025709621
BMY,0.6349941839208357,0.671366621475223,0.6754949278809506,0.6454755145719878,0.5857758747149804,0.5850832812384772,0.5588531423327713,0.596031942779217,0.6644934518424717,0.6466077617905395,0.6036396948580461,0.4505553328847637,0.6144707653623432,0.6515687506120104,0.6449589018212443,0.6780910182178699,0.6442566927283947,0.6223958154974545,0.7019754121560308,0.6350190278227394,0.6262225166829338,0.5719383137911845,0.4640592041483721,0.5684905283097208,0.6019738217540197,0.659838706260593,0.6120680217356909,0.5747022144466633,0.6768362197353016,0.6072835002451655,0.6605193960210756,0.4777131108950412,0.582044490754149,0.6247058514241574,0.6593944868811841,0.5079428337108861,0.6997846960636351,0.6165093771542144,0.6910060874253864,0.4243326808088863,0.0,0.6240737209304993,0.6085146415388676,0.6513619958792541,0.6190445098769464,0.5674820496605048,0.6247978719650745
LIN,0.6196661004431163,0.6144730024121786,0.6890032911437951,0.6338659404549952,0.5975078402683331,0.5974678276564422,0.5032946869483262,0.45934052323826213,0.5344021995055243,0.49514794102582144,0.595851894629818,0.5677401724873509,0.47386771804901956,0.6937240794601726,0.4932611024008264,0.694915586873661,0.6788620677716267,0.6504027161222098,0.6941267959485725,0.5875065639021271,0.6161216981404006,0.5348404579221552,0.5984950562285967,0.5115730569491496,0.5054663665998734,0.5015838202766306,0.5003975972033551,0.5623202901104993,0.57605984932272,0.6004756631875325,0.5763220473102955,0.5956308433773726,0.5348151158939882,0.704986545811754,0.5609754236057276,0.5357356940073643,0.6328123830281459,0.4275157187618006,0.5337730953864318,0.6702616883348044,0.6240737209304993,0.0,0.450570873956539,0.661492595501104,0.6239827353311916,0.5302206449776216,0.5802106747760166
MDT,0.6982437420503771,0.6928968380524914,0.614410978038949,0.6870525874632392,0.6313656137851561,0.6348168020766595,0.5045781576652506,0.43617461393479623,0.6695266722440623,0.38738916525443107,0.6497514602243623,0.617991004191315,0.4097764390777473,0.6010130541206742,0.4783729386017646,0.6359813752606104,0.6432704491913159,0.6469094072233683,0.597909411929439,0.5364973005531057,0.5530929107203343,0.5283249668813225,0.641935760826784,0.44264684211072924,0.6158843613654943,0.4014098018884386,0.4173489441902232,0.4477975906125789,0.701840957290251,0.6803490710421027,0.6940997832091824,0.58685389665995,0.43904051914120457,0.5822310250689163,0.6516761546124302,0.5862488911467968,0.5907905233312585,0.5714404146970442,0.6201489074423168,0.6462661567993031,0.6085146415388676,0.450570873956539,0.0,0.6283028263745359,0.5738142449203484,0.6681998238907892,0.6536550842936086
DHR,0.561982174806273,0.5872890821637398,0.558643374433511,0.5779279531778901,0.6098132035099981,0.6061036830176817,0.6556670719207619,0.6802136227236482,0.4987247407286771,0.6010402868799842,0.5911171024308047,0.6056216116118889,0.7016840611605885,0.5296594546294081,0.6826150193052214,0.6436727919090325,0.557045075666295,0.6971152434944226,0.6264999318753679,0.6724148860545754,0.6718361482294722,0.7018598948148297,0.561779189227641,0.662372674412065,0.6432801412783953,0.6044724826222736,0.6266339762471832,0.6066016204005236,0.6055842589348824,0.4562763146100119,0.6086300902245347,0.6973086446048196,0.5911391630229587,0.3049640401732785,0.6130828861198523,0.6626858224444694,0.5716463296112398,0.6448331785741827,0.6166749905452557,0.688647865743043,0.6513619958792541,0.661492595501104,0.6283028263745359,0.0,0.6412060586714422,0.5296247805517232,0.5846355559423515
PM,0.7025710059132348,0.7028837703439933,0.6461267266021432,0.7005478695671645,0.6583028737748169,0.6584858328445455,0.5375301296592481,0.5996618051282887,0.6726042799214902,0.6090520789541576,0.705129353098381,0.6380895106036314,0.6240175738255385,0.633104234664357,0.5660232429893636,0.7060757007311752,0.6759385798261576,0.6111926928707994,0.6956207710511463,0.5348118808252127,0.6397061489643668,0.5122373744059858,0.6077119251726563,0.5484846024839497,0.5320527567029245,0.6231896181113705,0.5614123193535909,0.520681553788563,0.6974599766828642,0.6545746396385489,0.676755383244546,0.5696433837043362,0.5065335512899658,0.6373738967526306,0.6325199215673075,0.6037095053126337,0.6695612362558804,0.6485877628369494,0.6490719104949794,0.6272792832586361,0.6190445098769464,0.6239827353311916,0.5738142449203484,0.6412060586714422,0.0,0.6702439387791569,0.6956678528938088
