,MSFT,AAPL,AMZN,FB,GOOGL,GOOG,JNJ,V,PG,JPM,HD,UNH,MA,NVDA,VZ,NFLX,ADBE,INTC,PYPL,T,PFE,CSCO,MRK,CMCSA,PEP,BAC,KO,XOM,WMT,ABT,CRM,ABBV,CVX,TMO,MCD,AMGN,COST,ACN,NEE,LLY,BMY,LIN,MDT,DHR,PM,TXN,NKE
MSFT,0.0,0.3607114854437514,0.2866976584490297,0.37614206002470346,0.3149425371495369,0.31730189742613674,0.5305268902310325,0.4548703390285595,0.4220293628941291,0.6652159400500952,0.4363006957835931,0.4877328445819497,0.43729361426814917,0.3200366679048152,0.6130817678731012,0.5048527904949499,0.30403505833657823,0.5236225341158325,0.39110675277865636,0.6939143408850844,0.5982369037985491,0.5510808815653697,0.5008811973838576,0.48597618549426247,0.4275085819226486,0.679291520787147,0.590165068100264,0.7062866937694005,0.4725484651254499,0.47782040663910874,0.45811268094676555,0.5768398098354588,0.6723214724966522,0.43614190594518587,0.5456773580214044,0.4771254832422096,0.39154437531212494,0.46212203589662887,0.5538548965551345,0.6126415610747129,0.526715774853553,0.49734779724768224,0.602502626581181,0.4499186397979345,0.6559863873164409,0.28858015656983715,0.6031212873933437
AAPL,0.3607114854437514,0.0,0.33259528027021834,0.43301645089328084,0.45931905600663797,0.4593955071754762,0.5741592774337317,0.5186969813070509,0.48495393954201926,0.678724098070776,0.4817546242653101,0.5860363770496317,0.5309959270589156,0.34533739406636843,0.6319757276049434,0.48579920455258746,0.3986706531542512,0.560082881942749,0.44957234854477024,0.7059791579459838,0.6435334290441345,0.5983999815274563,0.6062798087399394,0.505780875038317,0.4706739889425684,0.6833093350431455,0.6356466563504533,0.6851098155855302,0.5089416319215978,0.5732685018757828,0.5327350269116096,0.630595716230218,0.6580928576012214,0.5089884971466704,0.5889504653200477,0.5372117759654278,0.4429276099718379,0.5374618524470729,0.5903880707581654,0.639767764950387,0.5950319892090855,0.5359315355019448,0.6540524657913839,0.5046039765683685,0.6730125174267194,0.38126444645835816,0.6123091236694654
AMZN,0.2866976584490297,0.33259528027021834,0.0,0.3272622564507171,0.3943792794591007,0.3913991138579309,0.6095448402180286,0.5450887742114584,0.47175805221510914,0.6648346371948397,0.4573313414601251,0.5545735286378485,0.5395049436226156,0.37136712217008544,0.6536012865490902,0.42314342211876466,0.2944768678281622,0.5821702000904011,0.3837595607219657,0.6664303476084105,0.6753948076117549,0.616175132336649,0.573877956385031,0.5226642805786098,0.4677764168672011,0.664551378966704,0.6557969547082863,0.6571803618763176,0.5466443168456989,0.5680301411288257,0.4673341030678501,0.6359149926498726,0.6814063692074622,0.44625750561113203,0.5677757639885394,0.5264308323453792,0.4131453155408496,0.536396859756411,0.5859552416355344,0.6080629064350331,0.5634126484295029,0.585959045850646,0.6984837935897448,0.45046289438338516,0.6865713879397992,0.3430680916583024,0.6070961576602473
FB,0.37614206002470346,0.43301645089328084,0.3272622564507171,0.0,0.3674093784282915,0.35747578933716173,0.6173494926873089,0.5322392235684853,0.5072935648732302,0.6632650608907881,0.47076335802317865,0.5489094094492668,0.5528190483997608,0.43689952120759246,0.659627399279156,0.459271026730173,0.2945859355076903,0.6181703022211334,0.39300161018839347,0.6904058247252457,0.6696774112779411,0.6282061872936907,0.5471299772366577,0.5184900577179508,0.5029515293867305,0.6549883975378599,0.6510495848225071,0.6704181551067753,0.6134136886596535,0.6247558397387235,0.4195540855494781,0.6397956491779297,0.6777532327246418,0.4936050197247239,0.5622559375773084,0.5491778938843854,0.47940892980725547,0.5291771768830422,0.6305274545326618,0.6038871882678942,0.5813324412248484,0.5826707901050365,0.6884213209496303,0.5231405951930638,0.6916708178490364,0.4418803838375716,0.5861198322671062
GOOGL,0.3149425371495369,0.45931905600663797,0.3943792794591007,0.3674093784282915,0.0,0.03625081884649789,0.5158354320226157,0.43281664575000817,0.48329398103604865,0.6529385271489105,0.48949598472464173,0.48612185247809137,0.4432819489045064,0.4402905487780465,0.5624980218731497,0.5736501293063249,0.3831089347640167,0.5473773175341385,0.47858665762283475,0.638693831457241,0.5494091994188497,0.5594814469408178,0.4886089982065301,0.47523390763477574,0.42888278980468086,0.669779386830977,0.5369073016120178,0.6541229629797423,0.5658744257346824,0.5766851854365439,0.505008274666415,0.4963596274262681,0.6190410517183956,0.48411515539977745,0.5368608191387553,0.5084354093200582,0.5068278052386394,0.45595925286615,0.5805104859219761,0.5988135321645033,0.5121033642020504,0.495013111277674,0.5983931589936056,0.4972015034121043,0.6428418685389464,0.3665686972397794,0.6122661910170245
GOOG,0.31730189742613674,0.4593955071754762,0.3913991138579309,0.35747578933716173,0.03625081884649789,0.0,0.5124616098055188,0.4264278126261906,0.48060140514562016,0.6520465246801118,0.4885331390802791,0.4860136471831819,0.44085238033810964,0.44187165755942753,0.5580344624894193,0.5726647182766068,0.3793027009143554,0.5474049860383493,0.47950034088277715,0.6360983876374124,0.5486440219593639,0.5601855733759944,0.48177018445533604,0.4677123314395415,0.425780542026471,0.6696196355374359,0.5330072016488555,0.6527428443360568,0.5681783272674136,0.5782969755015024,0.49955799318116556,0.5032307434267358,0.618822688513122,0.4841790840792445,0.5294385591501521,0.5093976380799333,0.5059602582455177,0.45109620147399526,0.5832558572594967,0.5964893843936019,0.5107955293618647,0.49325174804408145,0.5950714045917518,0.4979845412941651,0.6420881159972303,0.36577503921730214,0.6096008613691666
JNJ,0.5305268902310325,0.5741592774337317,0.6095448402180286,0.6173494926873089,0.5158354320226157,0.5124616098055188,0.0,0.4150985255156122,0.5265142158012138,0.5132362024797412,0.572297212451771,0.5043590998358602,0.423809064387447,0.5888287505817257,0.4451485447729138,0.699604308829773,0.6279467170938863,0.568661043960743,0.6650421339106967,0.5256734322700379,0.42794601114267944,0.4812899373775392,0.43857639639709445,0.4899259214536687,0.47229130751665616,0.5234707069917944,0.41416175009570416,0.5252276718527961,0.6405329015993552,0.5064997313597133,0.6324191969932009,0.45642388131177863,0.4862885815473446,0.6022519455242976,0.5439864204247126,0.501256225532173,0.6062350361108453,0.4952245874843456,0.5326270087959519,0.5616906761346692,0.49358407915605723,0.44459468738236707,0.4034106970201529,0.5774324526494957,0.5350291235050081,0.5179081573741574,0.5947863895556406
V,0.4548703390285595,0.5186969813070509,0.5450887742114584,0.5322392235684853,0.43281664575000817,0.4264278126261906,0.4150985255156122,0.0,0.5960423132833642,0.44863943577404863,0.5739924256249574,0.4958924016377618,0.17798560569675473,0.5322474416336357,0.46024641462248883,0.6609503378007742,0.5202651067043921,0.5382960576138115,0.6053814522478468,0.5381375581949276,0.4002976845230624,0.5049894784744112,0.4829079661857775,0.3740202999020964,0.47003302171181505,0.4720012554108406,0.3975775890997327,0.4855580174954838,0.575518913478905,0.6207153092509432,0.56214335163061,0.5287874664456936,0.43405901934540825,0.6558885712497172,0.5520738714098707,0.4831937161680789,0.6151163884536258,0.42791405545726713,0.5822138537466471,0.59197921983051,0.5122752473231311,0.3803992280639229,0.3736585479417466,0.6358194239969105,0.5742865123365793,0.4414598343530831,0.5828677593409771
PG,0.4220293628941291,0.48495393954201926,0.47175805221510914,0.5072935648732302,0.48329398103604865,0.48060140514562016,0.5265142158012138,0.5960423132833642,0.0,0.6971261703129765,0.3776456826529571,0.5765062519070281,0.6144061499955339,0.4515786840327956,0.5556183730329254,0.5693511834564247,0.5045176022252995,0.5989922122977431,0.4928556505719888,0.6820978009015276,0.6817344162505095,0.5673496267130146,0.5416766638184288,0.6139743523570138,0.39978180250680506,0.6860508362617471,0.5830372549854625,0.6658781730627091,0.5056346176799763,0.4852630842698902,0.6278375670976452,0.6264357484894029,0.703319316883797,0.44245537313128125,0.44871461496165826,0.5543583972651254,0.3353585373192339,0.5072916944222645,0.5001760447344918,0.6665646170216845,0.5962497849365136,0.5126762980631776,0.6812276879571806,0.4748745102506796,0.6103106632543814,0.47825848900307727,0.6037443302286499
JPM,0.6652159400500952,0.678724098070776,0.6648346371948397,0.6632650608907881,0.6529385271489105,0.6520465246801118,0.5132362024797412,0.44863943577404863,0.6971261703129765,0.0,0.6645579713240666,0.624015428649774,0.439330369457597,0.6796920674944107,0.4563036556088745,0.6040511120541847,0.6498421983499126,0.6347454255754263,0.5948503059301216,0.430711375279011,0.4687210991148518,0.5571947576411016,0.6299457873101134,0.4873699749114391,0.5923796438286443,0.1693025151177931,0.392314444931927,0.3610355759016325,0.6702525262347884,0.676787248004673,0.7006194762598529,0.6173028654143512,0.32438217461548946,0.5968951624246157,0.6532432995977527,0.6354568717353586,0.6547697155728126,0.576898632599852,0.6382790037708322,0.7064048501464365,0.633771772673785,0.4791991667732911,0.3412252438171602,0.6275539545339552,0.5792723070934943,0.6290375473270938,0.6666152645500679
HD,0.4363006957835931,0.4817546242653101,0.4573313414601251,0.47076335802317865,0.48949598472464173,0.4885331390802791,0.572297212451771,0.5739924256249574,0.3776456826529571,0.6645579713240666,0.0,0.5236336535484235,0.6039032151044392,0.41374284697216307,0.6161750137000643,0.47627401321978413,0.4438337876822729,0.5885440926565649,0.455908022195335,0.6851292692673123,0.6653672952768337,0.576629635806734,0.5180477779748076,0.5940264743863138,0.4580456351600603,0.6587534645563596,0.6390893325271081,0.6637462711965181,0.5258292077807211,0.5093556806001082,0.5360096623675985,0.5709133685832156,0.6924992254317364,0.4227234107976384,0.43987459086285835,0.53668179187051,0.3775330560453138,0.48546116577416865,0.5390724812227425,0.5943911061442655,0.5309687919669608,0.49455223101643625,0.6639361250105149,0.467642591615914,0.603861067496504,0.4630888450549874,0.6013114837391216
UNH,0.4877328445819497,0.5860363770496317,0.5545735286378485,0.5489094094492668,0.48612185247809137,0.4860136471831819,0.5043590998358602,0.4958924016377618,0.5765062519070281,0.624015428649774,0.5236336535484235,0.0,0.49986673333465453,0.5383643597927816,0.6018712240851692,0.6597970920987272,0.543034978685185,0.5831039796460807,0.5504321364226897,0.6558690799544059,0.49542476742488806,0.5902956059321358,0.3944442972257765,0.5583741180608615,0.5230773209652732,0.6341455705105201,0.5877389120204791,0.6448106864783705,0.6131076752712853,0.530950862943124,0.62644797007309,0.40491282111189525,0.6004075826846244,0.5482113859980601,0.5945286112949278,0.4662390936153695,0.5730055065398431,0.5627079200673328,0.669465088595189,0.4087497911050554,0.3687980431164744,0.5491890256587099,0.5679039351479537,0.5574523566800623,0.6131997401313919,0.5053373056363614,0.6074247945609276
MA,0.43729361426814917,0.5309959270589156,0.5395049436226156,0.5528190483997608,0.4432819489045064,0.44085238033810964,0.423809064387447,0.17798560569675473,0.6144061499955339,0.439330369457597,0.6039032151044392,0.49986673333465453,0.0,0.5357852290505497,0.513642373336341,0.6904871913264398,0.5323639238953339,0.5167235331069748,0.6059192137691062,0.5418957825247667,0.3894466957822205,0.5263162458230186,0.5101375534172747,0.37312813463447864,0.4958679789322099,0.4685900125314148,0.41148582518177423,0.490743973316658,0.6024980753304897,0.6211458549782558,0.5516528946143363,0.5533439678961765,0.4549809297168658,0.6547619936005173,0.542467963006661,0.5106644495612686,0.6289048904418164,0.4552752146718445,0.6027142800411502,0.6196202116273487,0.5319924322244296,0.423916371166425,0.37299152585683754,0.6182562817416081,0.5949999728852483,0.45260781604191147,0.5791514496123673
NVDA,0.3200366679048152,0.34533739406636843,0.37136712217008544,0.43689952120759246,0.4402905487780465,0.44187165755942753,0.5888287505817257,0.5322474416336357,0.4515786840327956,0.6796920674944107,0.41374284697216307,0.5383643597927816,0.5357852290505497,0.0,0.6542683327085598,0.5292348665532465,0.3688801944083817,0.5622347868547223,0.4137514009706392,0.6791750559423828,0.6389083829548508,0.5989161632177136,0.5563518287746024,0.581825550579562,0.49802573845861364,0.671744620960971,0.6633209832006356,0.6697927016585996,0.4740530215110959,0.5517224936788353,0.5498917249658474,0.6289205696849993,0.6976060763829289,0.399798818596026,0.5226329184683264,0.5107692637373156,0.3838900734351021,0.5113365911115794,0.5527566800510078,0.6473779714796083,0.5722042538330098,0.5506398388727454,0.6757369884832896,0.4043767254228871,0.6932669279270322,0.3120975438613604,0.5967997461063443
VZ,0.6130817678731012,0.6319757276049434,0.6536012865490902,0.659627399279156,0.5624980218731497,0.5580344624894193,0.4451485447729138,0.46024641462248883,0.5556183730329254,0.4563036556088745,0.6161750137000643,0.6018712240851692,0.513642373336341,0.6542683327085598,0.0,0.6729186878290266,0.6777692131874348,0.649053835311023,0.6970072177509785,0.42498889872386936,0.5164876631998725,0.537598254071686,0.5386620214009618,0.4890745713887903,0.49279210306308147,0.4464461024424569,0.37763043036104865,0.48050073834935264,0.6219203019484344,0.614864407122523,0.6785317010994473,0.5313259655217927,0.4274347523297292,0.6917875545794386,0.5794043783128604,0.5541741392626753,0.6589763195262297,0.570960990645818,0.501810747798452,0.6453062300838107,0.6317816222349422,0.43205266732754355,0.4692074520370107,0.7011523865948611,0.5295406338880778,0.5572636702126427,0.6839184178363193
NFLX,0.5048527904949499,0.48579920455258746,0.42314342211876466,0.459271026730173,0.5736501293063249,0.5726647182766068,0.699604308829773,0.6609503378007742,0.5693511834564247,0.6040511120541847,0.47627401321978413,0.6597970920987272,0.6904871913264398,0.5292348665532465,0.6729186878290266,0.0,0.39656185875657735,0.62843631495063,0.5156038624970767,0.6837853899927332,0.6387885539006514,0.6645886618232647,0.6838074798609203,0.6339529502348225,0.5675113309942579,0.6143685344776075,0.6849350342548625,0.628152095751264,0.5637971962983565,0.6190812318961691,0.43160833220035383,0.6891242712124003,0.6378955181207582,0.5519218441538256,0.6341994497329507,0.5961612161077257,0.5042496859661741,0.6367421969892869,0.6051687844401111,0.6613278891808793,0.6659078543059115,0.6302975416810287,0.6577962382449103,0.565775403829118,0.6811851033029446,0.5023004074802965,0.6659410990437554
ADBE,0.30403505833657823,0.3986706531542512,0.2944768678281622,0.2945859355076903,0.3831089347640167,0.3793027009143554,0.6279467170938863,0.5202651067043921,0.5045176022252995,0.6498421983499126,0.4438337876822729,0.543034978685185,0.5323639238953339,0.3688801944083817,0.6777692131874348,0.39656185875657735,0.0,0.5739892773486109,0.38355186075403563,0.6483812128552481,0.6525920172945902,0.6132321063052889,0.5789260096338718,0.5556465576510384,0.5030354054063058,0.644774755547557,0.6697586370998375,0.6283489277830702,0.5638125868353403,0.5980476193206282,0.3344387015211881,0.6275817561802426,0.6557506850828267,0.45708884620273005,0.5788431782733833,0.5308359877203188,0.46270876250067366,0.500969035337883,0.6095589815345774,0.6119718097514554,0.5707864019752651,0.5658205511330244,0.6775758200983633,0.46188255380957594,0.6836849744637717,0.38499324136986707,0.600937880126221
INTC,0.5236225341158325,0.560082881942749,0.5821702000904011,0.6181703022211334,0.5473773175341385,0.5474049860383493,0.568661043960743,0.5382960576138115,0.5989922122977431,0.6347454255754263,0.5885440926565649,0.5831039796460807,0.5167235331069748,0.5622347868547223,0.649053835311023,0.62843631495063,0.5739892773486109,0.0,0.6030587005170299,0.5694832122109889,0.6179168358717695,0.5465763185627422,0.5858338098799258,0.5442849308157607,0.501646437168613,0.6308343634565409,0.5530555848678755,0.6071945424014186,0.6218070782982457,0.5650855952077402,0.6269642346970697,0.5767933206016554,0.5891200171317761,0.5855251846102755,0.5634238737127498,0.5485849732714169,0.5639814909091827,0.5779396727280985,0.6116206864262881,0.6393982923830682,0.5316262498083412,0.5798283485575129,0.5720556463367137,0.5997420555670021,0.5785015072310433,0.5315532813644863,0.6563503405519535
PYPL,0.39110675277865636,0.44957234854477024,0.3837595607219657,0.39300161018839347,0.47858665762283475,0.47950034088277715,0.6650421339106967,0.6053814522478468,0.4928556505719888,0.5948503059301216,0.455908022195335,0.5504321364226897,0.6059192137691062,0.4137514009706392,0.6970072177509785,0.5156038624970767,0.38355186075403563,0.6030587005170299,0.0,0.6219687130829789,0.6938775820511972,0.6724860389808066,0.5925609103725588,0.6378392002218796,0.5383243472860861,0.5865101042660033,0.6629842875546196,0.6138851291768479,0.5338788234314814,0.5858137398162502,0.5385269390939138,0.6482254652187829,0.64727984615105,0.48133327879920423,0.6065136459626534,0.5584379141095881,0.4103816031969727,0.5476705376712869,0.6499289561318272,0.6249382920927631,0.6380070451754144,0.6188454861011293,0.6788386693025162,0.5096409277286272,0.7023912972718288,0.5065528884231201,0.6337865394296903
T,0.6939143408850844,0.7059791579459838,0.6664303476084105,0.6904058247252457,0.638693831457241,0.6360983876374124,0.5256734322700379,0.5381375581949276,0.6820978009015276,0.430711375279011,0.6851292692673123,0.6558690799544059,0.5418957825247667,0.6791750559423828,0.42498889872386936,0.6837853899927332,0.6483812128552481,0.5694832122109889,0.6219687130829789,0.0,0.5724588152313734,0.5639773408257801,0.6189474937691902,0.5369426271835879,0.60017043725357,0.4323330087902088,0.45192761050896624,0.39025811447447206,0.7037992242219467,0.6322142837391084,0.7043040858085816,0.5764995718363525,0.3812057679055116,0.6800060890670836,0.5953002025174307,0.6623893562002956,0.6875104741951653,0.6435173776291802,0.5912871593188641,0.6788874287583416,0.6473332566581949,0.5129708033243284,0.46208449255969714,0.697614003724018,0.5246632532716948,0.6407848388245199,0.7001973423029193
PFE,0.5982369037985491,0.6435334290441345,0.6753948076117549,0.6696774112779411,0.5494091994188497,0.5486440219593639,0.42794601114267944,0.4002976845230624,0.6817344162505095,0.4687210991148518,0.6653672952768337,0.49542476742488806,0.3894466957822205,0.6389083829548508,0.5164876631998725,0.6387885539006514,0.6525920172945902,0.6179168358717695,0.6938775820511972,0.5724588152313734,0.0,0.5622572336592082,0.4714691765265162,0.487867944185509,0.5520264064295192,0.5008958364123612,0.4523784251140585,0.46737405232581364,0.7000075600506972,0.6434562891558611,0.6752793672221484,0.45258016018558817,0.4539413490011301,0.6951511477332635,0.6333229990654482,0.5626744187047306,0.694891834790616,0.5481546782962604,0.6270195116420976,0.5747745524183256,0.4827392727614887,0.5393589215229754,0.4085804502068334,0.6557571757452577,0.5874124749105533,0.5780271710034921,0.634140034938895
CSCO,0.5510808815653697,0.5983999815274563,0.616175132336649,0.6282061872936907,0.5594814469408178,0.5601855733759944,0.4812899373775392,0.5049894784744112,0.5673496267130146,0.5571947576411016,0.576629635806734,0.5902956059321358,0.5263162458230186,0.5989161632177136,0.537598254071686,0.6645886618232647,0.6132321063052889,0.5465763185627422,0.6724860389808066,0.5639773408257801,0.5622572336592082,0.0,0.6351396892718985,0.526454506871759,0.538770428802557,0.5596373082598349,0.5273689434934716,0.5801424653168151,0.6327629309731297,0.6097826204752101,0.6317984136161631,0.5721836367474449,0.5603790931143298,0.6332199280387042,0.5794078364672699,0.5691212682901287,0.600243787909199,0.5342703157602623,0.5801055029896541,0.6392737662524585,0.5649543495606973,0.5223151759106949,0.5088423003586655,0.6511178479684098,0.5549594344859337,0.5194695786579605,0.6777495450907985
MRK,0.5008811973838576,0.6062798087399394,0.573877956385031,0.5471299772366577,0.4886089982065301,0.48177018445533604,0.43857639639709445,0.4829079661857775,0.5416766638184288,0.6299457873101134,0.5180477779748076,0.3944442972257765,0.5101375534172747,0.5563518287746024,0.5386620214009618,0.6838074798609203,0.5789260096338718,0.5858338098799258,0.5925609103725588,0.6189474937691902,0.4714691765265162,0.6351396892718985,0.0,0.5306552902854308,0.4971211041151513,0.6491029448477295,0.5300133590105125,0.595291282078535,0.6454346077323669,0.5153460954530606,0.6307052996078398,0.41817216724616957,0.5584079466353944,0.5443307032582837,0.5761363423183454,0.4675285108841503,0.5547204453786894,0.5585673149714012,0.6566723783216857,0.4157712167700595,0.3932298541290784,0.4892459504110698,0.543346399641652,0.5763281023598605,0.5845400068166937,0.5178271962467769,0.6065163372611301
CMCSA,0.48597618549426247,0.505780875038317,0.5226642805786098,0.5184900577179508,0.47523390763477574,0.4677123314395415,0.4899259214536687,0.3740202999020964,0.6139743523570138,0.4873699749114391,0.5940264743863138,0.5583741180608615,0.37312813463447864,0.581825550579562,0.4890745713887903,0.6339529502348225,0.5556465576510384,0.5442849308157607,0.6378392002218796,0.5369426271835879,0.487867944185509,0.526454506871759,0.5306552902854308,0.0,0.471071798914636,0.49896933148145334,0.4431052552894125,0.5065926871785412,0.6030178532098005,0.6515200946447017,0.5695060443458345,0.5664653702363084,0.4812233741189071,0.6885173106938283,0.5541647560082262,0.5193437393913009,0.6286769616865104,0.5131046831750339,0.606219197110803,0.6113658986846026,0.5320637157260417,0.49277471864343636,0.45556096751608754,0.6844146866939008,0.5746642292744731,0.49098717376328843,0.6100172923696031
PEP,0.4275085819226486,0.4706739889425684,0.4677764168672011,0.5029515293867305,0.42888278980468086,0.425780542026471,0.47229130751665616,0.47003302171181505,0.39978180250680506,0.5923796438286443,0.4580456351600603,0.5230773209652732,0.4958679789322099,0.49802573845861364,0.49279210306308147,0.5675113309942579,0.5030354054063058,0.501646437168613,0.5383243472860861,0.60017043725357,0.5520264064295192,0.538770428802557,0.4971211041151513,0.471071798914636,0.0,0.6127126973059052,0.45348177938303363,0.617344431129075,0.5155047060550869,0.5314595685347907,0.5877704600988408,0.5209621799122238,0.5686823278230096,0.5721002827346318,0.5031167177648423,0.4882695041768299,0.4374107834581062,0.46731530283626527,0.5348289426385218,0.6553625609231768,0.5199479495258991,0.49857960544659696,0.574021945537318,0.572624264496939,0.5533321304432295,0.4533390724879203,0.6082508003191589
BAC,0.679291520787147,0.6833093350431455,0.664551378966704,0.6549883975378599,0.669779386830977,0.6696196355374359,0.5234707069917944,0.4720012554108406,0.6860508362617471,0.1693025151177931,0.6587534645563596,0.6341455705105201,0.4685900125314148,0.671744620960971,0.4464461024424569,0.6143685344776075,0.644774755547557,0.6308343634565409,0.5865101042660033,0.4323330087902088,0.5008958364123612,0.5596373082598349,0.6491029448477295,0.49896933148145334,0.6127126973059052,0.0,0.39954170118112114,0.37233788909452503,0.670711155079474,0.6912753075496458,0.6958356927124917,0.6278031746423884,0.33999484698176824,0.5923721440591259,0.6696528283285115,0.635921741565334,0.6463232702949879,0.6025712756619791,0.6395825149891249,0.6990200697204676,0.6514040823910886,0.49744442809844097,0.35983530443847606,0.6210599138707512,0.5865161593355209,0.6366335789416596,0.6926641576086517
KO,0.590165068100264,0.6356466563504533,0.6557969547082863,0.6510495848225071,0.5369073016120178,0.5330072016488555,0.41416175009570416,0.3975775890997327,0.5830372549854625,0.392314444931927,0.6390893325271081,0.5877389120204791,0.41148582518177423,0.6633209832006356,0.37763043036104865,0.6849350342548625,0.6697586370998375,0.5530555848678755,0.6629842875546196,0.45192761050896624,0.4523784251140585,0.5273689434934716,0.5300133590105125,0.4431052552894125,0.45348177938303363,0.39954170118112114,0.0,0.420191060326745,0.6352279671993091,0.6347563866644513,0.6665747214668214,0.5421694069689098,0.37118980496300236,0.6940371208856466,0.5589741725537539,0.5709521202236085,0.6834726520010952,0.5269296234964124,0.554742192999497,0.6404427536293371,0.5688225728918327,0.4388699056461639,0.38685429557931583,0.7011986992907134,0.5464119458056075,0.5690063432081458,0.659622625364999
XOM,0.7062866937694005,0.6851098155855302,0.6571803618763176,0.6704181551067753,0.6541229629797423,0.6527428443360568,0.5252276718527961,0.4855580174954838,0.6658781730627091,0.3610355759016325,0.6637462711965181,0.6448106864783705,0.490743973316658,0.6697927016585996,0.48050073834935264,0.628152095751264,0.6283489277830702,0.6071945424014186,0.6138851291768479,0.39025811447447206,0.46737405232581364,0.5801424653168151,0.595291282078535,0.5065926871785412,0.617344431129075,0.37233788909452503,0.420191060326745,0.0,0.7069881947513511,0.6959155370144269,0.6736224527942775,0.5705545516952177,0.20741439613388488,0.5978510657628718,0.6634983358893937,0.6787689408544886,0.6246206306204707,0.632183530573056,0.6843447721011423,0.6328490751777353,0.6210130902812458,0.5393489458562292,0.41004095595650053,0.6357487037095313,0.5709926975043735,0.6401035375390858,0.7038095497540516
WMT,0.4725484651254499,0.5089416319215978,0.5466443168456989,0.6134136886596535,0.5658744257346824,0.5681783272674136,0.6405329015993552,0.575518913478905,0.5056346176799763,0.6702525262347884,0.5258292077807211,0.6131076752712853,0.6024980753304897,0.4740530215110959,0.6219203019484344,0.5637971962983565,0.5638125868353403,0.6218070782982457,0.5338788234314814,0.7037992242219467,0.7000075600506972,0.6327629309731297,0.6454346077323669,0.6030178532098005,0.5155047060550869,0.670711155079474,0.6352279671993091,0.7069881947513511,0.0,0.5560099559348569,0.6148735015371111,0.6994234543614796,0.6695176938275228,0.586406337531191,0.6264062869972254,0.5951944997345512,0.4606784401629679,0.5787583641314833,0.5998096175590791,0.6952334910086557,0.6652824949750371,0.5623140157235739,0.6434321788116294,0.6040194592629715,0.675623198523152,0.5060737572250206,0.6457010298140706
ABT,0.47782040663910874,0.5732685018757828,0.5680301411288257,0.6247558397387235,0.5766851854365439,0.5782969755015024,0.5064997313597133,0.6207153092509432,0.4852630842698902,0.676787248004673,0.5093556806001082,0.530950862943124,0.6211458549782558,0.5517224936788353,0.614864407122523,0.6190812318961691,0.5980476193206282,0.5650855952077402,0.5858137398162502,0.6322142837391084,0.6434562891558611,0.6097826204752101,0.5153460954530606,0.6515200946447017,0.5314595685347907,0.6912753075496458,0.6347563866644513,0.6959155370144269,0.5560099559348569,0.0,0.6169687325268983,0.5399856705967707,0.6829359982951421,0.47742029020989346,0.605510133076959,0.5219486908777671,0.5009858987670358,0.5611892398517858,0.5385930251246334,0.6024746671355385,0.5161433514298923,0.5775511265877116,0.597653037853624,0.49653406431712555,0.6452460305004882,0.5426216691022488,0.6868103323000988
CRM,0.45811268094676555,0.5327350269116096,0.4673341030678501,0.4195540855494781,0.505008274666415,0.49955799318116556,0.6324191969932009,0.56214335163061,0.6278375670976452,0.7006194762598529,0.5360096623675985,0.62644797007309,0.5516528946143363,0.5498917249658474,0.6785317010994473,0.43160833220035383,0.3344387015211881,0.6269642346970697,0.5385269390939138,0.7043040858085816,0.6752793672221484,0.6317984136161631,0.6307052996078398,0.5695060443458345,0.5877704600988408,0.6958356927124917,0.6665747214668214,0.6736224527942775,0.6148735015371111,0.6169687325268983,0.0,0.6582843174683156,0.6979128968126325,0.5798471750618286,0.6243377264309484,0.5898508206308887,0.5958252876725323,0.5673920568255152,0.6766811049964823,0.6671278264577342,0.6485390152582906,0.5829979559261684,0.623204478185566,0.5797747792184945,0.689474666709982,0.5313700657194244,0.6697975098588328
ABBV,0.5768398098354588,0.630595716230218,0.6359149926498726,0.6397956491779297,0.4963596274262681,0.5032307434267358,0.45642388131177863,0.5287874664456936,0.6264357484894029,0.6173028654143512,0.5709133685832156,0.40491282111189525,0.5533439678961765,0.6289205696849993,0.5313259655217927,0.6891242712124003,0.6275817561802426,0.5767933206016554,0.6482254652187829,0.5764995718363525,0.45258016018558817,0.5721836367474449,0.41817216724616957,0.5664653702363084,0.5209621799122238,0.6278031746423884,0.5421694069689098,0.5705545516952177,0.6994234543614796,0.5399856705967707,0.6582843174683156,0.0,0.5036787932603112,0.6156983349412933,0.6736922432051553,0.4625014891165799,0.6469940426659039,0.5669260549964402,0.641564485874781,0.43316550138815907,0.37757317556066206,0.551000137624318,0.549019165077126,0.6284108005142761,0.5540094036800292,0.5825504414743016,0.6920581983825754
CVX,0.6723214724966522,0.6580928576012214,0.6814063692074622,0.6777532327246418,0.6190410517183956,0.618822688513122,0.4862885815473446,0.43405901934540825,0.703319316883797,0.32438217461548946,0.6924992254317364,0.6004075826846244,0.4549809297168658,0.6976060763829289,0.4274347523297292,0.6378955181207582,0.6557506850828267,0.5891200171317761,0.64727984615105,0.3812057679055116,0.4539413490011301,0.5603790931143298,0.5584079466353944,0.4812233741189071,0.5686823278230096,0.33999484698176824,0.37118980496300236,0.20741439613388488,0.6695176938275228,0.6829359982951421,0.6979128968126325,0.5036787932603112,0.0,0.6154691733883011,0.641477854655188,0.5952213403289359,0.6637861287471751,0.587400104415866,0.6573390647711042,0.6196965662578576,0.5868119915786869,0.4695172020961843,0.3682858504262216,0.643025922738842,0.5154252018909046,0.6196295187906563,0.6918277994579162
TMO,0.43614190594518587,0.5089884971466704,0.44625750561113203,0.4936050197247239,0.48411515539977745,0.4841790840792445,0.6022519455242976,0.6558885712497172,0.44245537313128125,0.5968951624246157,0.4227234107976384,0.5482113859980601,0.6547619936005173,0.399798818596026,0.6917875545794386,0.5519218441538256,0.45708884620273005,0.5855251846102755,0.48133327879920423,0.6800060890670836,0.6951511477332635,0.6332199280387042,0.5443307032582837,0.6885173106938283,0.5721002827346318,0.5923721440591259,0.6940371208856466,0.5978510657628718,0.586406337531191,0.47742029020989346,0.5798471750618286,0.6156983349412933,0.6154691733883011,0.0,0.5261163273784105,0.5741190002282789,0.40872012725184453,0.5606529882443639,0.5968206537186352,0.6333378953470845,0.5443604746108206,0.5915579768719119,0.6649042855655902,0.2045795876356352,0.7051923338403819,0.4575618650679274,0.5983007242601486
MCD,0.5456773580214044,0.5889504653200477,0.5677757639885394,0.5622559375773084,0.5368608191387553,0.5294385591501521,0.5439864204247126,0.5520738714098707,0.44871461496165826,0.6532432995977527,0.43987459086285835,0.5945286112949278,0.542467963006661,0.5226329184683264,0.5794043783128604,0.6341994497329507,0.5788431782733833,0.5634238737127498,0.6065136459626534,0.5953002025174307,0.6333229990654482,0.5794078364672699,0.5761363423183454,0.5541647560082262,0.5031167177648423,0.6696528283285115,0.5589741725537539,0.6634983358893937,0.6264062869972254,0.605510133076959,0.6243377264309484,0.6736922432051553,0.641477854655188,0.5261163273784105,0.0,0.6002662641027635,0.5206907435925597,0.5386081970861021,0.5611285853686929,0.7008804244393955,0.6350537370566414,0.5356168846824263,0.6181313806840483,0.5259816278011891,0.5742642347213867,0.5356389150865134,0.567874480864594
AMGN,0.4771254832422096,0.5372117759654278,0.5264308323453792,0.5491778938843854,0.5084354093200582,0.5093976380799333,0.501256225532173,0.4831937161680789,0.5543583972651254,0.6354568717353586,0.53668179187051,0.4662390936153695,0.5106644495612686,0.5107692637373156,0.5541741392626753,0.5961612161077257,0.5308359877203188,0.5485849732714169,0.5584379141095881,0.6623893562002956,0.5626744187047306,0.5691212682901287,0.4675285108841503,0.5193437393913009,0.4882695041768299,0.635921741565334,0.5709521202236085,0.6787689408544886,0.5951944997345512,0.5219486908777671,0.5898508206308887,0.4625014891165799,0.5952213403289359,0.5741190002282789,0.6002662641027635,0.0,0.5598243858208346,0.535741138634103,0.6216850850592472,0.5741645416214959,0.4913038744623848,0.5128032452584612,0.5499334400501652,0.5660763528643518,0.5858853000630649,0.5029588559965487,0.6347550022935545
COST,0.39154437531212494,0.4429276099718379,0.4131453155408496,0.47940892980725547,0.5068278052386394,0.5059602582455177,0.6062350361108453,0.6151163884536258,0.3353585373192339,0.6547697155728126,0.3775330560453138,0.5730055065398431,0.6289048904418164,0.3838900734351021,0.6589763195262297,0.5042496859661741,0.46270876250067366,0.5639814909091827,0.4103816031969727,0.6875104741951653,0.694891834790616,0.600243787909199,0.5547204453786894,0.6286769616865104,0.4374107834581062,0.6463232702949879,0.6834726520010952,0.6246206306204707,0.4606784401629679,0.5009858987670358,0.5958252876725323,0.6469940426659039,0.6637861287471751,0.40872012725184453,0.5206907435925597,0.5598243858208346,0.0,0.5173473404398683,0.5369762168057731,0.6596695028741366,0.5936484071654836,0.5388894592554508,0.6896270079468679,0.4683742327456964,0.6576128103722509,0.42326978205679966,0.5524309460368303
ACN,0.46212203589662887,0.5374618524470729,0.536396859756411,0.5291771768830422,0.45595925286615,0.45109620147399526,0.4952245874843456,0.42791405545726713,0.5072916944222645,0.576898632599852,0.48546116577416865,0.5627079200673328,0.4552752146718445,0.5113365911115794,0.570960990645818,0.6367421969892869,0.500969035337883,0.5779396727280985,0.5476705376712869,0.6435173776291802,0.5481546782962604,0.5342703157602623,0.5585673149714012,0.5131046831750339,0.46731530283626527,0.6025712756619791,0.5269296234964124,0.632183530573056,0.5787583641314833,0.5611892398517858,0.5673920568255152,0.5669260549964402,0.587400104415866,0.5606529882443639,0.5386081970861021,0.535741138634103,0.5173473404398683,0.0,0.5847632539358457,0.6533922227785752,0.5573079772936114,0.45047653799362253,0.5173259123619012,0.5665523085925356,0.6618401851632941,0.4745748284832738,0.5808757624511441
NEE,0.5538548965551345,0.5903880707581654,0.5859552416355344,0.6305274545326618,0.5805104859219761,0.5832558572594967,0.5326270087959519,0.5822138537466471,0.5001760447344918,0.6382790037708322,0.5390724812227425,0.669465088595189,0.6027142800411502,0.5527566800510078,0.501810747798452,0.6051687844401111,0.6095589815345774,0.6116206864262881,0.6499289561318272,0.5912871593188641,0.6270195116420976,0.5801055029896541,0.6566723783216857,0.606219197110803,0.5348289426385218,0.6395825149891249,0.554742192999497,0.6843447721011423,0.5998096175590791,0.5385930251246334,0.6766811049964823,0.641564485874781,0.6573390647711042,0.5968206537186352,0.5611285853686929,0.6216850850592472,0.5369762168057731,0.5847632539358457,0.0,0.684082919914203,0.6497815976067448,0.5336837610286307,0.5716759605359937,0.5736153300234249,0.6119764825866009,0.5249426843852117,0.6560859413993204
LLY,0.6126415610747129,0.639767764950387,0.6080629064350331,0.6038871882678942,0.5988135321645033,0.5964893843936019,0.5616906761346692,0.59197921983051,0.6665646170216845,0.7064048501464365,0.5943911061442655,0.4087497911050554,0.6196202116273487,0.6473779714796083,0.6453062300838107,0.6613278891808793,0.6119718097514554,0.6393982923830682,0.6249382920927631,0.6788874287583416,0.5747745524183256,0.6392737662524585,0.4157712167700595,0.6113658986846026,0.6553625609231768,0.6990200697204676,0.6404427536293371,0.6328490751777353,0.6952334910086557,0.6024746671355385,0.6671278264577342,0.43316550138815907,0.6196965662578576,0.6333378953470845,0.7008804244393955,0.5741645416214959,0.6596695028741366,0.6533922227785752,0.684082919914203,0.0,0.39101333931153415,0.6234859256959322,0.612506386519768,0.6584678659371805,0.6030206483073504,0.614598454984545,0.648733660909081
BMY,0.526715774853553,0.5950319892090855,0.5634126484295029,0.5813324412248484,0.5121033642020504,0.5107955293618647,0.49358407915605723,0.5122752473231311,0.5962497849365136,0.633771772673785,0.5309687919669608,0.3687980431164744,0.5319924322244296,0.5722042538330098,0.6317816222349422,0.6659078543059115,0.5707864019752651,0.5316262498083412,0.6380070451754144,0.6473332566581949,0.4827392727614887,0.5649543495606973,0.3932298541290784,0.5320637157260417,0.5199479495258991,0.6514040823910886,0.5688225728918327,0.6210130902812458,0.6652824949750371,0.5161433514298923,0.6485390152582906,0.37757317556066206,0.5868119915786869,0.5443604746108206,0.6350537370566414,0.4913038744623848,0.5936484071654836,0.5573079772936114,0.6497815976067448,0.39101333931153415,0.0,0.5652635366506732,0.5576386291727906,0.5587132615863543,0.5827093822450921,0.5246049601759745,0.586668281416916
LIN,0.49734779724768224,0.5359315355019448,0.585959045850646,0.5826707901050365,0.495013111277674,0.49325174804408145,0.44459468738236707,0.3803992280639229,0.5126762980631776,0.4791991667732911,0.49455223101643625,0.5491890256587099,0.423916371166425,0.5506398388727454,0.43205266732754355,0.6302975416810287,0.5658205511330244,0.5798283485575129,0.6188454861011293,0.5129708033243284,0.5393589215229754,0.5223151759106949,0.4892459504110698,0.49277471864343636,0.49857960544659696,0.49744442809844097,0.4388699056461639,0.5393489458562292,0.5623140157235739,0.5775511265877116,0.5829979559261684,0.551000137624318,0.4695172020961843,0.5915579768719119,0.5356168846824263,0.5128032452584612,0.5388894592554508,0.45047653799362253,0.5336837610286307,0.6234859256959322,0.5652635366506732,0.0,0.43468793832896285,0.5900185320171996,0.5545808516720414,0.45415267689535166,0.5720377263113289
MDT,0.602502626581181,0.6540524657913839,0.6984837935897448,0.6884213209496303,0.5983931589936056,0.5950714045917518,0.4034106970201529,0.3736585479417466,0.6812276879571806,0.3412252438171602,0.6639361250105149,0.5679039351479537,0.37299152585683754,0.6757369884832896,0.4692074520370107,0.6577962382449103,0.6775758200983633,0.5720556463367137,0.6788386693025162,0.46208449255969714,0.4085804502068334,0.5088423003586655,0.543346399641652,0.45556096751608754,0.574021945537318,0.35983530443847606,0.38685429557931583,0.41004095595650053,0.6434321788116294,0.597653037853624,0.623204478185566,0.549019165077126,0.3682858504262216,0.6649042855655902,0.6181313806840483,0.5499334400501652,0.6896270079468679,0.5173259123619012,0.5716759605359937,0.612506386519768,0.5576386291727906,0.43468793832896285,0.0,0.7069970922244203,0.5403387007685938,0.5960526811806046,0.6628215807740969
DHR,0.4499186397979345,0.5046039765683685,0.45046289438338516,0.5231405951930638,0.4972015034121043,0.4979845412941651,0.5774324526494957,0.6358194239969105,0.4748745102506796,0.6275539545339552,0.467642591615914,0.5574523566800623,0.6182562817416081,0.4043767254228871,0.7011523865948611,0.565775403829118,0.46188255380957594,0.5997420555670021,0.5096409277286272,0.697614003724018,0.6557571757452577,0.6511178479684098,0.5763281023598605,0.6844146866939008,0.572624264496939,0.6210599138707512,0.7011986992907134,0.6357487037095313,0.6040194592629715,0.49653406431712555,0.5797747792184945,0.6284108005142761,0.643025922738842,0.2045795876356352,0.5259816278011891,0.5660763528643518,0.4683742327456964,0.5665523085925356,0.5736153300234249,0.6584678659371805,0.5587132615863543,0.5900185320171996,0.7069970922244203,0.0,0.7067531272909442,0.44532990518520943,0.5817242083207717
PM,0.6559863873164409,0.6730125174267194,0.6865713879397992,0.6916708178490364,0.6428418685389464,0.6420881159972303,0.5350291235050081,0.5742865123365793,0.6103106632543814,0.5792723070934943,0.603861067496504,0.6131997401313919,0.5949999728852483,0.6932669279270322,0.5295406338880778,0.6811851033029446,0.6836849744637717,0.5785015072310433,0.7023912972718288,0.5246632532716948,0.5874124749105533,0.5549594344859337,0.5845400068166937,0.5746642292744731,0.5533321304432295,0.5865161593355209,0.5464119458056075,0.5709926975043735,0.675623198523152,0.6452460305004882,0.689474666709982,0.5540094036800292,0.5154252018909046,0.7051923338403819,0.5742642347213867,0.5858853000630649,0.6576128103722509,0.6618401851632941,0.6119764825866009,0.6030206483073504,0.5827093822450921,0.5545808516720414,0.5403387007685938,0.7067531272909442,0.0,0.6437436074610412,0.662096996868116
