,MSFT,AAPL,AMZN,FB,GOOGL,GOOG,JNJ,V,PG,JPM,HD,UNH,MA,NVDA,VZ,NFLX,ADBE,INTC,PYPL,T,PFE,CSCO,MRK,CMCSA,PEP,BAC,KO,XOM,WMT,ABT,CRM,ABBV,CVX,TMO,MCD,AMGN,COST,ACN,NEE,LLY,BMY,LIN,MDT,DHR,PM,TXN,NKE
MSFT,0.0,0.5880456281722133,0.46502565645223826,0.5937711059107161,0.5487186026437512,0.554700017562238,0.6220368634713667,0.4511361519527347,0.6294417390257412,0.5951298407477592,0.5569274134358748,0.6185995242571205,0.4743362007182816,0.5721288233170456,0.6783565527518408,0.5762684756294283,0.47498088545221506,0.5914616580651457,0.4283318524273617,0.6500513749353761,0.6001458434852804,0.562299118547152,0.5674807492726753,0.5066290151804075,0.6113266193765846,0.5648855985207573,0.6536694129476753,0.5896343235010504,0.5793569016169399,0.5448687758884831,0.4101783604180487,0.6229730962774405,0.5583655587774041,0.5036690895437367,0.57162398998,0.5351084069345673,0.6206384149530655,0.5797695585929548,0.664070106351512,0.6954768783487505,0.6306802034316861,0.6090251612729314,0.611697563839317,0.6067712795296079,0.612496266213206,0.6239575111767328,0.5226869110999337
AAPL,0.5880456281722133,0.0,0.5353024728234155,0.6506357371969814,0.5476374823158617,0.5361161128043985,0.6769051061530961,0.5741672354191196,0.6795212725125698,0.6589765901059318,0.6859231010391571,0.6319999053287627,0.6553960607511903,0.5047265396185319,0.6530970461628003,0.5400950094533976,0.6602153361995984,0.5681721221584015,0.6257473848117815,0.6882973883664362,0.6793685050978299,0.5908361605456414,0.7067369100947856,0.6173209073885012,0.6825635166249838,0.6516851942251313,0.7013806403332301,0.680810399556077,0.6848235159425647,0.7006897093610157,0.6394873294342698,0.6529178120179286,0.6473338366412074,0.6676456077698983,0.6938206162728395,0.6147949153370045,0.6699594774875757,0.6285981965212913,0.6315529864834696,0.700901381912202,0.676758795893816,0.6870779740760774,0.6961453884426229,0.6805235607585924,0.6862432360717503,0.6064025602181535,0.6291923513881634
AMZN,0.46502565645223826,0.5353024728234155,0.0,0.6227085065119229,0.4519826683570569,0.4521241408158136,0.5802389771905162,0.5003590781195772,0.5995195688774988,0.6016015909677692,0.6311409886249972,0.6201441022962373,0.5500230677245207,0.5470527022839193,0.6943032145341093,0.48060027365328734,0.5604646927811113,0.6245969422758416,0.525080454136563,0.6482912380475805,0.5848600163162851,0.6085519779950771,0.6129422329478265,0.633567436566642,0.6679907012012689,0.5954162770108281,0.6196588435880162,0.5486285236299732,0.6391944911116664,0.5740818381952466,0.49536772836067194,0.5917759966640619,0.5176056560167758,0.5737719191066627,0.6938467776888843,0.4904534912414838,0.6127251879416616,0.5879229804614153,0.6584247047875676,0.6669008238139073,0.6195653201017193,0.5728652211764701,0.6118623674960123,0.6480789015185242,0.6594175970283505,0.5800141494392766,0.5444673550430502
FB,0.5937711059107161,0.6506357371969814,0.6227085065119229,0.0,0.5420884584600643,0.5469514761143129,0.6799620130492449,0.6709227171045427,0.6780431070674915,0.6907688016462317,0.6989087624376349,0.6999041260055965,0.6688106648886366,0.6571264712533329,0.5842218896588827,0.623390551567982,0.6133218447075698,0.6706886546772418,0.5912706188387261,0.6058113379753844,0.6750628306380653,0.6877731437840797,0.6385769003526789,0.6662076820119918,0.663358767620549,0.6704753739049566,0.6881587167582843,0.6704844601183557,0.6746963735487932,0.6222192000457104,0.6632985107070938,0.6482909173240898,0.6535439799161772,0.6638653467133974,0.6841653972490632,0.6236337158062216,0.6916683798019536,0.6942027689900448,0.6761480706308521,0.6891714760941277,0.6092604731629588,0.691440060892295,0.6210440096328604,0.6596775183085637,0.6795730466580692,0.6910417769306944,0.6767869274660065
GOOGL,0.5487186026437512,0.5476374823158617,0.4519826683570569,0.5420884584600643,0.0,0.0434790048030688,0.687556031709787,0.5365686090696972,0.6889242373711668,0.613941227518458,0.6342434719591155,0.6394022736826414,0.6715529917658448,0.6050944948739979,0.6746369716547344,0.5572131213003256,0.5813852623362885,0.6323603182955447,0.556772537483714,0.6823852940359246,0.6735064739469933,0.6040137957935451,0.6953994917077849,0.6475353204145987,0.705409547980888,0.5932587315103134,0.7058217853212274,0.6171051090880525,0.6886864323441115,0.6789340591581889,0.562079288486983,0.6092799615735708,0.6462675506093868,0.6921469717792417,0.6669232854332252,0.5890096256702823,0.6372289147659624,0.6545907992621306,0.6220380274375815,0.6548865142690818,0.6499404798920411,0.6829905678168903,0.6983126116878638,0.6811975079659609,0.704137075518588,0.6607569908537448,0.5796183444483148
GOOG,0.554700017562238,0.5361161128043985,0.4521241408158136,0.5469514761143129,0.0434790048030688,0.0,0.6860412018422766,0.5436218891244127,0.6838543076930997,0.6159894886992896,0.637024492627373,0.6434464540311143,0.6789451114889881,0.6017484299690915,0.6748602369177853,0.5560170265970691,0.594596454626498,0.626438739197783,0.5656134779053588,0.6868759557939756,0.6737549613474307,0.6061955268847335,0.694182908210657,0.6472431098611077,0.7061025643874622,0.5993866395364968,0.7063769356048667,0.619346674452591,0.6918416344754228,0.6813187239904956,0.5699423592145691,0.6125988004444174,0.654105238323716,0.6971475790860929,0.6681726832436161,0.5925970623185961,0.6405614155098349,0.6573481994820506,0.619691988927133,0.6555695278803971,0.656624165368285,0.6812669062313812,0.7009036292219221,0.6886057674417494,0.7039139063648037,0.6634578898848539,0.5877215924556033
JNJ,0.6220368634713667,0.6769051061530961,0.5802389771905162,0.6799620130492449,0.687556031709787,0.6860412018422766,0.0,0.5345199147741627,0.6687544681773651,0.6105461318391546,0.6502420438783715,0.6525419806845513,0.5151204767018344,0.5748823114584799,0.7062456397399167,0.6852769294197546,0.6172108715681519,0.6258567187510948,0.5908975025934048,0.6045716985959054,0.5574964136910237,0.6025192932588737,0.565919195218483,0.6128641861353997,0.5707829931789401,0.6401317428144495,0.673257491625576,0.5745130181474293,0.6771422876282264,0.5457707938867542,0.628951500773394,0.6224065455749583,0.5978379528440749,0.6000503910627292,0.666299142036518,0.5786658730143113,0.6184764581334735,0.5858039585158136,0.6770022139466938,0.6229326398829028,0.5625463147124736,0.6241504273909901,0.5463194476866343,0.6252555350359579,0.5783205402324113,0.6145202077174285,0.5998992669795933
V,0.4511361519527347,0.5741672354191196,0.5003590781195772,0.6709227171045427,0.5365686090696972,0.5436218891244127,0.5345199147741627,0.0,0.598566717090131,0.5213342407680012,0.5807828494210933,0.6014971975857512,0.35655824906070444,0.520260263135273,0.628950297308165,0.6304166970332363,0.46439256482232966,0.6206538226042466,0.44901082871271447,0.5431667949579412,0.5889253347953771,0.45245128084662606,0.5670286846486614,0.537296528291632,0.6081655664511543,0.4962716071010731,0.6553198181124603,0.5974634012647065,0.6279826635668448,0.5308628541015453,0.4648673428479575,0.48566960562062134,0.560967523133583,0.5147196232310008,0.5532708374037353,0.47012531799132445,0.5694290797435728,0.47595630186765187,0.6761579512419833,0.6654997239125391,0.6076706924209317,0.5820039679911254,0.5582472018999901,0.6038892712548676,0.540217332432708,0.5441366431298915,0.42361885638534436
PG,0.6294417390257412,0.6795212725125698,0.5995195688774988,0.6780431070674915,0.6889242373711668,0.6838543076930997,0.6687544681773651,0.598566717090131,0.0,0.6601416102825971,0.6436032346281487,0.6620799344421651,0.5393417620797711,0.6387116137756039,0.5861063573135007,0.6680555444046664,0.6758314399558695,0.6875293118478157,0.6065287528732152,0.6698456117930991,0.6030419254407333,0.6661760725759196,0.6626789307544713,0.6632132304116255,0.6495495058649314,0.6577464369369053,0.6457872563866879,0.7046716685295846,0.6574334340213318,0.6511588664839865,0.612895018959774,0.6685635365256302,0.6487561599217323,0.6735023617360476,0.6725324922489659,0.6534760855383944,0.6621188186341903,0.6245184771558021,0.6389382224664378,0.652083741987759,0.674891265699718,0.5772300828773069,0.5983442548757656,0.6946704818545466,0.6282143751237358,0.5935439903005174,0.621565662412138
JPM,0.5951298407477592,0.6589765901059318,0.6016015909677692,0.6907688016462317,0.613941227518458,0.6159894886992896,0.6105461318391546,0.5213342407680012,0.6601416102825971,0.0,0.5798560939956415,0.6923151139005591,0.5632006346854251,0.6145747823063012,0.6823363081788838,0.7016152747314411,0.6561188373328815,0.5905620075208506,0.5485240855856139,0.623881196453726,0.6984560990455104,0.5560895700200257,0.6822430242104677,0.5912226973188143,0.6171611830942624,0.26764700518023465,0.6800644978933027,0.6224396285794315,0.6145201098712718,0.6952465608761929,0.6558901052872387,0.6741659261463921,0.6859376813428755,0.6581780699449818,0.6412525426203459,0.6081365282152927,0.6513678798989883,0.5992545991357803,0.600840413522259,0.6085658342125425,0.6705525972103907,0.5815104070654215,0.6976655022045343,0.6743658387917458,0.6680250247543872,0.5496259347330615,0.49523513850492945
HD,0.5569274134358748,0.6859231010391571,0.6311409886249972,0.6989087624376349,0.6342434719591155,0.637024492627373,0.6502420438783715,0.5807828494210933,0.6436032346281487,0.5798560939956415,0.0,0.6557504996959369,0.5512178215911516,0.5538062605620498,0.6659027002449756,0.6850072268769503,0.6446171145389493,0.5560721483607627,0.6316876410278314,0.6007512469833115,0.6453244305556317,0.6200515937359437,0.6509445527429077,0.6355726216265966,0.530210407410335,0.6315073426622625,0.6808483340662599,0.6049624190781727,0.5201902345088093,0.6877629646903328,0.6316954551244599,0.6734769950272175,0.6344524255980025,0.6470741539838119,0.5602770815839071,0.6486707334574369,0.5956256224057959,0.55726247055819,0.6923750852114927,0.6767669039858661,0.686354359648271,0.5942225789848414,0.6667743195225447,0.6800369706962485,0.6771494060767381,0.575477081437416,0.6004231085661313
UNH,0.6185995242571205,0.6319999053287627,0.6201441022962373,0.6999041260055965,0.6394022736826414,0.6434464540311143,0.6525419806845513,0.6014971975857512,0.6620799344421651,0.6923151139005591,0.6557504996959369,0.0,0.6694769663683574,0.6192185257484683,0.6857618335740437,0.5988998830684412,0.6125066969525746,0.6801344375010562,0.6877670349749192,0.6633133575176547,0.5885295682618953,0.6747181914816393,0.6028447406547905,0.6514663996588402,0.6611917061943083,0.6678087375333792,0.6935260282757091,0.6680749141506388,0.6840645293727077,0.5932614617338844,0.5928851260363249,0.5866798690675061,0.5668610431529126,0.5925346920666135,0.6598372277043105,0.5953585416946667,0.5747857290763849,0.6289097458746905,0.6888530761211568,0.5716388752322608,0.6459674282589304,0.6646860434765292,0.5432347695214068,0.6651398348930542,0.6761783082276783,0.6808740283091868,0.655263268265471
MA,0.4743362007182816,0.6553960607511903,0.5500230677245207,0.6688106648886366,0.6715529917658448,0.6789451114889881,0.5151204767018344,0.35655824906070444,0.5393417620797711,0.5632006346854251,0.5512178215911516,0.6694769663683574,0.0,0.4850456606667872,0.6559818861516042,0.6495422094225396,0.4951309366480807,0.5890770662154413,0.4459829273595261,0.6099537767965644,0.5437122552144464,0.5021302106708591,0.5286185105494403,0.5683680051668937,0.6127431544434682,0.5523465302332417,0.6556675281411005,0.5531342042048035,0.6282949110726135,0.5013690201357371,0.5037258427238631,0.5495153336149826,0.5412638165758545,0.5279819897576976,0.5950513547204291,0.5209408974592089,0.5975174392683449,0.48065535815511784,0.6465343949743334,0.7063776073716278,0.629167220839277,0.5928506736329775,0.5231139070068901,0.6001503958358486,0.5144116108300315,0.5100407216213484,0.4557289718972992
NVDA,0.5721288233170456,0.5047265396185319,0.5470527022839193,0.6571264712533329,0.6050944948739979,0.6017484299690915,0.5748823114584799,0.520260263135273,0.6387116137756039,0.6145747823063012,0.5538062605620498,0.6192185257484683,0.4850456606667872,0.0,0.6686262812223638,0.5897531001718519,0.6194381325743157,0.43350811428210817,0.5442787973142057,0.6201399053167368,0.5659000299788478,0.5132810259306962,0.5681316559096314,0.6408115550229115,0.6636879735813749,0.6066915369042343,0.7039733186540431,0.5662531652887541,0.6071812504986225,0.5609342639589816,0.5801680606214398,0.6167533978521755,0.5388612850547679,0.5896225495840803,0.6594179438289975,0.4987728916331933,0.5627912360538752,0.5458661582799588,0.6523023667993206,0.7032224751617031,0.6298738348292567,0.5991585570102708,0.5719435812148571,0.6228505334204648,0.6253152472776349,0.4152143854489606,0.5886654691597802
VZ,0.6783565527518408,0.6530970461628003,0.6943032145341093,0.5842218896588827,0.6746369716547344,0.6748602369177853,0.7062456397399167,0.628950297308165,0.5861063573135007,0.6823363081788838,0.6659027002449756,0.6857618335740437,0.6559818861516042,0.6686262812223638,0.0,0.6983761383213584,0.7041850027315141,0.6831890495775932,0.6998266087768982,0.49529942958427964,0.6672854080075973,0.6696328147330635,0.650730687183784,0.7047429375207406,0.6571869668699942,0.6774382463544227,0.6573463452092572,0.6886920717587451,0.6973427704973192,0.6824224216187905,0.6847434965326237,0.6617093735192927,0.6921962169686696,0.6626252303197198,0.619322247042164,0.684464998293559,0.6777771241077697,0.6411769078577539,0.5432793954058938,0.6989304873381973,0.68692092234898,0.675543992140678,0.6794246158287286,0.6717532550858747,0.6070455092955577,0.665148595609248,0.6797137900490828
NFLX,0.5762684756294283,0.5400950094533976,0.48060027365328734,0.623390551567982,0.5572131213003256,0.5560170265970691,0.6852769294197546,0.6304166970332363,0.6680555444046664,0.7016152747314411,0.6850072268769503,0.5988998830684412,0.6495422094225396,0.5897531001718519,0.6983761383213584,0.0,0.5845583973252273,0.6634986067060775,0.6310960293519061,0.6536404617039511,0.6607669462488807,0.5874435577205178,0.6302406746434694,0.6936387924577422,0.6455045592111608,0.6897974115880268,0.658634150315473,0.615774863472148,0.7009397953534109,0.6163384422236556,0.5207178877603215,0.6995026486356112,0.5062900184599723,0.6512164309603179,0.6972911110506342,0.6359133389842745,0.7044634406693022,0.6457632733199087,0.6586408949938791,0.662139930974447,0.7044186378689117,0.5810765660404242,0.6811752750013438,0.6783838808196871,0.6480427102176195,0.6676461611743449,0.6502888115669612
ADBE,0.47498088545221506,0.6602153361995984,0.5604646927811113,0.6133218447075698,0.5813852623362885,0.594596454626498,0.6172108715681519,0.46439256482232966,0.6758314399558695,0.6561188373328815,0.6446171145389493,0.6125066969525746,0.4951309366480807,0.6194381325743157,0.7041850027315141,0.5845583973252273,0.0,0.697257923596547,0.5049006073118139,0.6161792956243168,0.6296590154063219,0.5849985510717542,0.5434826837492784,0.6319794013051504,0.6723198619540234,0.5631730590761246,0.6110166738307368,0.6256758565144706,0.6636416815786845,0.5664899949018167,0.42376800115928176,0.6500396845106575,0.5616541257705585,0.5116714739365483,0.6694002581565716,0.5811319399368402,0.645373341399818,0.5993020729711046,0.691988260744212,0.687006613682875,0.6492262143425249,0.6825077330776408,0.6129163293534614,0.6139507736377252,0.6011112742051035,0.6888856624544046,0.5467262288313319
INTC,0.5914616580651457,0.5681721221584015,0.6245969422758416,0.6706886546772418,0.6323603182955447,0.626438739197783,0.6258567187510948,0.6206538226042466,0.6875293118478157,0.5905620075208506,0.5560721483607627,0.6801344375010562,0.5890770662154413,0.43350811428210817,0.6831890495775932,0.6634986067060775,0.697257923596547,0.0,0.6147683190874351,0.6849632949994335,0.6811347705415814,0.5509655462100244,0.6960566898999777,0.6372313426259152,0.6173702587403058,0.6307703320962547,0.6810328789203346,0.5116900642450543,0.541987207357912,0.697375763556623,0.6891426509828437,0.6929565335909176,0.6185777398182102,0.7049625141655156,0.647388845057189,0.6333712330804511,0.5882986971531856,0.6421943371175373,0.6634558158782493,0.6315768302373924,0.6619638431405157,0.626936730808972,0.6935862581836295,0.6714226057208867,0.6953044741667549,0.5476831954884921,0.5972577438075859
PYPL,0.4283318524273617,0.6257473848117815,0.525080454136563,0.5912706188387261,0.556772537483714,0.5656134779053588,0.5908975025934048,0.44901082871271447,0.6065287528732152,0.5485240855856139,0.6316876410278314,0.6877670349749192,0.4459829273595261,0.5442787973142057,0.6998266087768982,0.6310960293519061,0.5049006073118139,0.6147683190874351,0.0,0.6448786205943665,0.5669823490009817,0.5072593747132542,0.576519505796251,0.5055583610280869,0.6593529553119503,0.5308459791984615,0.6903786493144338,0.5963336398279241,0.6378024017543855,0.5502948113207097,0.46153540253860365,0.5890951019818016,0.6157813423117271,0.5068854226355431,0.5752218393786304,0.4569050432645508,0.6171088606301869,0.5701483779141538,0.6868839111659899,0.6630858620949562,0.5946984115609752,0.6161634315928445,0.5777664378734437,0.5717641998210261,0.5980428931789584,0.580088455967465,0.48474308999912435
T,0.6500513749353761,0.6882973883664362,0.6482912380475805,0.6058113379753844,0.6823852940359246,0.6868759557939756,0.6045716985959054,0.5431667949579412,0.6698456117930991,0.623881196453726,0.6007512469833115,0.6633133575176547,0.6099537767965644,0.6201399053167368,0.49529942958427964,0.6536404617039511,0.6161792956243168,0.6849632949994335,0.6448786205943665,0.0,0.6272095055910305,0.5581142311138068,0.6676025001026547,0.6317613082754918,0.6512388836971361,0.6341427713351733,0.6990180961157199,0.573766403085435,0.6588259482310306,0.6757803606423602,0.5816265763517828,0.6063817705719113,0.5686755280067681,0.6123343124545713,0.6346959810745325,0.6132906398852991,0.6598919620897049,0.6544811733997512,0.6332249494192242,0.7051228950443269,0.6908703815973417,0.6209092480739858,0.6941094167312752,0.662575088471764,0.6090725966478613,0.6202349998899649,0.6429852339242157
PFE,0.6001458434852804,0.6793685050978299,0.5848600163162851,0.6750628306380653,0.6735064739469933,0.6737549613474307,0.5574964136910237,0.5889253347953771,0.6030419254407333,0.6984560990455104,0.6453244305556317,0.5885295682618953,0.5437122552144464,0.5659000299788478,0.6672854080075973,0.6607669462488807,0.6296590154063219,0.6811347705415814,0.5669823490009817,0.6272095055910305,0.0,0.5765640924407348,0.42092850732995485,0.644787790534734,0.6577005137025063,0.6796933297261558,0.7061218264860827,0.6364143125709826,0.6565087599010435,0.46322338743709734,0.5676257641668633,0.5401767862071428,0.6037585047144413,0.45824341596121615,0.6520435182656663,0.4279318439260721,0.6200048593411028,0.5791410861729597,0.6677047057815051,0.5081301770207806,0.5468502934462549,0.5925182484125895,0.4867413042780585,0.5619392579539789,0.5700709458453319,0.5714975491902019,0.6847198257661736
CSCO,0.562299118547152,0.5908361605456414,0.6085519779950771,0.6877731437840797,0.6040137957935451,0.6061955268847335,0.6025192932588737,0.45245128084662606,0.6661760725759196,0.5560895700200257,0.6200515937359437,0.6747181914816393,0.5021302106708591,0.5132810259306962,0.6696328147330635,0.5874435577205178,0.5849985510717542,0.5509655462100244,0.5072593747132542,0.5581142311138068,0.5765640924407348,0.0,0.6253839051568905,0.6455192342597619,0.7044381427032315,0.520887805347035,0.6060808269730208,0.5793103503501398,0.6019390260715494,0.5560210077232716,0.5208980695208667,0.5664443719103441,0.6176156069002001,0.5785557283018858,0.6026556912029419,0.4967806226891965,0.5823544290583456,0.5684845855952659,0.6536955000308703,0.6649707623066877,0.6843294296533607,0.5700740508110337,0.6488886661566777,0.5744388220777393,0.6088574186159063,0.5130381703079008,0.510143768025606
MRK,0.5674807492726753,0.7067369100947856,0.6129422329478265,0.6385769003526789,0.6953994917077849,0.694182908210657,0.565919195218483,0.5670286846486614,0.6626789307544713,0.6822430242104677,0.6509445527429077,0.6028447406547905,0.5286185105494403,0.5681316559096314,0.650730687183784,0.6302406746434694,0.5434826837492784,0.6960566898999777,0.576519505796251,0.6676025001026547,0.42092850732995485,0.6253839051568905,0.0,0.6573477309044025,0.6625363755752727,0.6757741715894892,0.676430806290951,0.647218882606412,0.7034912912154515,0.34195461527633697,0.5108145431083868,0.5384698789593784,0.6051207814380747,0.40723240159158386,0.6470760978425226,0.46393589452287387,0.6817470421055429,0.6020878796909358,0.6570905526555194,0.538461979058185,0.6150473898405491,0.6020169848338488,0.4542940137964902,0.5667170188139646,0.5491812194721503,0.6040454836430108,0.6937685055858657
CMCSA,0.5066290151804075,0.6173209073885012,0.633567436566642,0.6662076820119918,0.6475353204145987,0.6472431098611077,0.6128641861353997,0.537296528291632,0.6632132304116255,0.5912226973188143,0.6355726216265966,0.6514663996588402,0.5683680051668937,0.6408115550229115,0.7047429375207406,0.6936387924577422,0.6319794013051504,0.6372313426259152,0.5055583610280869,0.6317613082754918,0.644787790534734,0.6455192342597619,0.6573477309044025,0.0,0.6288897828316321,0.6481242940486495,0.6825421515747582,0.6554224112014513,0.6752449859348547,0.6592550392416225,0.661357449950745,0.6283673338914626,0.6361010462346067,0.6387939097167413,0.5555501861328277,0.6435083945189183,0.6979420862862687,0.6151810570563561,0.6672374838032012,0.6397978169363675,0.663830554595778,0.6836306771944564,0.6122733271440604,0.6967146462616409,0.6195228971385637,0.6718741514823842,0.5854406228897671
PEP,0.6113266193765846,0.6825635166249838,0.6679907012012689,0.663358767620549,0.705409547980888,0.7061025643874622,0.5707829931789401,0.6081655664511543,0.6495495058649314,0.6171611830942624,0.530210407410335,0.6611917061943083,0.6127431544434682,0.6636879735813749,0.6571869668699942,0.6455045592111608,0.6723198619540234,0.6173702587403058,0.6593529553119503,0.6512388836971361,0.6577005137025063,0.7044381427032315,0.6625363755752727,0.6288897828316321,0.0,0.6768468662945024,0.5493099012096097,0.6529376011352928,0.5963791295296791,0.6493584770636365,0.6877424829890314,0.6416543741092019,0.6690590057332546,0.7052350723680028,0.5997990699443027,0.6763897058014832,0.6372690343120021,0.6522898962921506,0.6068375660372641,0.6862389407333332,0.6318461640407493,0.7064152204209765,0.6950215227602382,0.6583106777139202,0.6363176213485867,0.7034453942525762,0.6604524343526078
BAC,0.5648855985207573,0.6516851942251313,0.5954162770108281,0.6704753739049566,0.5932587315103134,0.5993866395364968,0.6401317428144495,0.4962716071010731,0.6577464369369053,0.26764700518023465,0.6315073426622625,0.6678087375333792,0.5523465302332417,0.6066915369042343,0.6774382463544227,0.6897974115880268,0.5631730590761246,0.6307703320962547,0.5308459791984615,0.6341427713351733,0.6796933297261558,0.520887805347035,0.6757741715894892,0.6481242940486495,0.6768468662945024,0.0,0.6656355982254639,0.6205833017962622,0.6291972800937049,0.6296639262064346,0.5816520144941982,0.6411031491005581,0.648521860672998,0.5825479674785939,0.6564685270824976,0.5490833629535176,0.6134399727933393,0.5951118799920743,0.5804575494104015,0.6843435834025069,0.6216307100337054,0.6054081392551343,0.6603625004626301,0.624112306378696,0.6565939118533803,0.570344953947537,0.44584412347634333
KO,0.6536694129476753,0.7013806403332301,0.6196588435880162,0.6881587167582843,0.7058217853212274,0.7063769356048667,0.673257491625576,0.6553198181124603,0.6457872563866879,0.6800644978933027,0.6808483340662599,0.6935260282757091,0.6556675281411005,0.7039733186540431,0.6573463452092572,0.658634150315473,0.6110166738307368,0.6810328789203346,0.6903786493144338,0.6990180961157199,0.7061218264860827,0.6060808269730208,0.676430806290951,0.6825421515747582,0.5493099012096097,0.6656355982254639,0.0,0.6941796576736671,0.7050694667835556,0.6744166416979865,0.6872388948090176,0.6763403161384126,0.664053491759795,0.6682236210779567,0.706143455359478,0.6931843495113184,0.6865173223049397,0.6779429196584803,0.6558974771256205,0.6208171183163119,0.688445490145069,0.694339489561806,0.6874982101286715,0.691574981687162,0.669749720187404,0.7044361077540273,0.6761367781312405
XOM,0.5896343235010504,0.680810399556077,0.5486285236299732,0.6704844601183557,0.6171051090880525,0.619346674452591,0.5745130181474293,0.5974634012647065,0.7046716685295846,0.6224396285794315,0.6049624190781727,0.6680749141506388,0.5531342042048035,0.5662531652887541,0.6886920717587451,0.615774863472148,0.6256758565144706,0.5116900642450543,0.5963336398279241,0.573766403085435,0.6364143125709826,0.5793103503501398,0.647218882606412,0.6554224112014513,0.6529376011352928,0.6205833017962622,0.6941796576736671,0.0,0.604658554024021,0.6264858867794786,0.6279149407296489,0.5867772737169075,0.427093342559498,0.5996820735280012,0.6873519582918447,0.5542108853507737,0.6611623489375741,0.5898645116094615,0.7021175073271276,0.6773456438571555,0.6363254941877736,0.6209085058257992,0.622164897634713,0.6644600220258787,0.6083326890547821,0.6319189004526955,0.5819332192040424
WMT,0.5793569016169399,0.6848235159425647,0.6391944911116664,0.6746963735487932,0.6886864323441115,0.6918416344754228,0.6771422876282264,0.6279826635668448,0.6574334340213318,0.6145201098712718,0.5201902345088093,0.6840645293727077,0.6282949110726135,0.6071812504986225,0.6973427704973192,0.7009397953534109,0.6636416815786845,0.541987207357912,0.6378024017543855,0.6588259482310306,0.6565087599010435,0.6019390260715494,0.7034912912154515,0.6752449859348547,0.5963791295296791,0.6291972800937049,0.7050694667835556,0.604658554024021,0.0,0.7026514719006005,0.641213442397551,0.7059365636772233,0.631683596037635,0.694735823560141,0.648910848041029,0.6825671380978471,0.5442975965413005,0.6440434507236941,0.66649870823191,0.6133502001882557,0.6491866807595896,0.6939929890967523,0.6532456958763296,0.6908131952876949,0.6986187341963334,0.6401850463506419,0.6029787090816474
ABT,0.5448687758884831,0.7006897093610157,0.5740818381952466,0.6222192000457104,0.6789340591581889,0.6813187239904956,0.5457707938867542,0.5308628541015453,0.6511588664839865,0.6952465608761929,0.6877629646903328,0.5932614617338844,0.5013690201357371,0.5609342639589816,0.6824224216187905,0.6163384422236556,0.5664899949018167,0.697375763556623,0.5502948113207097,0.6757803606423602,0.46322338743709734,0.5560210077232716,0.34195461527633697,0.6592550392416225,0.6493584770636365,0.6296639262064346,0.6744166416979865,0.6264858867794786,0.7026514719006005,0.0,0.476308383283406,0.5060154751846194,0.5956420867932701,0.34069903588001377,0.6067036927883083,0.42799267413419995,0.6507060120561148,0.554538757446439,0.6813763695993711,0.5516529636826644,0.6295585984224239,0.5620791604386319,0.44624462692246974,0.4660461192841078,0.5885023914052946,0.5694719651956881,0.6052104768408447
CRM,0.4101783604180487,0.6394873294342698,0.49536772836067194,0.6632985107070938,0.562079288486983,0.5699423592145691,0.628951500773394,0.4648673428479575,0.612895018959774,0.6558901052872387,0.6316954551244599,0.5928851260363249,0.5037258427238631,0.5801680606214398,0.6847434965326237,0.5207178877603215,0.42376800115928176,0.6891426509828437,0.46153540253860365,0.5816265763517828,0.5676257641668633,0.5208980695208667,0.5108145431083868,0.661357449950745,0.6877424829890314,0.5816520144941982,0.6872388948090176,0.6279149407296489,0.641213442397551,0.476308383283406,0.0,0.5544903935542654,0.6012113041782192,0.4289327310061662,0.6475571569130233,0.4755901117027525,0.6484992153954943,0.5814990067958589,0.704487901727603,0.6284062746250986,0.6663350253437803,0.6089566993313149,0.5979780641359242,0.5586783869818007,0.6339361399295492,0.578700585754565,0.5519855902005258
ABBV,0.6229730962774405,0.6529178120179286,0.5917759966640619,0.6482909173240898,0.6092799615735708,0.6125988004444174,0.6224065455749583,0.48566960562062134,0.6685635365256302,0.6741659261463921,0.6734769950272175,0.5866798690675061,0.5495153336149826,0.6167533978521755,0.6617093735192927,0.6995026486356112,0.6500396845106575,0.6929565335909176,0.5890951019818016,0.6063817705719113,0.5401767862071428,0.5664443719103441,0.5384698789593784,0.6283673338914626,0.6416543741092019,0.6411031491005581,0.6763403161384126,0.5867772737169075,0.7059365636772233,0.5060154751846194,0.5544903935542654,0.0,0.6316476696459484,0.5373481769703116,0.6612382240309999,0.4526170034831625,0.6973036381924149,0.6071367396846857,0.7066833777379673,0.5630810545112053,0.6605705040049962,0.6276342240735393,0.5318407718138319,0.6005678317121751,0.6316128876026217,0.549567058730641,0.6038284687629998
CVX,0.5583655587774041,0.6473338366412074,0.5176056560167758,0.6535439799161772,0.6462675506093868,0.654105238323716,0.5978379528440749,0.560967523133583,0.6487561599217323,0.6859376813428755,0.6344524255980025,0.5668610431529126,0.5412638165758545,0.5388612850547679,0.6921962169686696,0.5062900184599723,0.5616541257705585,0.6185777398182102,0.6157813423117271,0.5686755280067681,0.6037585047144413,0.6176156069002001,0.6051207814380747,0.6361010462346067,0.6690590057332546,0.648521860672998,0.664053491759795,0.427093342559498,0.631683596037635,0.5956420867932701,0.6012113041782192,0.6316476696459484,0.0,0.6025452294783282,0.7023101842157656,0.5763309337313823,0.6324440872107825,0.5783335460520226,0.7039507988619121,0.6759565386804789,0.5715036720971348,0.6343830310610039,0.5673009849514346,0.652849217813265,0.5875599695364349,0.6499384242223344,0.6087440147039144
TMO,0.5036690895437367,0.6676456077698983,0.5737719191066627,0.6638653467133974,0.6921469717792417,0.6971475790860929,0.6000503910627292,0.5147196232310008,0.6735023617360476,0.6581780699449818,0.6470741539838119,0.5925346920666135,0.5279819897576976,0.5896225495840803,0.6626252303197198,0.6512164309603179,0.5116714739365483,0.7049625141655156,0.5068854226355431,0.6123343124545713,0.45824341596121615,0.5785557283018858,0.40723240159158386,0.6387939097167413,0.7052350723680028,0.5825479674785939,0.6682236210779567,0.5996820735280012,0.694735823560141,0.34069903588001377,0.4289327310061662,0.5373481769703116,0.6025452294783282,0.0,0.6240370192955526,0.40036252723747073,0.6573835642357824,0.5670827743792625,0.6922823329718518,0.5477283553578177,0.6038361203102603,0.5921695641260998,0.5058870791093473,0.4800905413533914,0.6258830392077487,0.5960808191671173,0.5783485548743834
MCD,0.57162398998,0.6938206162728395,0.6938467776888843,0.6841653972490632,0.6669232854332252,0.6681726832436161,0.666299142036518,0.5532708374037353,0.6725324922489659,0.6412525426203459,0.5602770815839071,0.6598372277043105,0.5950513547204291,0.6594179438289975,0.619322247042164,0.6972911110506342,0.6694002581565716,0.647388845057189,0.5752218393786304,0.6346959810745325,0.6520435182656663,0.6026556912029419,0.6470760978425226,0.5555501861328277,0.5997990699443027,0.6564685270824976,0.706143455359478,0.6873519582918447,0.648910848041029,0.6067036927883083,0.6475571569130233,0.6612382240309999,0.7023101842157656,0.6240370192955526,0.0,0.6604943119044115,0.6392926870431054,0.5926369374696565,0.6421746247263098,0.682748104841688,0.6510488037995438,0.6354151054361994,0.6289242123783599,0.6430722998983802,0.6202495456365945,0.6629839230044667,0.6151941161151077
AMGN,0.5351084069345673,0.6147949153370045,0.4904534912414838,0.6236337158062216,0.5890096256702823,0.5925970623185961,0.5786658730143113,0.47012531799132445,0.6534760855383944,0.6081365282152927,0.6486707334574369,0.5953585416946667,0.5209408974592089,0.4987728916331933,0.684464998293559,0.6359133389842745,0.5811319399368402,0.6333712330804511,0.4569050432645508,0.6132906398852991,0.4279318439260721,0.4967806226891965,0.46393589452287387,0.6435083945189183,0.6763897058014832,0.5490833629535176,0.6931843495113184,0.5542108853507737,0.6825671380978471,0.42799267413419995,0.4755901117027525,0.4526170034831625,0.5763309337313823,0.40036252723747073,0.6604943119044115,0.0,0.5945575244392026,0.5254854241423847,0.6697979599854339,0.5218217206512498,0.5629643319994111,0.540616990569148,0.5223653118459196,0.5173211241251029,0.600733068831017,0.48099234575889865,0.5543147914836459
COST,0.6206384149530655,0.6699594774875757,0.6127251879416616,0.6916683798019536,0.6372289147659624,0.6405614155098349,0.6184764581334735,0.5694290797435728,0.6621188186341903,0.6513678798989883,0.5956256224057959,0.5747857290763849,0.5975174392683449,0.5627912360538752,0.6777771241077697,0.7044634406693022,0.645373341399818,0.5882986971531856,0.6171088606301869,0.6598919620897049,0.6200048593411028,0.5823544290583456,0.6817470421055429,0.6979420862862687,0.6372690343120021,0.6134399727933393,0.6865173223049397,0.6611623489375741,0.5442975965413005,0.6507060120561148,0.6484992153954943,0.6973036381924149,0.6324440872107825,0.6573835642357824,0.6392926870431054,0.5945575244392026,0.0,0.6078344027070632,0.6975836081703555,0.6570242486381299,0.6210821841971154,0.5866485557880791,0.6568135211289178,0.6389482972756209,0.6726235806059598,0.6262663309864961,0.5853644770806019
ACN,0.5797695585929548,0.6285981965212913,0.5879229804614153,0.6942027689900448,0.6545907992621306,0.6573481994820506,0.5858039585158136,0.47595630186765187,0.6245184771558021,0.5992545991357803,0.55726247055819,0.6289097458746905,0.48065535815511784,0.5458661582799588,0.6411769078577539,0.6457632733199087,0.5993020729711046,0.6421943371175373,0.5701483779141538,0.6544811733997512,0.5791410861729597,0.5684845855952659,0.6020878796909358,0.6151810570563561,0.6522898962921506,0.5951118799920743,0.6779429196584803,0.5898645116094615,0.6440434507236941,0.554538757446439,0.5814990067958589,0.6071367396846857,0.5783335460520226,0.5670827743792625,0.5926369374696565,0.5254854241423847,0.6078344027070632,0.0,0.6686136934645545,0.6464959815759177,0.6318699970938153,0.565430008798276,0.6243401675558305,0.648661387104734,0.6200567437131652,0.5987258468824262,0.5021271080433535
NEE,0.664070106351512,0.6315529864834696,0.6584247047875676,0.6761480706308521,0.6220380274375815,0.619691988927133,0.6770022139466938,0.6761579512419833,0.6389382224664378,0.600840413522259,0.6923750852114927,0.6888530761211568,0.6465343949743334,0.6523023667993206,0.5432793954058938,0.6586408949938791,0.691988260744212,0.6634558158782493,0.6868839111659899,0.6332249494192242,0.6677047057815051,0.6536955000308703,0.6570905526555194,0.6672374838032012,0.6068375660372641,0.5804575494104015,0.6558974771256205,0.7021175073271276,0.66649870823191,0.6813763695993711,0.704487901727603,0.7066833777379673,0.7039507988619121,0.6922823329718518,0.6421746247263098,0.6697979599854339,0.6975836081703555,0.6686136934645545,0.0,0.6963660347886866,0.7037968938217372,0.6854386839170388,0.6654820304598905,0.6946582111424356,0.5414932519813744,0.6589568553567057,0.636790774286439
LLY,0.6954768783487505,0.700901381912202,0.6669008238139073,0.6891714760941277,0.6548865142690818,0.6555695278803971,0.6229326398829028,0.6654997239125391,0.652083741987759,0.6085658342125425,0.6767669039858661,0.5716388752322608,0.7063776073716278,0.7032224751617031,0.6989304873381973,0.662139930974447,0.687006613682875,0.6315768302373924,0.6630858620949562,0.7051228950443269,0.5081301770207806,0.6649707623066877,0.538461979058185,0.6397978169363675,0.6862389407333332,0.6843435834025069,0.6208171183163119,0.6773456438571555,0.6133502001882557,0.5516529636826644,0.6284062746250986,0.5630810545112053,0.6759565386804789,0.5477283553578177,0.682748104841688,0.5218217206512498,0.6570242486381299,0.6464959815759177,0.6963660347886866,0.0,0.6183920437896822,0.7022278256226319,0.6066940130669273,0.6111089904729231,0.6160258712790022,0.6918123253691562,0.6834515898421913
BMY,0.6306802034316861,0.676758795893816,0.6195653201017193,0.6092604731629588,0.6499404798920411,0.656624165368285,0.5625463147124736,0.6076706924209317,0.674891265699718,0.6705525972103907,0.686354359648271,0.6459674282589304,0.629167220839277,0.6298738348292567,0.68692092234898,0.7044186378689117,0.6492262143425249,0.6619638431405157,0.5946984115609752,0.6908703815973417,0.5468502934462549,0.6843294296533607,0.6150473898405491,0.663830554595778,0.6318461640407493,0.6216307100337054,0.688445490145069,0.6363254941877736,0.6491866807595896,0.6295585984224239,0.6663350253437803,0.6605705040049962,0.5715036720971348,0.6038361203102603,0.6510488037995438,0.5629643319994111,0.6210821841971154,0.6318699970938153,0.7037968938217372,0.6183920437896822,0.0,0.695481095045048,0.5669229628950708,0.6617383683543648,0.6530725799888759,0.6399462981663441,0.6406127297183225
LIN,0.6090251612729314,0.6870779740760774,0.5728652211764701,0.691440060892295,0.6829905678168903,0.6812669062313812,0.6241504273909901,0.5820039679911254,0.5772300828773069,0.5815104070654215,0.5942225789848414,0.6646860434765292,0.5928506736329775,0.5991585570102708,0.675543992140678,0.5810765660404242,0.6825077330776408,0.626936730808972,0.6161634315928445,0.6209092480739858,0.5925182484125895,0.5700740508110337,0.6020169848338488,0.6836306771944564,0.7064152204209765,0.6054081392551343,0.694339489561806,0.6209085058257992,0.6939929890967523,0.5620791604386319,0.6089566993313149,0.6276342240735393,0.6343830310610039,0.5921695641260998,0.6354151054361994,0.540616990569148,0.5866485557880791,0.565430008798276,0.6854386839170388,0.7022278256226319,0.695481095045048,0.0,0.6577021290807863,0.6097620632145317,0.6148210076739924,0.5742091628090501,0.5961801849085322
MDT,0.611697563839317,0.6961453884426229,0.6118623674960123,0.6210440096328604,0.6983126116878638,0.7009036292219221,0.5463194476866343,0.5582472018999901,0.5983442548757656,0.6976655022045343,0.6667743195225447,0.5432347695214068,0.5231139070068901,0.5719435812148571,0.6794246158287286,0.6811752750013438,0.6129163293534614,0.6935862581836295,0.5777664378734437,0.6941094167312752,0.4867413042780585,0.6488886661566777,0.4542940137964902,0.6122733271440604,0.6950215227602382,0.6603625004626301,0.6874982101286715,0.622164897634713,0.6532456958763296,0.44624462692246974,0.5979780641359242,0.5318407718138319,0.5673009849514346,0.5058870791093473,0.6289242123783599,0.5223653118459196,0.6568135211289178,0.6243401675558305,0.6654820304598905,0.6066940130669273,0.5669229628950708,0.6577021290807863,0.0,0.6441112271651839,0.5240241051553123,0.5836720457868647,0.6147363676742541
DHR,0.6067712795296079,0.6805235607585924,0.6480789015185242,0.6596775183085637,0.6811975079659609,0.6886057674417494,0.6252555350359579,0.6038892712548676,0.6946704818545466,0.6743658387917458,0.6800369706962485,0.6651398348930542,0.6001503958358486,0.6228505334204648,0.6717532550858747,0.6783838808196871,0.6139507736377252,0.6714226057208867,0.5717641998210261,0.662575088471764,0.5619392579539789,0.5744388220777393,0.5667170188139646,0.6967146462616409,0.6583106777139202,0.624112306378696,0.691574981687162,0.6644600220258787,0.6908131952876949,0.4660461192841078,0.5586783869818007,0.6005678317121751,0.652849217813265,0.4800905413533914,0.6430722998983802,0.5173211241251029,0.6389482972756209,0.648661387104734,0.6946582111424356,0.6111089904729231,0.6617383683543648,0.6097620632145317,0.6441112271651839,0.0,0.6537597790487308,0.6061143992350138,0.6131634791884712
PM,0.612496266213206,0.6862432360717503,0.6594175970283505,0.6795730466580692,0.704137075518588,0.7039139063648037,0.5783205402324113,0.540217332432708,0.6282143751237358,0.6680250247543872,0.6771494060767381,0.6761783082276783,0.5144116108300315,0.6253152472776349,0.6070455092955577,0.6480427102176195,0.6011112742051035,0.6953044741667549,0.5980428931789584,0.6090725966478613,0.5700709458453319,0.6088574186159063,0.5491812194721503,0.6195228971385637,0.6363176213485867,0.6565939118533803,0.669749720187404,0.6083326890547821,0.6986187341963334,0.5885023914052946,0.6339361399295492,0.6316128876026217,0.5875599695364349,0.6258830392077487,0.6202495456365945,0.600733068831017,0.6726235806059598,0.6200567437131652,0.5414932519813744,0.6160258712790022,0.6530725799888759,0.6148210076739924,0.5240241051553123,0.6537597790487308,0.0,0.635533496927053,0.6265550096422684
