,MSFT,AAPL,AMZN,FB,GOOGL,GOOG,JNJ,V,PG,JPM,HD,UNH,MA,NVDA,VZ,NFLX,ADBE,INTC,PYPL,T,PFE,CSCO,MRK,CMCSA,PEP,BAC,KO,XOM,WMT,ABT,CRM,ABBV,CVX,TMO,MCD,AMGN,COST,ACN,NEE,LLY,BMY,LIN,MDT,DHR,PM,TXN,NKE
MSFT,0.0,0.36397448577872005,0.3048133979519749,0.4096677190122669,0.31839665068987416,0.32128907856331845,0.46344066406429363,0.35805769771089496,0.3514977003862188,0.6120024234324969,0.42333935673071493,0.48366449732422,0.3537876999916715,0.33301947110140534,0.5401369645830794,0.4899488756259593,0.3197989800579216,0.5253469954120151,0.40279565959578933,0.6574858090393026,0.528366682331438,0.5150560027287341,0.5081843965604043,0.4131239317214194,0.3599635782081132,0.6199669302694808,0.48410978895040063,0.6617530287387546,0.44627296277595746,0.47350025903674386,0.4721793458572664,0.5507411019652525,0.5912876179646785,0.4360783754305348,0.5300614297306638,0.44208212953407855,0.3463118264369685,0.45301577805140125,0.4887979979947493,0.6398897552343495,0.538367220706537,0.4599589090091822,0.5148822019343445,0.44886751362918814,0.5997714815044498,0.3328857789871485,0.6458986546216143
AAPL,0.36397448577872005,0.0,0.3274193683839618,0.4449627733038881,0.4607511656524116,0.4603924099451872,0.5515279084486012,0.4670344083819846,0.4653945887654392,0.6537209958966514,0.47982719196319235,0.5917082784441656,0.4979238822756404,0.33009583042202484,0.6001714303426847,0.4847090552516534,0.39346458635248466,0.5526986305890466,0.46054927843837035,0.6945387429221707,0.5991700189706198,0.5797210110984304,0.6226561831045282,0.46118893869011696,0.46323044463469665,0.646361460913343,0.5943219393424971,0.6498009582428202,0.5003900440111558,0.5882524464868117,0.5408056068020893,0.6371954559643946,0.5989793989910945,0.497548255724238,0.5815158049033546,0.5346030807762182,0.4149712666846172,0.5396390630179988,0.5678856975211508,0.6624253719970193,0.5921071910545784,0.5371217711205535,0.62217118065844,0.4925904242356134,0.6508715991920416,0.38529921051379296,0.6314218910697069
AMZN,0.3048133979519749,0.3274193683839618,0.0,0.3839994344926162,0.402092241860704,0.3980232737355678,0.5414717295463995,0.44503965149963665,0.4352084865393058,0.6840861577642926,0.46676426590308223,0.5840853318755356,0.4549934422160798,0.3941843374222057,0.5607959434720304,0.4155323847220053,0.326561966458648,0.5762530281631653,0.42071997272142375,0.6989427896695889,0.6132072831711703,0.5750393596603046,0.5965170483962324,0.42232962810155916,0.40480486366802115,0.6723394513743066,0.5473273537861867,0.6916531230643966,0.5210391155520402,0.5871549514564288,0.47736102211340165,0.6340025983970893,0.641729241782089,0.4840161449985419,0.5616732158965069,0.4994123027259449,0.4090214689732074,0.5175318800997111,0.5193063763322098,0.6543036252591836,0.5913694568660346,0.5426738428806351,0.6109505100353954,0.4762846231324746,0.6312259606266231,0.3635838421622709,0.6367178018452461
FB,0.4096677190122669,0.4449627733038881,0.3839994344926162,0.0,0.3882475321024581,0.37691667297602294,0.5728955674502756,0.4454426133420196,0.5060532930947359,0.6815372581307989,0.497289532735001,0.6040040431111361,0.48674220323169565,0.48121880341133316,0.5627859459449451,0.4683492024702333,0.3364065307544936,0.6323848448235669,0.4517634124766128,0.672019952191944,0.6234841861614585,0.5950379322926154,0.603308664674697,0.43322351747840154,0.47541528922527754,0.6777486098758265,0.5514544635556033,0.6906435206244652,0.6091877142597045,0.6587738447114615,0.4320997450890717,0.6763034082689459,0.671660286062623,0.5615741812504055,0.5224309411605956,0.5534375809018108,0.4927151823756423,0.5064830190316787,0.5685256306267844,0.689475490717386,0.6179957112654493,0.559777576570848,0.5972435499965831,0.5637916522564733,0.6889328716274997,0.4829691542679474,0.6263509793854375
GOOGL,0.31839665068987416,0.4607511656524116,0.402092241860704,0.3882475321024581,0.0,0.038100725248732856,0.48198668657266214,0.37859316278166166,0.3910040739580998,0.60685109997475,0.46141104212281964,0.5261709316160911,0.4028541746004545,0.4384402142791137,0.4772884110082324,0.555844669602635,0.3948753521615377,0.5535876315630609,0.4837576695091459,0.5957846005350101,0.5265950702844605,0.5315813873444615,0.5283021402285066,0.441634342286528,0.39046505291932243,0.62030766716079,0.45716605130671495,0.628491319350303,0.5355088305537758,0.5716564240572873,0.5177664542841277,0.5123358982973147,0.5647477357362342,0.44987398291143155,0.4941516382860699,0.5166861744316072,0.4550884762592119,0.4401508630020971,0.5101608913435216,0.6742147768257949,0.5551506499960314,0.4499387017375003,0.5466827911109887,0.4815698615755437,0.6101953837060188,0.3734622692436074,0.6374432071271374
GOOG,0.32128907856331845,0.4603924099451872,0.3980232737355678,0.37691667297602294,0.038100725248732856,0.0,0.47960564165808667,0.3679364062951983,0.38991482183914483,0.6037363619023803,0.4603205752617043,0.5224514445129926,0.3972015894467401,0.44040393529357563,0.4712509137393515,0.5559213727828594,0.39034925278544835,0.5528794479679635,0.4840133881116763,0.5924697113891811,0.5249433458195608,0.5326692097748498,0.5197538760874076,0.43105669425198667,0.3898917548214002,0.6186230277147714,0.45297687654545027,0.6256197689718401,0.539047492591375,0.574373125837857,0.5119976028130585,0.5200087394847784,0.5634140378807175,0.4509519460766455,0.48722059944782,0.5180076168670684,0.45503664739195215,0.4349001000738923,0.5165641584743864,0.6677991874314285,0.5517096223820227,0.447028041545741,0.541430268098608,0.4844059558049013,0.6101204248818636,0.37074961683584495,0.6326866625592383
JNJ,0.46344066406429363,0.5515279084486012,0.5414717295463995,0.5728955674502756,0.48198668657266214,0.47960564165808667,0.0,0.45143317766262253,0.383065797032187,0.5365022623959154,0.477788989143687,0.4104074521022662,0.4231590079439598,0.5068438358977091,0.47355887078926945,0.6615520790704191,0.5778485251565987,0.557583175606222,0.6045272619839376,0.5537748157614749,0.40189233362026744,0.49339899176724233,0.3776601514079961,0.5322313958428924,0.4511558360977646,0.543478601293079,0.4367038354182174,0.5774950885853445,0.6229994311192943,0.4330623640798646,0.6203054260130084,0.4146599165109064,0.5306486190858097,0.4307662126040684,0.4971405314462933,0.49485489487113754,0.4922636001081573,0.4959604035750728,0.4839757464603947,0.4848746345621466,0.48032539391716766,0.4312323044925727,0.3950796624286198,0.44415753065251884,0.5461236096231261,0.4644406927555124,0.5791031341191377
V,0.35805769771089496,0.4670344083819846,0.44503965149963665,0.4454426133420196,0.37859316278166166,0.3679364062951983,0.45143317766262253,0.0,0.4009672588405818,0.5314152204102982,0.40977850590311876,0.47093552103324304,0.20368295151791588,0.41282993982859395,0.48579577783720695,0.5716614941356394,0.408605414483317,0.5289571771397654,0.49180997041286095,0.5749520162366203,0.4862515548992523,0.5038357579935536,0.4692063117949597,0.43321036456618756,0.42434137279564826,0.5554701842519632,0.4392335985142673,0.5776573476292926,0.5093865111784935,0.5356620904528049,0.5387726820418923,0.5621595399260322,0.5088732236848144,0.47400881595296385,0.42761079538696484,0.48972178518950366,0.4269157441453403,0.4124295407600399,0.5323754757901829,0.5969684203515712,0.4699152367075381,0.36294423599635417,0.46426561229321084,0.5072987106573915,0.5653898175312869,0.34471037355637135,0.5774118464798788
PG,0.3514977003862188,0.4653945887654392,0.4352084865393058,0.5060532930947359,0.3910040739580998,0.38991482183914483,0.383065797032187,0.4009672588405818,0.0,0.5487531966903868,0.40726885385866496,0.429255383570773,0.3908271749373734,0.3973524608281077,0.4551648393904499,0.6296377868898463,0.4819722832411467,0.5548226519236059,0.5218193954684179,0.6345286819259965,0.43466179003195676,0.5181292602901664,0.439072826105759,0.4733467681531087,0.33244941492384233,0.5664068908496367,0.39382709206069155,0.6226777474090852,0.5093278360865184,0.5215391790511179,0.6116158077346068,0.524368152163921,0.5493084247645736,0.42687603330098495,0.481855393613684,0.48434122137550256,0.3885181444265513,0.4401527889996981,0.4680516219298853,0.598960971089612,0.5293115569216272,0.422802432878593,0.48857041941548435,0.4464996401156847,0.5716842895096182,0.40463679869614605,0.5782371262605023
JPM,0.6120024234324969,0.6537209958966514,0.6840861577642926,0.6815372581307989,0.60685109997475,0.6037363619023803,0.5365022623959154,0.5314152204102982,0.5487531966903868,0.0,0.6050050479489913,0.4852964055161763,0.5237994555497829,0.6612718653569215,0.506495259653347,0.6588943259781003,0.7009364485410801,0.6277471680487681,0.6714654032670057,0.46502245972660033,0.5639460131872382,0.5688558940739477,0.5385528795542948,0.5564815632052627,0.537723299717867,0.24985396923450903,0.4589625498746644,0.4547002708401542,0.6148583007039812,0.5489172327207813,0.6906370703164953,0.5606698853712152,0.40437591428541225,0.6363047816979946,0.5593654355149809,0.627986485556465,0.6262220413673317,0.581823036327649,0.6486559194122026,0.5997193834375014,0.4795218609137597,0.4924263211787751,0.4587522707579748,0.6714163246952601,0.5510760576280012,0.5415385198200406,0.6369776822203462
HD,0.42333935673071493,0.47982719196319235,0.46676426590308223,0.497289532735001,0.46141104212281964,0.4603205752617043,0.477788989143687,0.40977850590311876,0.40726885385866496,0.6050050479489913,0.0,0.4721700302912033,0.43761322953303866,0.3872821796596402,0.5251508184134697,0.5335568541536397,0.45116208024033494,0.5650907821079332,0.51865085428631,0.6256193911049291,0.49528146706082793,0.5254707566952693,0.4911132824219556,0.47702571209885924,0.4324378081363565,0.6085280948695503,0.5098430223565078,0.6415273602444946,0.5231107417796081,0.5582486318487526,0.5287301754286459,0.5283467936974643,0.550591372485231,0.434327410140701,0.4354840498612964,0.5129164586402742,0.4393700555765414,0.42475231562888305,0.49240010432156395,0.5994409248881569,0.49296418520733626,0.40364900941517895,0.48192958507709555,0.4648675796251,0.5629311284480496,0.4103969508348015,0.5947255786541515
UNH,0.48366449732422,0.5917082784441656,0.5840853318755356,0.6040040431111361,0.5261709316160911,0.5224514445129926,0.4104074521022662,0.47093552103324304,0.429255383570773,0.4852964055161763,0.4721700302912033,0.0,0.47857062078459095,0.50447926778556,0.4642686580944217,0.6558180666292847,0.5833139362865857,0.576969830116179,0.5966489127595902,0.5846099643945379,0.44489967774535616,0.5325747432321264,0.46289537599730346,0.559222664346907,0.4627762565585328,0.47616410543391985,0.5084412210222751,0.6194605743909853,0.5327142196580603,0.4821158735247069,0.6503431899394135,0.48520250045018753,0.5437637002582877,0.48729046756212185,0.49066925184154325,0.4873188023321325,0.5012197439549451,0.519998770154747,0.526424194192116,0.5596566005056965,0.4657602338226476,0.47511859941682605,0.4367592576866773,0.4969217305297759,0.5709861309507241,0.47624919983623254,0.6158872162304647
MA,0.3537876999916715,0.4979238822756404,0.4549934422160798,0.48674220323169565,0.4028541746004545,0.3972015894467401,0.4231590079439598,0.20368295151791588,0.3908271749373734,0.5237994555497829,0.43761322953303866,0.47857062078459095,0.0,0.44089302813716114,0.5252313809741944,0.6068029922195984,0.4518046182158872,0.5177631590521062,0.4910755296987851,0.5620741617149035,0.4886757044911735,0.523396605335973,0.4912925813399909,0.42446138586465115,0.4151982398209948,0.5620602928399131,0.4230768162699709,0.5828424916674031,0.531594259625846,0.5155493719320786,0.539543549307243,0.5665040491138158,0.5291446635175412,0.47340887396428644,0.39568105788506813,0.5039482760809876,0.4503749791388181,0.44296931346646196,0.5438477297084188,0.6322090280257504,0.4910861831472343,0.40042019830557807,0.44757376359824114,0.48646325226222265,0.5592330883732674,0.38845460028833306,0.5872112685855854
NVDA,0.33301947110140534,0.33009583042202484,0.3941843374222057,0.48121880341133316,0.4384402142791137,0.44040393529357563,0.5068438358977091,0.41282993982859395,0.3973524608281077,0.6612718653569215,0.3872821796596402,0.50447926778556,0.44089302813716114,0.0,0.5537876818528661,0.5322829516326496,0.3995030908756185,0.5445921472603965,0.4331175366246464,0.6770329877798836,0.542144600186534,0.549767837737481,0.541343195104277,0.4956393615424865,0.4236066601611532,0.6627698850491685,0.5478684101575493,0.6652231242661124,0.44070737943520266,0.5627970442705359,0.5677078236894111,0.5759013849389933,0.5946486275661905,0.43437602571656114,0.5223884812372575,0.44905694581689115,0.36295723168189176,0.49069173916520614,0.4882651729507253,0.6566032599822402,0.5810757962500318,0.4784615263332852,0.5619555886527919,0.4377766582132464,0.6227314057780733,0.3367525396929992,0.6187875178991605
VZ,0.5401369645830794,0.6001714303426847,0.5607959434720304,0.5627859459449451,0.4772884110082324,0.4712509137393515,0.47355887078926945,0.48579577783720695,0.4551648393904499,0.506495259653347,0.5251508184134697,0.4642686580944217,0.5252313809741944,0.5537876818528661,0.0,0.6378618604730362,0.5971265417948612,0.6289567872622008,0.6630986770560536,0.48301105206684997,0.4669321329915733,0.5642388804288034,0.4563128951174842,0.5166066753758677,0.48782137239512086,0.47633785357598524,0.42305694350107687,0.5321537062424795,0.6044161924122863,0.567177292253353,0.6541844885852903,0.4815310414330805,0.47790844548954897,0.5828716683229848,0.5297770616840836,0.5478199725595283,0.5657292955231307,0.5724232362366513,0.4958228856942361,0.5196522635252838,0.5491325750892384,0.4895869780374723,0.5087408223372968,0.6004923850290802,0.5562065611620465,0.45799085203662676,0.6487160330243434
NFLX,0.4899488756259593,0.4847090552516534,0.4155323847220053,0.4683492024702333,0.555844669602635,0.5559213727828594,0.6615520790704191,0.5716614941356394,0.6296377868898463,0.6588943259781003,0.5335568541536397,0.6558180666292847,0.6068029922195984,0.5322829516326496,0.6378618604730362,0.0,0.37176186240357295,0.6187874326180729,0.5462121851014847,0.7056939096657872,0.6879023393060771,0.6455745130365269,0.6893380719655179,0.5554719003175089,0.5604108409502504,0.6791664854959425,0.6651951559609268,0.694700183918898,0.578844594302759,0.6545948247430886,0.39581984174860696,0.6773103767522552,0.7042020233473268,0.5896779805353983,0.6567986435475993,0.5728875561556512,0.5463068071501738,0.6184055315754098,0.589118383636861,0.6619247608000614,0.6653111903390366,0.609896033604933,0.68614097678434,0.5775103133730225,0.6693496419052658,0.4974492973421387,0.684018223651176
ADBE,0.3197989800579216,0.39346458635248466,0.326561966458648,0.3364065307544936,0.3948753521615377,0.39034925278544835,0.5778485251565987,0.408605414483317,0.4819722832411467,0.7009364485410801,0.45116208024033494,0.5833139362865857,0.4518046182158872,0.3995030908756185,0.5971265417948612,0.37176186240357295,0.0,0.5747635170384292,0.40941143177860045,0.6946158448555901,0.6018519753200424,0.5701484253055975,0.6153985233202149,0.47669386757478543,0.45886944768716775,0.7046488061892997,0.5748969365598545,0.676502988988022,0.5462601347440126,0.6171987794219185,0.3289235372942085,0.6362461534247179,0.6870888547124144,0.5032535991335226,0.5601257023242727,0.5118224461211878,0.45667280829686024,0.47592879299714586,0.552280516021816,0.6757600020082012,0.5993129284917209,0.5130432791734943,0.597643444524552,0.4943585936266037,0.6312300188810654,0.4165742086517622,0.6400824024875096
INTC,0.5253469954120151,0.5526986305890466,0.5762530281631653,0.6323848448235669,0.5535876315630609,0.5528794479679635,0.557583175606222,0.5289571771397654,0.5548226519236059,0.6277471680487681,0.5650907821079332,0.576969830116179,0.5177631590521062,0.5445921472603965,0.6289567872622008,0.6187874326180729,0.5747635170384292,0.0,0.6029832375847602,0.5518558703134124,0.6046426308704876,0.5335610312581729,0.5897758533319377,0.5374295318041726,0.4969723429894088,0.6085812409644564,0.531571628484157,0.5829180142030255,0.5991485829519032,0.5597959725189396,0.6361771149405954,0.5751878614317998,0.5402749163310748,0.5473214683889254,0.5625598013562348,0.5504289862864974,0.5232556359631032,0.5847141633861055,0.5910953393074182,0.6451862652291559,0.5333884692355786,0.5787302617886713,0.5512599359513737,0.5810254402148272,0.5578262335450629,0.5241473695950304,0.6544350955137954
PYPL,0.40279565959578933,0.46054927843837035,0.42071997272142375,0.4517634124766128,0.4837576695091459,0.4840133881116763,0.6045272619839376,0.49180997041286095,0.5218193954684179,0.6714654032670057,0.51865085428631,0.5966489127595902,0.4910755296987851,0.4331175366246464,0.6630986770560536,0.5462121851014847,0.40941143177860045,0.6029832375847602,0.0,0.6573707679904481,0.6295217651794035,0.6485452626731787,0.6325454821704748,0.5630931017299645,0.4992387539785964,0.6696515580856748,0.6660040576241444,0.693835751144413,0.5178196411953879,0.6295615537111777,0.5357051743179211,0.6690043863047856,0.6770670814124207,0.549796855162512,0.6108906995705843,0.5446504064328199,0.4555527283151008,0.513401796046896,0.5978045190359615,0.7041285282870248,0.6841028837589876,0.596793307117188,0.6322110672061395,0.5415866744087455,0.666563322229766,0.5379406397780454,0.6728456913802567
T,0.6574858090393026,0.6945387429221707,0.6989427896695889,0.672019952191944,0.5957846005350101,0.5924697113891811,0.5537748157614749,0.5749520162366203,0.6345286819259965,0.46502245972660033,0.6256193911049291,0.5846099643945379,0.5620741617149035,0.6770329877798836,0.48301105206684997,0.7056939096657872,0.6946158448555901,0.5518558703134124,0.6573707679904481,0.0,0.5783548729033926,0.5891133533851627,0.5686803233917258,0.5716005244816955,0.605963601465701,0.4641920804109062,0.502743237392677,0.40613202598514,0.6983628371474927,0.5840803247770124,0.6977225517710958,0.5385379738135927,0.40774862875201273,0.6094447683500769,0.5605166179911542,0.6717720408564566,0.6730889417207276,0.6572654522729036,0.6062323729466753,0.5961432399674299,0.5733891874545435,0.5555414769456382,0.5122431635520671,0.619795518431903,0.5409325372752551,0.583853288885493,0.6972041044802666
PFE,0.528366682331438,0.5991700189706198,0.6132072831711703,0.6234841861614585,0.5265950702844605,0.5249433458195608,0.40189233362026744,0.4862515548992523,0.43466179003195676,0.5639460131872382,0.49528146706082793,0.44489967774535616,0.4886757044911735,0.542144600186534,0.4669321329915733,0.6879023393060771,0.6018519753200424,0.6046426308704876,0.6295217651794035,0.5783548729033926,0.0,0.5350950889934841,0.41604838014408935,0.5631240293432332,0.4685716900464557,0.5937029564800662,0.49242998597831983,0.5754155552685707,0.6503324119252011,0.5096641457005733,0.6774632550587552,0.4216326513214958,0.5353507645131375,0.5027500295648679,0.5215403661172863,0.5499825755002733,0.5268991460791661,0.5249823811294818,0.5123213330160941,0.5595009443219807,0.49355959298281665,0.4897274646403656,0.4727455943974421,0.5085641199017675,0.5614210813358942,0.5236855292907411,0.6181313557192151
CSCO,0.5150560027287341,0.5797210110984304,0.5750393596603046,0.5950379322926154,0.5315813873444615,0.5326692097748498,0.49339899176724233,0.5038357579935536,0.5181292602901664,0.5688558940739477,0.5254707566952693,0.5325747432321264,0.523396605335973,0.549767837737481,0.5642388804288034,0.6455745130365269,0.5701484253055975,0.5335610312581729,0.6485452626731787,0.5891133533851627,0.5350950889934841,0.0,0.6182353747908165,0.5330184899139089,0.5381392800371984,0.5640471157486947,0.536704441583844,0.5916192093969644,0.6263729364134684,0.5932516182901862,0.6235859626334983,0.5480256463062366,0.5613222121642838,0.5520297108776099,0.5592244712975852,0.5651644364060208,0.5429560147524577,0.5426801008307582,0.5790701920862961,0.5922003606881973,0.5131959531944774,0.5443496228001121,0.5114578049056685,0.5922744566219033,0.5533902775851005,0.4808743340478348,0.673829388242217
MRK,0.5081843965604043,0.6226561831045282,0.5965170483962324,0.603308664674697,0.5283021402285066,0.5197538760874076,0.3776601514079961,0.4692063117949597,0.439072826105759,0.5385528795542948,0.4911132824219556,0.46289537599730346,0.4912925813399909,0.541343195104277,0.4563128951174842,0.6893380719655179,0.6153985233202149,0.5897758533319377,0.6325454821704748,0.5686803233917258,0.41604838014408935,0.6182353747908165,0.0,0.5344424512271103,0.466829585935233,0.5611741857059263,0.4560443161057515,0.552275566482815,0.615993622181178,0.4944478628546794,0.6522032438786864,0.4615552710525087,0.49587312146393775,0.49427975655268813,0.5273612042116097,0.4924367421580511,0.5138087062144275,0.5476633288534897,0.566787124802134,0.4941449134440869,0.48031456679059126,0.41301286492093503,0.44256652462367657,0.5408548200764687,0.5574562556643813,0.5111435564805235,0.6213857032388076
CMCSA,0.4131239317214194,0.46118893869011696,0.42232962810155916,0.43322351747840154,0.441634342286528,0.43105669425198667,0.5322313958428924,0.43321036456618756,0.4733467681531087,0.5564815632052627,0.47702571209885924,0.559222664346907,0.42446138586465115,0.4956393615424865,0.5166066753758677,0.5554719003175089,0.47669386757478543,0.5374295318041726,0.5630931017299645,0.5716005244816955,0.5631240293432332,0.5330184899139089,0.5344424512271103,0.0,0.44528581506071574,0.5616737107853592,0.4923330127695705,0.5885093067950433,0.5576769793611601,0.5963411399852409,0.5507161326695641,0.611470335638768,0.5582356462139152,0.5584611349033886,0.45571544134774644,0.5376236348482083,0.48464284708241445,0.5155979436381928,0.566513350199752,0.6268550717364852,0.5105710120342277,0.5144571383317591,0.5328346442699993,0.5921917200521086,0.5796503877922728,0.42321675665804664,0.6046722064442447
PEP,0.3599635782081132,0.46323044463469665,0.40480486366802115,0.47541528922527754,0.39046505291932243,0.3898917548214002,0.4511558360977646,0.42434137279564826,0.33244941492384233,0.537723299717867,0.4324378081363565,0.4627762565585328,0.4151982398209948,0.4236066601611532,0.48782137239512086,0.5604108409502504,0.45886944768716775,0.4969723429894088,0.4992387539785964,0.605963601465701,0.4685716900464557,0.5381392800371984,0.466829585935233,0.44528581506071574,0.0,0.5634384643191628,0.41166439969294144,0.6098880760267038,0.5130759023065381,0.5212747634423406,0.5730344503128467,0.49939390870333267,0.5546764718322462,0.4764721267602998,0.4950624499079367,0.48216991081889987,0.3659844020030281,0.4492065163020831,0.4989929480606969,0.6602501446402973,0.5165704268538984,0.4714805325616323,0.5258188062942964,0.4908793314299619,0.5728214320573606,0.39305237180895014,0.6058864268720061
BAC,0.6199669302694808,0.646361460913343,0.6723394513743066,0.6777486098758265,0.62030766716079,0.6186230277147714,0.543478601293079,0.5554701842519632,0.5664068908496367,0.24985396923450903,0.6085280948695503,0.47616410543391985,0.5620602928399131,0.6627698850491685,0.47633785357598524,0.6791664854959425,0.7046488061892997,0.6085812409644564,0.6696515580856748,0.4641920804109062,0.5937029564800662,0.5640471157486947,0.5611741857059263,0.5616737107853592,0.5634384643191628,0.0,0.4658173475772125,0.4667296041907766,0.6096042459343333,0.5712945708238585,0.6910882139154401,0.5678401854417195,0.4126892539795548,0.6397812261037005,0.5874152800725262,0.6164932740708037,0.6256785399088811,0.6113825182937744,0.646073402658083,0.5530497349241392,0.5109270258403822,0.5171774870766014,0.4736859555705003,0.6755277082792591,0.5623675265657168,0.5459247635697428,0.6662779439427492
KO,0.48410978895040063,0.5943219393424971,0.5473273537861867,0.5514544635556033,0.45716605130671495,0.45297687654545027,0.4367038354182174,0.4392335985142673,0.39382709206069155,0.4589625498746644,0.5098430223565078,0.5084412210222751,0.4230768162699709,0.5478684101575493,0.42305694350107687,0.6651951559609268,0.5748969365598545,0.531571628484157,0.6660040576241444,0.502743237392677,0.49242998597831983,0.536704441583844,0.4560443161057515,0.4923330127695705,0.41166439969294144,0.4658173475772125,0.0,0.5167309802751875,0.5982930047989206,0.5429714501960449,0.6383284308292676,0.5259087343867751,0.46998580180772964,0.5204210844504145,0.4586560627826942,0.5681774606616807,0.5358066182407402,0.508174364589575,0.5155739657261431,0.5805619279653461,0.5002554769017752,0.4200195577137378,0.4681196964775024,0.5493007868618557,0.5748481705846032,0.4606419340878113,0.6402702374945385
XOM,0.6617530287387546,0.6498009582428202,0.6916531230643966,0.6906435206244652,0.628491319350303,0.6256197689718401,0.5774950885853445,0.5776573476292926,0.6226777474090852,0.4547002708401542,0.6415273602444946,0.6194605743909853,0.5828424916674031,0.6652231242661124,0.5321537062424795,0.694700183918898,0.676502988988022,0.5829180142030255,0.693835751144413,0.40613202598514,0.5754155552685707,0.5916192093969644,0.552275566482815,0.5885093067950433,0.6098880760267038,0.4667296041907766,0.5167309802751875,0.0,0.666578941721245,0.6414188807645125,0.672090760995621,0.5778675399387799,0.2608613827146664,0.6587345540353992,0.5866781812548667,0.7019999726627301,0.6657811510367652,0.6455058410788814,0.6827316006146164,0.5671273829077513,0.5730384830881567,0.5503170648994191,0.5409728828633286,0.6678550039833272,0.5851264823414379,0.5553355418148691,0.6893261352779058
WMT,0.44627296277595746,0.5003900440111558,0.5210391155520402,0.6091877142597045,0.5355088305537758,0.539047492591375,0.6229994311192943,0.5093865111784935,0.5093278360865184,0.6148583007039812,0.5231107417796081,0.5327142196580603,0.531594259625846,0.44070737943520266,0.6044161924122863,0.578844594302759,0.5462601347440126,0.5991485829519032,0.5178196411953879,0.6983628371474927,0.6503324119252011,0.6263729364134684,0.615993622181178,0.5576769793611601,0.5130759023065381,0.6096042459343333,0.5982930047989206,0.666578941721245,0.0,0.5685742868887476,0.606629726282071,0.6735255820076984,0.6096448208718864,0.5700175631558829,0.6475956038556704,0.5742845072687423,0.4469999039092386,0.570895703480171,0.6053966273744706,0.6907303128605985,0.6434433708379974,0.546601689316532,0.5790847111507552,0.595973508302373,0.6699624739248418,0.4762384280198381,0.6276991074548498
ABT,0.47350025903674386,0.5882524464868117,0.5871549514564288,0.6587738447114615,0.5716564240572873,0.574373125837857,0.4330623640798646,0.5356620904528049,0.5215391790511179,0.5489172327207813,0.5582486318487526,0.4821158735247069,0.5155493719320786,0.5627970442705359,0.567177292253353,0.6545948247430886,0.6171987794219185,0.5597959725189396,0.6295615537111777,0.5840803247770124,0.5096641457005733,0.5932516182901862,0.4944478628546794,0.5963411399852409,0.5212747634423406,0.5712945708238585,0.5429714501960449,0.6414188807645125,0.5685742868887476,0.0,0.6138273223339933,0.48311749213053035,0.590569097700499,0.4849519825683389,0.6271412151066311,0.4976122903056655,0.5428371916513933,0.5405510090269531,0.510630682305209,0.5797315561456191,0.4984156438635661,0.5418341028822988,0.4445184926755894,0.4983741962720701,0.6276801689535894,0.5470638796523194,0.7012368819291178
CRM,0.4721793458572664,0.5408056068020893,0.47736102211340165,0.4320997450890717,0.5177664542841277,0.5119976028130585,0.6203054260130084,0.5387726820418923,0.6116158077346068,0.6906370703164953,0.5287301754286459,0.6503431899394135,0.539543549307243,0.5677078236894111,0.6541844885852903,0.39581984174860696,0.3289235372942085,0.6361771149405954,0.5357051743179211,0.6977225517710958,0.6774632550587552,0.6235859626334983,0.6522032438786864,0.5507161326695641,0.5730344503128467,0.6910882139154401,0.6383284308292676,0.672090760995621,0.606629726282071,0.6138273223339933,0.0,0.6654956120082873,0.7015310269756,0.5813329410724141,0.6171072396142975,0.5863854800158086,0.5789761077203479,0.5718542790856739,0.6577956574887593,0.6930790177135492,0.6663344220160722,0.5757828612969763,0.6017778300073167,0.5872261207603511,0.6657601677586003,0.5620064916784543,0.696705427537575
ABBV,0.5507411019652525,0.6371954559643946,0.6340025983970893,0.6763034082689459,0.5123358982973147,0.5200087394847784,0.4146599165109064,0.5621595399260322,0.524368152163921,0.5606698853712152,0.5283467936974643,0.48520250045018753,0.5665040491138158,0.5759013849389933,0.4815310414330805,0.6773103767522552,0.6362461534247179,0.5751878614317998,0.6690043863047856,0.5385379738135927,0.4216326513214958,0.5480256463062366,0.4615552710525087,0.611470335638768,0.49939390870333267,0.5678401854417195,0.5259087343867751,0.5778675399387799,0.6735255820076984,0.48311749213053035,0.6654956120082873,0.0,0.497816935165946,0.5019883076384961,0.6143933297046184,0.49865831198599087,0.5887560792637353,0.5391003799805373,0.5200874373330455,0.5502990738646557,0.462298162421096,0.50109836391617,0.5013843425530926,0.5302305032824559,0.5577712388516682,0.5407490605180092,0.7056276459017701
CVX,0.5912876179646785,0.5989793989910945,0.641729241782089,0.671660286062623,0.5647477357362342,0.5634140378807175,0.5306486190858097,0.5088732236848144,0.5493084247645736,0.40437591428541225,0.550591372485231,0.5437637002582877,0.5291446635175412,0.5946486275661905,0.47790844548954897,0.7042020233473268,0.6870888547124144,0.5402749163310748,0.6770670814124207,0.40774862875201273,0.5353507645131375,0.5613222121642838,0.49587312146393775,0.5582356462139152,0.5546764718322462,0.4126892539795548,0.46998580180772964,0.2608613827146664,0.6096448208718864,0.590569097700499,0.7015310269756,0.497816935165946,0.0,0.6058410776442906,0.5458223187281686,0.612142538631725,0.5985561572462582,0.5807256156479321,0.641248274908877,0.5600594969749645,0.5148735130585909,0.4636139978526337,0.4947043146284757,0.6274584400559023,0.5291274842053592,0.4903905454216156,0.6975168371774103
TMO,0.4360783754305348,0.497548255724238,0.4840161449985419,0.5615741812504055,0.44987398291143155,0.4509519460766455,0.4307662126040684,0.47400881595296385,0.42687603330098495,0.6363047816979946,0.434327410140701,0.48729046756212185,0.47340887396428644,0.43437602571656114,0.5828716683229848,0.5896779805353983,0.5032535991335226,0.5473214683889254,0.549796855162512,0.6094447683500769,0.5027500295648679,0.5520297108776099,0.49427975655268813,0.5584611349033886,0.4764721267602998,0.6397812261037005,0.5204210844504145,0.6587345540353992,0.5700175631558829,0.4849519825683389,0.5813329410724141,0.5019883076384961,0.6058410776442906,0.0,0.5274335011791681,0.48055709080795006,0.45741931006992803,0.487197715931645,0.5063325802914169,0.6423730197831632,0.5360809329223771,0.4265079762392592,0.5343720711197487,0.22728928994814368,0.6157213703744474,0.46652512285380304,0.6049262664884292
MCD,0.5300614297306638,0.5815158049033546,0.5616732158965069,0.5224309411605956,0.4941516382860699,0.48722059944782,0.4971405314462933,0.42761079538696484,0.481855393613684,0.5593654355149809,0.4354840498612964,0.49066925184154325,0.39568105788506813,0.5223884812372575,0.5297770616840836,0.6567986435475993,0.5601257023242727,0.5625598013562348,0.6108906995705843,0.5605166179911542,0.5215403661172863,0.5592244712975852,0.5273612042116097,0.45571544134774644,0.4950624499079367,0.5874152800725262,0.4586560627826942,0.5866781812548667,0.6475956038556704,0.6271412151066311,0.6171072396142975,0.6143933297046184,0.5458223187281686,0.5274335011791681,0.0,0.5658679795246939,0.5436180546437825,0.5158414888894834,0.5795690672631327,0.6477421170183413,0.5535157934540371,0.501884496956967,0.5191938556998443,0.5269042746330973,0.5407895050910503,0.5173344296528845,0.5766450775276578
AMGN,0.44208212953407855,0.5346030807762182,0.4994123027259449,0.5534375809018108,0.5166861744316072,0.5180076168670684,0.49485489487113754,0.48972178518950366,0.48434122137550256,0.627986485556465,0.5129164586402742,0.4873188023321325,0.5039482760809876,0.44905694581689115,0.5478199725595283,0.5728875561556512,0.5118224461211878,0.5504289862864974,0.5446504064328199,0.6717720408564566,0.5499825755002733,0.5651644364060208,0.4924367421580511,0.5376236348482083,0.48216991081889987,0.6164932740708037,0.5681774606616807,0.7019999726627301,0.5742845072687423,0.4976122903056655,0.5863854800158086,0.49865831198599087,0.612142538631725,0.48055709080795006,0.5658679795246939,0.0,0.49524485438470045,0.5297874005230754,0.5578381834484781,0.63800888502947,0.5401682891572502,0.4997182864800377,0.5248903659881807,0.47946501561058846,0.5975359137572404,0.47707319698127604,0.6489853391080699
COST,0.3463118264369685,0.4149712666846172,0.4090214689732074,0.4927151823756423,0.4550884762592119,0.45503664739195215,0.4922636001081573,0.4269157441453403,0.3885181444265513,0.6262220413673317,0.4393700555765414,0.5012197439549451,0.4503749791388181,0.36295723168189176,0.5657292955231307,0.5463068071501738,0.45667280829686024,0.5232556359631032,0.4555527283151008,0.6730889417207276,0.5268991460791661,0.5429560147524577,0.5138087062144275,0.48464284708241445,0.3659844020030281,0.6256785399088811,0.5358066182407402,0.6657811510367652,0.4469999039092386,0.5428371916513933,0.5789761077203479,0.5887560792637353,0.5985561572462582,0.45741931006992803,0.5436180546437825,0.49524485438470045,0.0,0.4526258865624543,0.4882903135937653,0.6457429123188027,0.5549785614198991,0.4694680967405766,0.5708022483506109,0.4861612365196253,0.6081083803477731,0.39497829840111776,0.5562012872060919
ACN,0.45301577805140125,0.5396390630179988,0.5175318800997111,0.5064830190316787,0.4401508630020971,0.4349001000738923,0.4959604035750728,0.4124295407600399,0.4401527889996981,0.581823036327649,0.42475231562888305,0.519998770154747,0.44296931346646196,0.49069173916520614,0.5724232362366513,0.6184055315754098,0.47592879299714586,0.5847141633861055,0.513401796046896,0.6572654522729036,0.5249823811294818,0.5426801008307582,0.5476633288534897,0.5155979436381928,0.4492065163020831,0.6113825182937744,0.508174364589575,0.6455058410788814,0.570895703480171,0.5405510090269531,0.5718542790856739,0.5391003799805373,0.5807256156479321,0.487197715931645,0.5158414888894834,0.5297874005230754,0.4526258865624543,0.0,0.5743259381159124,0.6288985570874899,0.5237658362819911,0.4625805666014949,0.5017656183028087,0.5241157016114505,0.6495871832726264,0.47651547942504685,0.5940899435397389
NEE,0.4887979979947493,0.5678856975211508,0.5193063763322098,0.5685256306267844,0.5101608913435216,0.5165641584743864,0.4839757464603947,0.5323754757901829,0.4680516219298853,0.6486559194122026,0.49240010432156395,0.526424194192116,0.5438477297084188,0.4882651729507253,0.4958228856942361,0.589118383636861,0.552280516021816,0.5910953393074182,0.5978045190359615,0.6062323729466753,0.5123213330160941,0.5790701920862961,0.566787124802134,0.566513350199752,0.4989929480606969,0.646073402658083,0.5155739657261431,0.6827316006146164,0.6053966273744706,0.510630682305209,0.6577956574887593,0.5200874373330455,0.641248274908877,0.5063325802914169,0.5795690672631327,0.5578381834484781,0.4882903135937653,0.5743259381159124,0.0,0.6000894903090401,0.573687824470496,0.5233471697713059,0.5111488436901427,0.49261181488960326,0.6025055140345394,0.48410078069100737,0.6482182673323831
LLY,0.6398897552343495,0.6624253719970193,0.6543036252591836,0.689475490717386,0.6742147768257949,0.6677991874314285,0.4848746345621466,0.5969684203515712,0.598960971089612,0.5997193834375014,0.5994409248881569,0.5596566005056965,0.6322090280257504,0.6566032599822402,0.5196522635252838,0.6619247608000614,0.6757600020082012,0.6451862652291559,0.7041285282870248,0.5961432399674299,0.5595009443219807,0.5922003606881973,0.4941449134440869,0.6268550717364852,0.6602501446402973,0.5530497349241392,0.5805619279653461,0.5671273829077513,0.6907303128605985,0.5797315561456191,0.6930790177135492,0.5502990738646557,0.5600594969749645,0.6423730197831632,0.6477421170183413,0.63800888502947,0.6457429123188027,0.6288985570874899,0.6000894903090401,0.0,0.5236203725324988,0.5518379351597688,0.4707242057423359,0.6567621354831635,0.563470410890245,0.615373190982988,0.6582253911340177
BMY,0.538367220706537,0.5921071910545784,0.5913694568660346,0.6179957112654493,0.5551506499960314,0.5517096223820227,0.48032539391716766,0.4699152367075381,0.5293115569216272,0.4795218609137597,0.49296418520733626,0.4657602338226476,0.4910861831472343,0.5810757962500318,0.5491325750892384,0.6653111903390366,0.5993129284917209,0.5333884692355786,0.6841028837589876,0.5733891874545435,0.49355959298281665,0.5131959531944774,0.48031456679059126,0.5105710120342277,0.5165704268538984,0.5109270258403822,0.5002554769017752,0.5730384830881567,0.6434433708379974,0.4984156438635661,0.6663344220160722,0.462298162421096,0.5148735130585909,0.5360809329223771,0.5535157934540371,0.5401682891572502,0.5549785614198991,0.5237658362819911,0.573687824470496,0.5236203725324988,0.0,0.47709943559674,0.46396451840458763,0.5624217833230845,0.547024398149679,0.5001242966404296,0.5897588847825639
LIN,0.4599589090091822,0.5371217711205535,0.5426738428806351,0.559777576570848,0.4499387017375003,0.447028041545741,0.4312323044925727,0.36294423599635417,0.422802432878593,0.4924263211787751,0.40364900941517895,0.47511859941682605,0.40042019830557807,0.4784615263332852,0.4895869780374723,0.609896033604933,0.5130432791734943,0.5787302617886713,0.596793307117188,0.5555414769456382,0.4897274646403656,0.5443496228001121,0.41301286492093503,0.5144571383317591,0.4714805325616323,0.5171774870766014,0.4200195577137378,0.5503170648994191,0.546601689316532,0.5418341028822988,0.5757828612969763,0.50109836391617,0.4636139978526337,0.4265079762392592,0.501884496956967,0.4997182864800377,0.4694680967405766,0.4625805666014949,0.5233471697713059,0.5518379351597688,0.47709943559674,0.0,0.42695440382115,0.4633127295873226,0.5369117888262521,0.39984743900171776,0.5785861148985199
MDT,0.5148822019343445,0.62217118065844,0.6109505100353954,0.5972435499965831,0.5466827911109887,0.541430268098608,0.3950796624286198,0.46426561229321084,0.48857041941548435,0.4587522707579748,0.48192958507709555,0.4367592576866773,0.44757376359824114,0.5619555886527919,0.5087408223372968,0.68614097678434,0.597643444524552,0.5512599359513737,0.6322110672061395,0.5122431635520671,0.4727455943974421,0.5114578049056685,0.44256652462367657,0.5328346442699993,0.5258188062942964,0.4736859555705003,0.4681196964775024,0.5409728828633286,0.5790847111507552,0.4445184926755894,0.6017778300073167,0.5013843425530926,0.4947043146284757,0.5343720711197487,0.5191938556998443,0.5248903659881807,0.5708022483506109,0.5017656183028087,0.5111488436901427,0.4707242057423359,0.46396451840458763,0.42695440382115,0.0,0.5384323126756414,0.5321225804800181,0.5057381111174052,0.6355706438505885
DHR,0.44886751362918814,0.4925904242356134,0.4762846231324746,0.5637916522564733,0.4815698615755437,0.4844059558049013,0.44415753065251884,0.5072987106573915,0.4464996401156847,0.6714163246952601,0.4648675796251,0.4969217305297759,0.48646325226222265,0.4377766582132464,0.6004923850290802,0.5775103133730225,0.4943585936266037,0.5810254402148272,0.5415866744087455,0.619795518431903,0.5085641199017675,0.5922744566219033,0.5408548200764687,0.5921917200521086,0.4908793314299619,0.6755277082792591,0.5493007868618557,0.6678550039833272,0.595973508302373,0.4983741962720701,0.5872261207603511,0.5302305032824559,0.6274584400559023,0.22728928994814368,0.5269042746330973,0.47946501561058846,0.4861612365196253,0.5241157016114505,0.49261181488960326,0.6567621354831635,0.5624217833230845,0.4633127295873226,0.5384323126756414,0.0,0.6284274894225514,0.47007223271449833,0.6029919300049449
PM,0.5997714815044498,0.6508715991920416,0.6312259606266231,0.6889328716274997,0.6101953837060188,0.6101204248818636,0.5461236096231261,0.5653898175312869,0.5716842895096182,0.5510760576280012,0.5629311284480496,0.5709861309507241,0.5592330883732674,0.6227314057780733,0.5562065611620465,0.6693496419052658,0.6312300188810654,0.5578262335450629,0.666563322229766,0.5409325372752551,0.5614210813358942,0.5533902775851005,0.5574562556643813,0.5796503877922728,0.5728214320573606,0.5623675265657168,0.5748481705846032,0.5851264823414379,0.6699624739248418,0.6276801689535894,0.6657601677586003,0.5577712388516682,0.5291274842053592,0.6157213703744474,0.5407895050910503,0.5975359137572404,0.6081083803477731,0.6495871832726264,0.6025055140345394,0.563470410890245,0.547024398149679,0.5369117888262521,0.5321225804800181,0.6284274894225514,0.0,0.5654789393508027,0.6326450336715417
