,MSFT,AAPL,AMZN,FB,GOOGL,GOOG,JNJ,V,PG,JPM,HD,UNH,MA,NVDA,VZ,NFLX,ADBE,INTC,PYPL,T,PFE,CSCO,MRK,CMCSA,PEP,BAC,KO,XOM,WMT,ABT,CRM,ABBV,CVX,TMO,MCD,AMGN,COST,ACN,NEE,LLY,BMY,LIN,MDT,DHR,PM,TXN,NKE
MSFT,0.0,0.3176848491195971,0.26479425829964576,0.333987050472037,0.3015128008707334,0.3013278915149407,0.5327040746383003,0.46384560478246106,0.4184220031492522,0.6553473883233489,0.39619337378539443,0.47784273125782806,0.45518411247821416,0.2725021844745185,0.600865246926443,0.48867809048563376,0.24911574196424105,0.5141315425771138,0.4008492195324249,0.6840804452229422,0.6081356139877817,0.5005706044319223,0.5091265096858927,0.48499874719046965,0.41090419124754335,0.6649561160904156,0.5864490507182006,0.6827171547499068,0.44309637290271003,0.47608779272890195,0.3223345940463077,0.5697962360764225,0.6529271815743076,0.42853500927485394,0.5320242330903452,0.4763756013817846,0.3743908292334703,0.453717922488256,0.5374727183178083,0.6109697556303251,0.5162327150113744,0.48748499166753256,0.6261372591475745,0.4325488909094689,0.6484406736305351,0.2563570280284526,0.5940794707119573
AAPL,0.3176848491195971,0.0,0.30022172069884895,0.39440132442558057,0.4491305896704611,0.4483145849058088,0.5722106910463504,0.5222829730368321,0.4873038338647418,0.6731445699173724,0.47136623093920543,0.5728534979401694,0.5390847431204133,0.32023124471176945,0.6331440107370029,0.44882420517741356,0.3491686699182448,0.5535285194165687,0.4525592405657041,0.7046708004033169,0.6580353427676879,0.5428909618057202,0.6100274892848879,0.511560870197157,0.4483389627249972,0.6715265955724231,0.6271025686220323,0.6871787378024058,0.44935781244123724,0.52847980727076,0.40626291538759124,0.6272008112840209,0.6654729881043336,0.5067115861727559,0.5983394248221146,0.5032989577907987,0.42932000790928554,0.5377621762773472,0.5694794932143983,0.6293765634476969,0.5873384640787791,0.5329263138438292,0.6469189049444435,0.49727125640991315,0.6606816612155036,0.37625918405948117,0.6273524390289249
AMZN,0.26479425829964576,0.30022172069884895,0.0,0.31347991785502866,0.4155324097625731,0.4110142361596133,0.6163635341778253,0.5447486741657883,0.47235190237901525,0.6785704671098017,0.44503996098694243,0.5413989803087956,0.5458840911717728,0.32623281556078987,0.6610511293822051,0.41706178400388116,0.26478427331641763,0.5696738353463411,0.36983027527100837,0.6694193966774329,0.6747688099996374,0.5808674001810307,0.5689369337677928,0.5339384194306146,0.4595004267674853,0.6817043724821423,0.6627103279686621,0.6739143751765113,0.49634357629693576,0.5310815709266774,0.3832765321763303,0.62897274383656,0.6956728159393165,0.43796294692964177,0.571135842251288,0.5204301638498409,0.3854488903898944,0.5342486293068845,0.5657479095778671,0.6143723589563753,0.560158731177105,0.5909779296399172,0.6980783034153673,0.4560893029390224,0.6957017589199899,0.3475579334739693,0.6033702113285916
FB,0.333987050472037,0.39440132442558057,0.31347991785502866,0.0,0.3517588444698311,0.3448666616421043,0.6013571877776102,0.5266493527983069,0.4871779381225651,0.6971574373131986,0.4531988239612545,0.5026465357115627,0.5418948725543666,0.3838483035581609,0.6453660787719833,0.5111733389985427,0.34337936928347673,0.6026807708978714,0.3832600018038755,0.6990899862331433,0.6621078399497433,0.5778803396119601,0.5372503152166023,0.4975602341428275,0.481589147218949,0.6857291552525813,0.638816207561466,0.7030513478962104,0.5301180617616534,0.5690218477862562,0.43176089976839976,0.6246366411962072,0.6978286131668842,0.49261338224211626,0.5562289706144937,0.5438867293581354,0.4298977306327522,0.5119825582586963,0.5978417744497859,0.5901690904238053,0.5427781659210578,0.5783506856941737,0.6888317971609496,0.5239130836314771,0.7015145558936172,0.406329731418808,0.5739813393099743
GOOGL,0.3015128008707334,0.4491305896704611,0.4155324097625731,0.3517588444698311,0.0,0.03594247866326821,0.5060813608499807,0.43087251659491205,0.48869251064607827,0.6241225000095779,0.47164725413254205,0.45883223569235543,0.44036648459844624,0.430632461758747,0.5494393949792382,0.5940176074394419,0.38943989544760665,0.5388409765539438,0.49927816697358957,0.6248803649184819,0.5549934977991122,0.4895785080959767,0.48492291771645535,0.4613346899811239,0.42501436920722163,0.6410717084071561,0.522133111580916,0.6338774491888313,0.5119874517581788,0.5395272530047898,0.4329925813638733,0.47780297822434126,0.6018506856019413,0.49246067453799464,0.5558805863047093,0.49049672305138664,0.4952173647457693,0.4563527148185949,0.5740107036013944,0.5927790010146914,0.4829851315516999,0.4794412264219257,0.5838112491726352,0.5126333651048323,0.6384487025757156,0.3613133162811156,0.6134015738019148
GOOG,0.3013278915149407,0.4483145849058088,0.4110142361596133,0.3448666616421043,0.03594247866326821,0.0,0.5010433635098359,0.42209562316376403,0.48360501143029183,0.6217848401264626,0.4695146551746419,0.45589738665741664,0.43669480210072537,0.42659970943740894,0.544563843677899,0.5982917842645237,0.38972355797424263,0.5382034391951188,0.4967216982981826,0.6227281226204011,0.5553516813644007,0.4879974706356331,0.4765916652735073,0.45505429460406543,0.4190806502883442,0.6396828882320106,0.5168660125613471,0.6310769891468558,0.5106214793670093,0.5382814215782479,0.4372950935409748,0.483985214825627,0.5996522044484158,0.4895932935706275,0.5476195751274694,0.4896739547021217,0.4910496550330367,0.45043921842346135,0.5738344365565153,0.5907785383536783,0.47919944294308703,0.47838299837582865,0.5818134569282534,0.5119987979575452,0.6363250488930503,0.3574952148646064,0.6094388778245357
JNJ,0.5327040746383003,0.5722106910463504,0.6163635341778253,0.6013571877776102,0.5060813608499807,0.5010433635098359,0.0,0.4274862700790466,0.5250250539344672,0.5080140142200414,0.5568145479428094,0.4819353523572612,0.44845789929725427,0.6007232770758109,0.4408580029077038,0.7012566236962129,0.6257853559757283,0.5796648523089287,0.6777741495982894,0.5311369648155909,0.4725647907543848,0.4548963446438646,0.4471774864943148,0.49192342961414065,0.46007439380816695,0.5207212160674053,0.38961934023208444,0.5477685066896557,0.6285197957068085,0.47040778480776063,0.6014812616620813,0.46323628953911633,0.509641664726323,0.594340516079931,0.5758216439919328,0.4738539651341992,0.6138415643619115,0.5008136793473076,0.5274005660118903,0.5630385820745217,0.47800152547211944,0.43679933757008593,0.4007687342674014,0.5721086149059251,0.5370302321506953,0.5245044929011877,0.5964188164093822
V,0.46384560478246106,0.5222829730368321,0.5447486741657883,0.5266493527983069,0.43087251659491205,0.42209562316376403,0.4274862700790466,0.0,0.6035455480421331,0.4128567730114141,0.559569559729343,0.4806285473769541,0.19855304336224228,0.5423923059542536,0.4361198768858148,0.6747197079865968,0.5242774000701976,0.5310960847067774,0.605355676166571,0.526257975952852,0.4422382621452935,0.43205454885519573,0.4931242844595951,0.37544085396535304,0.4749621416245213,0.4443791339899414,0.37700604781238095,0.4632808800758465,0.5562550398676687,0.6138264459513524,0.4958208996939817,0.5230201572179763,0.4266144160521709,0.6579765299457733,0.5428684212276563,0.4687864225380413,0.6185143946229076,0.4256938328775825,0.5803597414455001,0.5934948601114931,0.48925876403960356,0.3825864993441081,0.3833766096667348,0.6477398668335776,0.5699551471046639,0.4482564074837232,0.5757465120053074
PG,0.4184220031492522,0.4873038338647418,0.47235190237901525,0.4871779381225651,0.48869251064607827,0.48360501143029183,0.5250250539344672,0.6035455480421331,0.0,0.6872298077604656,0.36962534048801143,0.56540428606407,0.6273004506936984,0.4563643348257322,0.5537417127362916,0.5430215772085236,0.46024147593322845,0.604946791884331,0.5157764767587466,0.6747400784055777,0.6717756164921581,0.5047798218369295,0.5294805110113209,0.6172478142733429,0.40074937752951795,0.6840385742158779,0.5877119188890239,0.6595763611800268,0.47359683188167434,0.4319340638010663,0.5510331698952802,0.6184473927144231,0.6979178087486126,0.4092574617627285,0.49835322746124205,0.5343709998452562,0.34381705133182655,0.5149293269269484,0.4976655448671353,0.6652959265723977,0.5936022463560814,0.520655023256222,0.6833252312164285,0.4490412051071154,0.6289741375982367,0.4842291358505888,0.614043282106992
JPM,0.6553473883233489,0.6731445699173724,0.6785704671098017,0.6971574373131986,0.6241225000095779,0.6217848401264626,0.5080140142200414,0.4128567730114141,0.6872298077604656,0.0,0.6934153737959401,0.6266901467165347,0.410766929774495,0.6880873594587459,0.44494104451742894,0.620163244394511,0.6692134750027195,0.6082464278474381,0.6225422993146692,0.41694059617621526,0.5053591167608158,0.5043484365387054,0.6317203489476515,0.4623132456298808,0.5877918225483194,0.17205960183448815,0.3646263158871716,0.3411499878477928,0.6726584976272413,0.7021113574628262,0.6584703856333743,0.6046757118206884,0.32098035104316414,0.6019369276875878,0.6114008700208408,0.6305395183607071,0.6557170707080424,0.5501588807068905,0.643626754326121,0.7042815045033954,0.6111359086899608,0.4713104645118778,0.3342093119590673,0.6211558799114061,0.5521738663248732,0.6140855276790548,0.6619884440473928
HD,0.39619337378539443,0.47136623093920543,0.44503996098694243,0.4531988239612545,0.47164725413254205,0.4695146551746419,0.5568145479428094,0.559569559729343,0.36962534048801143,0.6934153737959401,0.0,0.48862968341395346,0.5978247094535903,0.41977283270266413,0.6084257120734374,0.469966299058517,0.4330879482796171,0.5572121926181426,0.45754898156402146,0.6792620298211378,0.6806839887707332,0.502336037057581,0.5457497273993507,0.5919841461084143,0.4444260598923523,0.6839903415654405,0.6217512745554047,0.6910985609544594,0.47350357965225676,0.43533375630263044,0.4998450836722831,0.5785476943670953,0.6753313143510196,0.42831967252649306,0.4431415504065702,0.5121568264260479,0.37234638552754556,0.46917049909331915,0.5254481576240788,0.5962132809718841,0.5253744092494737,0.48892884377135304,0.6602925288655042,0.4794283526597237,0.5995041190247682,0.4412356283134705,0.5985954178184093
UNH,0.47784273125782806,0.5728534979401694,0.5413989803087956,0.5026465357115627,0.45883223569235543,0.45589738665741664,0.4819353523572612,0.4806285473769541,0.56540428606407,0.6266901467165347,0.48862968341395346,0.0,0.49607716187470063,0.5333012757714631,0.5784113346231234,0.6349958491302098,0.49808990152842847,0.5935461272140782,0.5645974775207863,0.6406275476728257,0.5207740997334014,0.5683320161899275,0.4039548117366203,0.5545488624900926,0.5096904933629653,0.637798637023885,0.5781918995720482,0.6459025229461112,0.6216878904467233,0.5070361109872149,0.5169293869652423,0.41955400971818313,0.6112620558680762,0.546953799267683,0.6005888059575327,0.44347733960724894,0.5820230627008544,0.5622102455293193,0.6677233495452628,0.42404576228073754,0.3760291643846414,0.5393519835479426,0.5641714572035448,0.5635862963727117,0.6018958706727905,0.5140067527483775,0.6056620457131027
MA,0.45518411247821416,0.5390847431204133,0.5458840911717728,0.5418948725543666,0.44036648459844624,0.43669480210072537,0.44845789929725427,0.19855304336224228,0.6273004506936984,0.410766929774495,0.5978247094535903,0.49607716187470063,0.0,0.5513792589509731,0.49829072473517627,0.7017708861055675,0.5328146508579019,0.520379886848135,0.6094805992853215,0.5255595678418518,0.4222950763817302,0.4553600423949276,0.5184254735937535,0.35655303317876125,0.5110011765768208,0.44629191308256244,0.4117467845893342,0.4676164482670041,0.6045454696280925,0.6419890406326709,0.45433490170721696,0.5408456404478468,0.4524859932873092,0.6685545764083399,0.5435690257917346,0.5178684087642301,0.6281579889642888,0.4613719477222132,0.6111317412813471,0.6234437115245139,0.516498752014451,0.43002522351476535,0.38052793882573555,0.6360784571273639,0.591841792354811,0.4712551642142572,0.5759464234924867
NVDA,0.2725021844745185,0.32023124471176945,0.32623281556078987,0.3838483035581609,0.430632461758747,0.42659970943740894,0.6007232770758109,0.5423923059542536,0.4563643348257322,0.6880873594587459,0.41977283270266413,0.5333012757714631,0.5513792589509731,0.0,0.6554040417473883,0.482901869528093,0.27680401691484224,0.5663300370892362,0.4051200535771081,0.6665674513553795,0.6683764519942463,0.5710940913781124,0.5804280580181301,0.590592464518225,0.48903032772756244,0.6741108582694103,0.6775007466077363,0.6649054868914506,0.461462617952926,0.5042834065030278,0.3851272560816542,0.6466129007010597,0.6849281441270478,0.40777272556119054,0.5390168384759454,0.5034726451493142,0.3790144172769782,0.5176727493843013,0.5436507248499757,0.6564202206529772,0.5940728154919036,0.56307150687348,0.7006626468348083,0.4070451432491791,0.6994543298727846,0.3308567197794568,0.5994559601206262
VZ,0.600865246926443,0.6331440107370029,0.6610511293822051,0.6453660787719833,0.5494393949792382,0.544563843677899,0.4408580029077038,0.4361198768858148,0.5537417127362916,0.44494104451742894,0.6084257120734374,0.5784113346231234,0.49829072473517627,0.6554040417473883,0.0,0.6713825507452716,0.6718766923084398,0.6346309256072183,0.699604416961764,0.4205643144344244,0.5219591467464987,0.4921349390435866,0.5296427605573442,0.49029983372977154,0.49037189360160727,0.43595448581663293,0.34850619402547467,0.495895654494014,0.6037295611963412,0.58419268838976,0.652143976175273,0.5212550549044365,0.4584637947513773,0.7032138512729234,0.5845151709082747,0.5181114184541703,0.6589807016148505,0.5593889141347852,0.5063586579966673,0.6453546190263328,0.6103134483254087,0.41905840289283003,0.44692005467954593,0.7047469652316958,0.5416327600728662,0.5558609953910619,0.6881078144677119
NFLX,0.48867809048563376,0.44882420517741356,0.41706178400388116,0.5111733389985427,0.5940176074394419,0.5982917842645237,0.7012566236962129,0.6747197079865968,0.5430215772085236,0.620163244394511,0.469966299058517,0.6349958491302098,0.7017708861055675,0.482901869528093,0.6713825507452716,0.0,0.45408554907838666,0.6225922896299415,0.5060072005171355,0.6746128676895297,0.6519736378713719,0.6551336844766458,0.6747869689321776,0.6493762572093255,0.5606595772313738,0.6341573037578736,0.6701026178360241,0.6384456011323838,0.47815759192945195,0.5600873782267652,0.5137219603458939,0.6838358159806033,0.6488340063811211,0.5454610220104611,0.6454544686516017,0.5790653351841105,0.4477924242339638,0.6411745203164335,0.5647619563741809,0.6469886842514516,0.6478810010893589,0.630077401520942,0.6397903167527805,0.5542320717392188,0.6869535996244256,0.4790975573723726,0.6594460526608771
ADBE,0.24911574196424105,0.3491686699182448,0.26478427331641763,0.34337936928347673,0.38943989544760665,0.38972355797424263,0.6257853559757283,0.5242774000701976,0.46024147593322845,0.6692134750027195,0.4330879482796171,0.49808990152842847,0.5328146508579019,0.27680401691484224,0.6718766923084398,0.45408554907838666,0.0,0.5603924363331522,0.35664632861411794,0.6456764965200611,0.6250836070581799,0.5595330447187347,0.5450111109630609,0.5594439234194247,0.4858111194374386,0.6694041491582017,0.6740296374238326,0.6502656506836287,0.4710549976220377,0.5253208771178992,0.3250288664850747,0.6044380402572742,0.6742105079006413,0.41971952600068624,0.5896127014577225,0.5076414725980467,0.3921149134983415,0.4875386908041822,0.5737208379758967,0.5914897480957642,0.5365699263462486,0.5638601582177735,0.6907164893889902,0.4277933910514314,0.6956558111241063,0.3434578869965068,0.5868657361775725
INTC,0.5141315425771138,0.5535285194165687,0.5696738353463411,0.6026807708978714,0.5388409765539438,0.5382034391951188,0.5796648523089287,0.5310960847067774,0.604946791884331,0.6082464278474381,0.5572121926181426,0.5935461272140782,0.520379886848135,0.5663300370892362,0.6346309256072183,0.6225922896299415,0.5603924363331522,0.0,0.5859959437634473,0.5603040439505894,0.6303148565367703,0.4878503034118232,0.5828597585860577,0.5304615312517337,0.49495034034579977,0.6046458031457437,0.5527745061956816,0.575545080394418,0.5946893175017077,0.5353093306216743,0.5614963468973716,0.5696715461867906,0.556703079309884,0.5980749938445592,0.5313604405456328,0.5439221304583054,0.5657323554736393,0.5494304968794183,0.5991866566694121,0.6308433392353119,0.518063238547974,0.5670469675060462,0.5735145864862818,0.6110224939507695,0.560813543216583,0.5134854328921377,0.648265753937466
PYPL,0.4008492195324249,0.4525592405657041,0.36983027527100837,0.3832600018038755,0.49927816697358957,0.4967216982981826,0.6777741495982894,0.605355676166571,0.5157764767587466,0.6225422993146692,0.45754898156402146,0.5645974775207863,0.6094805992853215,0.4051200535771081,0.699604416961764,0.5060072005171355,0.35664632861411794,0.5859959437634473,0.0,0.6452299812812262,0.6824942642166401,0.6283316862494579,0.6087544837485563,0.6320738419953922,0.5370358068448589,0.6220926498813609,0.6621639149145985,0.6706597605201059,0.5134182412778051,0.5941228040005436,0.4616359096524268,0.6433971890303133,0.6886706583619067,0.49523386578317186,0.5732808476978802,0.5774892138540795,0.40945668876195196,0.5414169954609628,0.6360241786784953,0.6382934957930397,0.6401537037274442,0.6329348140662542,0.65544243055799,0.5327252295370114,0.6919489002732406,0.5070824262509172,0.6189494947188853
T,0.6840804452229422,0.7046708004033169,0.6694193966774329,0.6990899862331433,0.6248803649184819,0.6227281226204011,0.5311369648155909,0.526257975952852,0.6747400784055777,0.41694059617621526,0.6792620298211378,0.6406275476728257,0.5255595678418518,0.6665674513553795,0.4205643144344244,0.6746128676895297,0.6456764965200611,0.5603040439505894,0.6452299812812262,0.0,0.5705069939222953,0.5089203773551797,0.5989325815052496,0.5152314269826623,0.5990526095841613,0.41503732488308864,0.4507402209101904,0.3892720999520487,0.7022763447107314,0.6130029496243853,0.7046043966097829,0.5628254539556857,0.3930865996791011,0.6882641654909734,0.5856187543143551,0.643188151967837,0.690593304402743,0.6218241772435904,0.5940145356525853,0.6736624579474041,0.6136755944139662,0.5153098631854506,0.4473943307123831,0.695099842435181,0.5214239922318209,0.6409154146687932,0.7069736263901026
PFE,0.6081356139877817,0.6580353427676879,0.6747688099996374,0.6621078399497433,0.5549934977991122,0.5553516813644007,0.4725647907543848,0.4422382621452935,0.6717756164921581,0.5053591167608158,0.6806839887707332,0.5207740997334014,0.4222950763817302,0.6683764519942463,0.5219591467464987,0.6519736378713719,0.6250836070581799,0.6303148565367703,0.6824942642166401,0.5705069939222953,0.0,0.5454483658484388,0.4530087618291286,0.5201684951445753,0.5740754355494596,0.5211327250637426,0.4746684788382511,0.5419031198163659,0.6840470476863768,0.6370781963340867,0.6089806904394472,0.45322519053118115,0.5470415947376491,0.6985073217675939,0.6588584323312382,0.5404807059369069,0.6900954638645969,0.5655953343868226,0.647306798003018,0.5602960971662374,0.518139815298307,0.532356856765518,0.4056064449626777,0.6508978773725339,0.6249627107763168,0.6036406138435318,0.6354756692318267
CSCO,0.5005706044319223,0.5428909618057202,0.5808674001810307,0.5778803396119601,0.4895785080959767,0.4879974706356331,0.4548963446438646,0.43205454885519573,0.5047798218369295,0.5043484365387054,0.502336037057581,0.5683320161899275,0.4553600423949276,0.5710940913781124,0.4921349390435866,0.6551336844766458,0.5595330447187347,0.4878503034118232,0.6283316862494579,0.5089203773551797,0.5454483658484388,0.0,0.5575040181733202,0.439785242886067,0.46523890358799375,0.5104479856819755,0.46669638938333075,0.5169278652391137,0.5427059185166243,0.5490734766447537,0.5628525056731365,0.5479395242684564,0.4615188651286787,0.6253267462191752,0.48898350745134933,0.5195091436739654,0.5760365517053174,0.41602709228822554,0.54053144837216,0.6372481223190485,0.5058962260277329,0.4606354292955788,0.45831601868541566,0.6361443992117872,0.5063862932779609,0.4702174974669383,0.6292266737672276
MRK,0.5091265096858927,0.6100274892848879,0.5689369337677928,0.5372503152166023,0.48492291771645535,0.4765916652735073,0.4471774864943148,0.4931242844595951,0.5294805110113209,0.6317203489476515,0.5457497273993507,0.4039548117366203,0.5184254735937535,0.5804280580181301,0.5296427605573442,0.6747869689321776,0.5450111109630609,0.5828597585860577,0.6087544837485563,0.5989325815052496,0.4530087618291286,0.5575040181733202,0.0,0.5345194892077146,0.4975263938469403,0.6394161894977708,0.5031684654961154,0.5895830394775373,0.6595917667746105,0.49499256965533006,0.5693495988017836,0.41220546503247085,0.5812333152764828,0.5388239554050335,0.5903195036502179,0.46608795996065,0.5616439546822477,0.5597589768064265,0.6587765090088474,0.41217716000723253,0.4066996052636205,0.4936639651894037,0.5490573985801348,0.5612470270179539,0.5889898796789068,0.5252155029057552,0.5930391703795772
CMCSA,0.48499874719046965,0.511560870197157,0.5339384194306146,0.4975602341428275,0.4613346899811239,0.45505429460406543,0.49192342961414065,0.37544085396535304,0.6172478142733429,0.4623132456298808,0.5919841461084143,0.5545488624900926,0.35655303317876125,0.590592464518225,0.49029983372977154,0.6493762572093255,0.5594439234194247,0.5304615312517337,0.6320738419953922,0.5152314269826623,0.5201684951445753,0.439785242886067,0.5345194892077146,0.0,0.4828163512116454,0.46853041339663926,0.4369562571461254,0.472268466533378,0.5921744225226472,0.6557182412872352,0.5174054930310141,0.5550526635397021,0.4586912317223348,0.6907420784293917,0.5505600822784432,0.5163773103207804,0.6214215272923983,0.5010021260780315,0.6137899091884472,0.6139392563295906,0.5027685855051006,0.4979157252021451,0.44097609846787705,0.6916809688208148,0.5513458648860727,0.48975716241707945,0.6078076152070269
PEP,0.41090419124754335,0.4483389627249972,0.4595004267674853,0.481589147218949,0.42501436920722163,0.4190806502883442,0.46007439380816695,0.4749621416245213,0.40074937752951795,0.5877918225483194,0.4444260598923523,0.5096904933629653,0.5110011765768208,0.48903032772756244,0.49037189360160727,0.5606595772313738,0.4858111194374386,0.49495034034579977,0.5370358068448589,0.5990526095841613,0.5740754355494596,0.46523890358799375,0.4975263938469403,0.4828163512116454,0.0,0.6047754670969746,0.4689045843831179,0.6204224118888423,0.4950074907054337,0.4796687820822862,0.5343464293970732,0.5211703691587595,0.5765542891345318,0.552018668516479,0.5099631875200056,0.46122452157288857,0.4266211029473651,0.4598196056673098,0.5225241817758353,0.6562117964154968,0.5116288923213677,0.5104124384615863,0.5954052368546366,0.5645358241757317,0.5520340549439866,0.4463190846635826,0.6084090962039791
BAC,0.6649561160904156,0.6715265955724231,0.6817043724821423,0.6857291552525813,0.6410717084071561,0.6396828882320106,0.5207212160674053,0.4443791339899414,0.6840385742158779,0.17205960183448815,0.6839903415654405,0.637798637023885,0.44629191308256244,0.6741108582694103,0.43595448581663293,0.6341573037578736,0.6694041491582017,0.6046458031457437,0.6220926498813609,0.41503732488308864,0.5211327250637426,0.5104479856819755,0.6394161894977708,0.46853041339663926,0.6047754670969746,0.0,0.3805491224909435,0.35826725674563353,0.6717869731898247,0.7004555346449041,0.6689234208419439,0.612385687485389,0.35071230680156457,0.6092795351649154,0.6307456466905383,0.6346084683016016,0.6515002213181658,0.5721047105226826,0.6376478174054488,0.6921198138897042,0.62437864237954,0.49247425067146405,0.35835287255590453,0.6191797123633748,0.5672443550576677,0.6260448810266935,0.684954677289077
KO,0.5864490507182006,0.6271025686220323,0.6627103279686621,0.638816207561466,0.522133111580916,0.5168660125613471,0.38961934023208444,0.37700604781238095,0.5877119188890239,0.3646263158871716,0.6217512745554047,0.5781918995720482,0.4117467845893342,0.6775007466077363,0.34850619402547467,0.6701026178360241,0.6740296374238326,0.5527745061956816,0.6621639149145985,0.4507402209101904,0.4746684788382511,0.46669638938333075,0.5031684654961154,0.4369562571461254,0.4689045843831179,0.3805491224909435,0.0,0.43680120486036805,0.6422363856910794,0.5997165042654334,0.6240468803870616,0.5239933803624118,0.3914176507840809,0.7060812521450532,0.5731583488911046,0.5442627542010319,0.6862526316488545,0.5097286469097462,0.5513772551231062,0.6284142514956076,0.5289279400349074,0.42923172208898763,0.3705420195273422,0.7021817479158322,0.5421899967382241,0.5680623144795448,0.6583160717917952
XOM,0.6827171547499068,0.6871787378024058,0.6739143751765113,0.7030513478962104,0.6338774491888313,0.6310769891468558,0.5477685066896557,0.4632808800758465,0.6595763611800268,0.3411499878477928,0.6910985609544594,0.6459025229461112,0.4676164482670041,0.6649054868914506,0.495895654494014,0.6384456011323838,0.6502656506836287,0.575545080394418,0.6706597605201059,0.3892720999520487,0.5419031198163659,0.5169278652391137,0.5895830394775373,0.472268466533378,0.6204224118888423,0.35826725674563353,0.43680120486036805,0.0,0.6985564523194024,0.699337449227775,0.6687574508409494,0.5662457722262016,0.18048589140731874,0.6089293121332584,0.611210565190633,0.6602349659491047,0.6384622933256607,0.5912406074215968,0.6927801035634736,0.6436441883170557,0.5786411433647327,0.5504297386213822,0.41410905192160474,0.6200796414230447,0.5383723811418203,0.6292420835538934,0.6949507214064842
WMT,0.44309637290271003,0.44935781244123724,0.49634357629693576,0.5301180617616534,0.5119874517581788,0.5106214793670093,0.6285197957068085,0.5562550398676687,0.47359683188167434,0.6726584976272413,0.47350357965225676,0.6216878904467233,0.6045454696280925,0.461462617952926,0.6037295611963412,0.47815759192945195,0.4710549976220377,0.5946893175017077,0.5134182412778051,0.7022763447107314,0.6840470476863768,0.5427059185166243,0.6595917667746105,0.5921744225226472,0.4950074907054337,0.6717869731898247,0.6422363856910794,0.6985564523194024,0.0,0.5937380605846666,0.49492348041632034,0.7066568199555174,0.660744693022277,0.5653885789182185,0.6053976743945124,0.5907090428639445,0.44625934585773525,0.5506532658725154,0.5902243831030222,0.6955747035990283,0.6653107369090553,0.5372319421675499,0.6643090777579068,0.5729238867457542,0.657347151867007,0.4508238142339761,0.6315871305828964
ABT,0.47608779272890195,0.52847980727076,0.5310815709266774,0.5690218477862562,0.5395272530047898,0.5382814215782479,0.47040778480776063,0.6138264459513524,0.4319340638010663,0.7021113574628262,0.43533375630263044,0.5070361109872149,0.6419890406326709,0.5042834065030278,0.58419268838976,0.5600873782267652,0.5253208771178992,0.5353093306216743,0.5941228040005436,0.6130029496243853,0.6370781963340867,0.5490734766447537,0.49499256965533006,0.6557182412872352,0.4796687820822862,0.7004555346449041,0.5997165042654334,0.699337449227775,0.5937380605846666,0.0,0.5679024625728691,0.5181465883719613,0.6687045735233522,0.3967084967774884,0.5718811151339361,0.4963465173061686,0.4850878965464826,0.5363675761906903,0.5165669621481834,0.5798709420563634,0.48542892552254524,0.5335006050777011,0.6353048185744388,0.39786524668204376,0.6211476783018827,0.4771919334131134,0.6645961992860626
CRM,0.3223345940463077,0.40626291538759124,0.3832765321763303,0.43176089976839976,0.4329925813638733,0.4372950935409748,0.6014812616620813,0.4958208996939817,0.5510331698952802,0.6584703856333743,0.4998450836722831,0.5169293869652423,0.45433490170721696,0.3851272560816542,0.652143976175273,0.5137219603458939,0.3250288664850747,0.5614963468973716,0.4616359096524268,0.7046043966097829,0.6089806904394472,0.5628525056731365,0.5693495988017836,0.5174054930310141,0.5343464293970732,0.6689234208419439,0.6240468803870616,0.6687574508409494,0.49492348041632034,0.5679024625728691,0.0,0.6201859516004022,0.6441450608195831,0.5300462680191667,0.5754976635360219,0.5605434397720563,0.48487109085317764,0.48991859329308746,0.6337928466159839,0.6328510484277359,0.5700592188237916,0.509789133039221,0.6272220014116269,0.4821711603450055,0.6801939053347822,0.36301142114591844,0.6243636862955882
ABBV,0.5697962360764225,0.6272008112840209,0.62897274383656,0.6246366411962072,0.47780297822434126,0.483985214825627,0.46323628953911633,0.5230201572179763,0.6184473927144231,0.6046757118206884,0.5785476943670953,0.41955400971818313,0.5408456404478468,0.6466129007010597,0.5212550549044365,0.6838358159806033,0.6044380402572742,0.5696715461867906,0.6433971890303133,0.5628254539556857,0.45322519053118115,0.5479395242684564,0.41220546503247085,0.5550526635397021,0.5211703691587595,0.612385687485389,0.5239933803624118,0.5662457722262016,0.7066568199555174,0.5181465883719613,0.6201859516004022,0.0,0.5208078510431812,0.6299108575001613,0.6719605136946547,0.45335198486061556,0.6521618251772714,0.5575412815656732,0.6524742527253566,0.42996156860310814,0.3953698276354608,0.5426208498531881,0.5325907847268098,0.6377100108060479,0.5626909844904119,0.5860858436697255,0.679939156969068
CVX,0.6529271815743076,0.6654729881043336,0.6956728159393165,0.6978286131668842,0.6018506856019413,0.5996522044484158,0.509641664726323,0.4266144160521709,0.6979178087486126,0.32098035104316414,0.6753313143510196,0.6112620558680762,0.4524859932873092,0.6849281441270478,0.4584637947513773,0.6488340063811211,0.6742105079006413,0.556703079309884,0.6886706583619067,0.3930865996791011,0.5470415947376491,0.4615188651286787,0.5812333152764828,0.4586912317223348,0.5765542891345318,0.35071230680156457,0.3914176507840809,0.18048589140731874,0.660744693022277,0.6687045735233522,0.6441450608195831,0.5208078510431812,0.0,0.6206511095737219,0.5927271638223672,0.5992223612834706,0.6679699775013876,0.5518115323603953,0.6716857437787717,0.6349505720862744,0.5586266405027559,0.49665629130402883,0.3993224847556921,0.6265889981680468,0.47790001422207756,0.6009172307965818,0.7017159175134867
TMO,0.42853500927485394,0.5067115861727559,0.43796294692964177,0.49261338224211626,0.49246067453799464,0.4895932935706275,0.594340516079931,0.6579765299457733,0.4092574617627285,0.6019369276875878,0.42831967252649306,0.546953799267683,0.6685545764083399,0.40777272556119054,0.7032138512729234,0.5454610220104611,0.41971952600068624,0.5980749938445592,0.49523386578317186,0.6882641654909734,0.6985073217675939,0.6253267462191752,0.5388239554050335,0.6907420784293917,0.552018668516479,0.6092795351649154,0.7060812521450532,0.6089293121332584,0.5653885789182185,0.3967084967774884,0.5300462680191667,0.6299108575001613,0.6206511095737219,0.0,0.5626695272633124,0.5581886556558489,0.4277291260310333,0.5693437792819382,0.5817431515700623,0.6358762758544794,0.5510666992569944,0.6009762042868951,0.6616063154432111,0.22099876903188,0.7034493287188283,0.47607177338724926,0.6096303862411402
MCD,0.5320242330903452,0.5983394248221146,0.571135842251288,0.5562289706144937,0.5558805863047093,0.5476195751274694,0.5758216439919328,0.5428684212276563,0.49835322746124205,0.6114008700208408,0.4431415504065702,0.6005888059575327,0.5435690257917346,0.5390168384759454,0.5845151709082747,0.6454544686516017,0.5896127014577225,0.5313604405456328,0.5732808476978802,0.5856187543143551,0.6588584323312382,0.48898350745134933,0.5903195036502179,0.5505600822784432,0.5099631875200056,0.6307456466905383,0.5731583488911046,0.611210565190633,0.6053976743945124,0.5718811151339361,0.5754976635360219,0.6719605136946547,0.5927271638223672,0.5626695272633124,0.0,0.5990671620556431,0.5334916020039303,0.5210857701603675,0.549057587569154,0.7053461272429546,0.6218722654503944,0.551822408011952,0.6373936310631465,0.5664049885599414,0.5561328797104139,0.5326526572231661,0.5754386799115292
AMGN,0.4763756013817846,0.5032989577907987,0.5204301638498409,0.5438867293581354,0.49049672305138664,0.4896739547021217,0.4738539651341992,0.4687864225380413,0.5343709998452562,0.6305395183607071,0.5121568264260479,0.44347733960724894,0.5178684087642301,0.5034726451493142,0.5181114184541703,0.5790653351841105,0.5076414725980467,0.5439221304583054,0.5774892138540795,0.643188151967837,0.5404807059369069,0.5195091436739654,0.46608795996065,0.5163773103207804,0.46122452157288857,0.6346084683016016,0.5442627542010319,0.6602349659491047,0.5907090428639445,0.4963465173061686,0.5605434397720563,0.45335198486061556,0.5992223612834706,0.5581886556558489,0.5990671620556431,0.0,0.5636003078502985,0.527114504431296,0.6053569130066419,0.5670729555553456,0.4839310689122078,0.4911643606377111,0.5709819922291332,0.5611974157904646,0.5875432306287353,0.49564896660142294,0.6176625824224874
COST,0.3743908292334703,0.42932000790928554,0.3854488903898944,0.4298977306327522,0.4952173647457693,0.4910496550330367,0.6138415643619115,0.6185143946229076,0.34381705133182655,0.6557170707080424,0.37234638552754556,0.5820230627008544,0.6281579889642888,0.3790144172769782,0.6589807016148505,0.4477924242339638,0.3921149134983415,0.5657323554736393,0.40945668876195196,0.690593304402743,0.6900954638645969,0.5760365517053174,0.5616439546822477,0.6214215272923983,0.4266211029473651,0.6515002213181658,0.6862526316488545,0.6384622933256607,0.44625934585773525,0.4850878965464826,0.48487109085317764,0.6521618251772714,0.6679699775013876,0.4277291260310333,0.5334916020039303,0.5636003078502985,0.0,0.5202456018408558,0.5405128111108434,0.6655775900782464,0.6085720816557938,0.5466703129767044,0.6803011119282624,0.47327320134081624,0.6570716969851456,0.43677978712000837,0.5513384538687057
ACN,0.453717922488256,0.5377621762773472,0.5342486293068845,0.5119825582586963,0.4563527148185949,0.45043921842346135,0.5008136793473076,0.4256938328775825,0.5149293269269484,0.5501588807068905,0.46917049909331915,0.5622102455293193,0.4613719477222132,0.5176727493843013,0.5593889141347852,0.6411745203164335,0.4875386908041822,0.5494304968794183,0.5414169954609628,0.6218241772435904,0.5655953343868226,0.41602709228822554,0.5597589768064265,0.5010021260780315,0.4598196056673098,0.5721047105226826,0.5097286469097462,0.5912406074215968,0.5506532658725154,0.5363675761906903,0.48991859329308746,0.5575412815656732,0.5518115323603953,0.5693437792819382,0.5210857701603675,0.527114504431296,0.5202456018408558,0.0,0.580368342733132,0.6459626302224029,0.5373383549107594,0.44681032558009076,0.5218486807604928,0.5766284372590517,0.6376668045267155,0.4542122691190038,0.5759411925998726
NEE,0.5374727183178083,0.5694794932143983,0.5657479095778671,0.5978417744497859,0.5740107036013944,0.5738344365565153,0.5274005660118903,0.5803597414455001,0.4976655448671353,0.643626754326121,0.5254481576240788,0.6677233495452628,0.6111317412813471,0.5436507248499757,0.5063586579966673,0.5647619563741809,0.5737208379758967,0.5991866566694121,0.6360241786784953,0.5940145356525853,0.647306798003018,0.54053144837216,0.6587765090088474,0.6137899091884472,0.5225241817758353,0.6376478174054488,0.5513772551231062,0.6927801035634736,0.5902243831030222,0.5165669621481834,0.6337928466159839,0.6524742527253566,0.6716857437787717,0.5817431515700623,0.549057587569154,0.6053569130066419,0.5405128111108434,0.580368342733132,0.0,0.6812214929498959,0.6534223373569673,0.5445197421319526,0.5972718355149941,0.5649293778849757,0.6081994681136383,0.5254695971130965,0.652013614711841
LLY,0.6109697556303251,0.6293765634476969,0.6143723589563753,0.5901690904238053,0.5927790010146914,0.5907785383536783,0.5630385820745217,0.5934948601114931,0.6652959265723977,0.7042815045033954,0.5962132809718841,0.42404576228073754,0.6234437115245139,0.6564202206529772,0.6453546190263328,0.6469886842514516,0.5914897480957642,0.6308433392353119,0.6382934957930397,0.6736624579474041,0.5602960971662374,0.6372481223190485,0.41217716000723253,0.6139392563295906,0.6562117964154968,0.6921198138897042,0.6284142514956076,0.6436441883170557,0.6955747035990283,0.5798709420563634,0.6328510484277359,0.42996156860310814,0.6349505720862744,0.6358762758544794,0.7053461272429546,0.5670729555553456,0.6655775900782464,0.6459626302224029,0.6812214929498959,0.0,0.41276965643562724,0.6076064650255699,0.6015115294715897,0.6572617015071739,0.6207771953558073,0.6125450023299921,0.6433891660673885
BMY,0.5162327150113744,0.5873384640787791,0.560158731177105,0.5427781659210578,0.4829851315516999,0.47919944294308703,0.47800152547211944,0.48925876403960356,0.5936022463560814,0.6111359086899608,0.5253744092494737,0.3760291643846414,0.516498752014451,0.5940728154919036,0.6103134483254087,0.6478810010893589,0.5365699263462486,0.518063238547974,0.6401537037274442,0.6136755944139662,0.518139815298307,0.5058962260277329,0.4066996052636205,0.5027685855051006,0.5116288923213677,0.62437864237954,0.5289279400349074,0.5786411433647327,0.6653107369090553,0.48542892552254524,0.5700592188237916,0.3953698276354608,0.5586266405027559,0.5510666992569944,0.6218722654503944,0.4839310689122078,0.6085720816557938,0.5373383549107594,0.6534223373569673,0.41276965643562724,0.0,0.5537703415394993,0.5369873287230886,0.5800792742343752,0.5593675580310656,0.5245417222664023,0.5758940458135459
LIN,0.48748499166753256,0.5329263138438292,0.5909779296399172,0.5783506856941737,0.4794412264219257,0.47838299837582865,0.43679933757008593,0.3825864993441081,0.520655023256222,0.4713104645118778,0.48892884377135304,0.5393519835479426,0.43002522351476535,0.56307150687348,0.41905840289283003,0.630077401520942,0.5638601582177735,0.5670469675060462,0.6329348140662542,0.5153098631854506,0.532356856765518,0.4606354292955788,0.4936639651894037,0.4979157252021451,0.5104124384615863,0.49247425067146405,0.42923172208898763,0.5504297386213822,0.5372319421675499,0.5335006050777011,0.509789133039221,0.5426208498531881,0.49665629130402883,0.6009762042868951,0.551822408011952,0.4911643606377111,0.5466703129767044,0.44681032558009076,0.5445197421319526,0.6076064650255699,0.5537703415394993,0.0,0.416680694624408,0.5984804465827863,0.5669328673311512,0.452870651498899,0.5848865655551465
MDT,0.6261372591475745,0.6469189049444435,0.6980783034153673,0.6888317971609496,0.5838112491726352,0.5818134569282534,0.4007687342674014,0.3833766096667348,0.6833252312164285,0.3342093119590673,0.6602925288655042,0.5641714572035448,0.38052793882573555,0.7006626468348083,0.44692005467954593,0.6397903167527805,0.6907164893889902,0.5735145864862818,0.65544243055799,0.4473943307123831,0.4056064449626777,0.45831601868541566,0.5490573985801348,0.44097609846787705,0.5954052368546366,0.35835287255590453,0.3705420195273422,0.41410905192160474,0.6643090777579068,0.6353048185744388,0.6272220014116269,0.5325907847268098,0.3993224847556921,0.6616063154432111,0.6373936310631465,0.5709819922291332,0.6803011119282624,0.5218486807604928,0.5972718355149941,0.6015115294715897,0.5369873287230886,0.416680694624408,0.0,0.6957888663946158,0.557695152765502,0.5980335951678539,0.6520170833335808
DHR,0.4325488909094689,0.49727125640991315,0.4560893029390224,0.5239130836314771,0.5126333651048323,0.5119987979575452,0.5721086149059251,0.6477398668335776,0.4490412051071154,0.6211558799114061,0.4794283526597237,0.5635862963727117,0.6360784571273639,0.4070451432491791,0.7047469652316958,0.5542320717392188,0.4277933910514314,0.6110224939507695,0.5327252295370114,0.695099842435181,0.6508978773725339,0.6361443992117872,0.5612470270179539,0.6916809688208148,0.5645358241757317,0.6191797123633748,0.7021817479158322,0.6200796414230447,0.5729238867457542,0.39786524668204376,0.4821711603450055,0.6377100108060479,0.6265889981680468,0.22099876903188,0.5664049885599414,0.5611974157904646,0.47327320134081624,0.5766284372590517,0.5649293778849757,0.6572617015071739,0.5800792742343752,0.5984804465827863,0.6957888663946158,0.0,0.6995515594754237,0.45818002831440097,0.5980214303561304
