,MSFT,AAPL,AMZN,FB,GOOGL,GOOG,JNJ,V,PG,JPM,HD,UNH,MA,NVDA,VZ,NFLX,ADBE,INTC,PYPL,T,PFE,CSCO,MRK,CMCSA,PEP,BAC,KO,XOM,WMT,ABT,CRM,ABBV,CVX,TMO,MCD,AMGN,COST,ACN,NEE,LLY,BMY,LIN,MDT,DHR,PM,TXN,NKE
MSFT,0.0,0.47158452248464205,0.40458663032120523,0.4383438283357804,0.36059291112521863,0.37261181842829477,0.5773651873189849,0.44494673600915885,0.6402332723250379,0.6719644336727424,0.6950102686822144,0.5702708781762784,0.41088557932787484,0.49993487109369383,0.6964771804895492,0.5318467352125134,0.3437251857187942,0.5265345088024023,0.43452588571636996,0.6958134542753084,0.6437977366577635,0.42410340158820997,0.6215741032308425,0.6009390700105144,0.5754411837075363,0.6320425854976108,0.6131616633357393,0.6718430936212879,0.6814976634141631,0.5342998538147851,0.39069554641921195,0.5959880715064337,0.6961201569579003,0.5179785703917346,0.5998000552584296,0.5070381493156851,0.6954177155721886,0.48297311342976273,0.6101028987164393,0.5917890790053372,0.5508256064059271,0.4916461627829676,0.5927687369916874,0.5582096868936689,0.5544328163067108,0.3270122203438144,0.6158869205240015
AAPL,0.47158452248464205,0.0,0.48980513502493594,0.5188458458653178,0.4644581716619506,0.46369232547439937,0.6905600961311091,0.4568937138935406,0.6631678771393203,0.5570166401771444,0.6882737787965538,0.5779225776773104,0.45564561406378123,0.5176960666863482,0.6627073697073594,0.5816714980315316,0.4746764634543905,0.5339766044151669,0.4999424092750841,0.6952770578358629,0.665173397152701,0.47833348889055544,0.6887238391168807,0.6002919193134665,0.6182198096287932,0.5451586391408811,0.6798918916424314,0.6633795234897517,0.6053124459074583,0.602006404215868,0.5620952908878758,0.6607321321875101,0.7025888323670998,0.5947694257286003,0.6344481830145593,0.5124158459921346,0.6347815969440274,0.6163393544544377,0.6605816407807351,0.6739388260742099,0.6472816806090849,0.5559209565133165,0.6538290982985063,0.5828405722541624,0.6139428841720372,0.46020878905218066,0.6319479993841383
AMZN,0.40458663032120523,0.48980513502493594,0.0,0.3756945725396898,0.3888322627179969,0.4016459626604361,0.6365484883678395,0.4400894260997259,0.6663925984855545,0.6600681533383674,0.6715782052280341,0.5943733412778327,0.4320088232061947,0.48139613296269224,0.6919408380680696,0.4776494119431174,0.40158857155009464,0.5696205456441824,0.4117420095343647,0.6590694827489695,0.6600804231687992,0.49289612097106855,0.6455512446201159,0.6730517688761967,0.5980501386022131,0.6139634310826558,0.6112401377747205,0.6566879990720815,0.6777099627122951,0.5735170752574704,0.48373077186234825,0.5976143259616761,0.6897827647204667,0.5681732764804351,0.6537585435459659,0.5576389219871796,0.6291854863073584,0.5597213804103859,0.6693429269419072,0.6191485157921445,0.6433896120599869,0.5384317641343626,0.6332233229237315,0.6128852115228312,0.5413680429234207,0.4681837217085433,0.7046549221107615
FB,0.4383438283357804,0.5188458458653178,0.3756945725396898,0.0,0.37091271403800247,0.3743988295300036,0.5904631585505289,0.4863346495016224,0.5911044186459244,0.6632149661506729,0.6987527622879921,0.6039005842515857,0.5059563635361495,0.4532906391516019,0.5929206711304881,0.47055129795049244,0.44170766627686675,0.4834187195449609,0.3492297844527464,0.6382219842512319,0.6427417014967248,0.48508345291275556,0.5191366455607612,0.6025029833877893,0.5645459921226439,0.6389284930009618,0.5913966628603365,0.6607026598300044,0.6666694375994167,0.6000787962777342,0.48387001727313717,0.6611882148596055,0.6739959798603914,0.5303206839308119,0.6636888446473064,0.5514605969094762,0.6859005059129759,0.5542386339292986,0.6679393904221586,0.5439387168948665,0.6766756845894044,0.5932962607903135,0.6375710137045698,0.6050196837357781,0.4865479499270356,0.4561667644188803,0.6620108717067739
GOOGL,0.36059291112521863,0.4644581716619506,0.3888322627179969,0.37091271403800247,0.0,0.05653532606837627,0.581459104684607,0.41678838621886427,0.7025264264722308,0.6873671217298319,0.6822632254701729,0.5457480705885431,0.4574413771737698,0.4389781559968623,0.6749704793968341,0.45230698879865044,0.32867728613312797,0.5524329313900603,0.4345808119639915,0.6972622565246503,0.5833687081576175,0.4825955936290795,0.6111566518321068,0.6320519120209201,0.6055511741263815,0.6623700193409071,0.6669263061876434,0.7004214737128018,0.7038438563151602,0.5634124069106784,0.4755543696539861,0.5934056301083298,0.6698804192491168,0.483185894210634,0.6876702933406634,0.4776757003587329,0.7033128860964042,0.5624191991713107,0.6649425574135864,0.536524213262787,0.5862856667228542,0.555307116042252,0.6550075364661532,0.5235483990047677,0.5229031120338706,0.4120051287655321,0.6735870518176941
GOOG,0.37261181842829477,0.46369232547439937,0.4016459626604361,0.3743988295300036,0.05653532606837627,0.0,0.5915169695584707,0.4077032363064936,0.7042193900812225,0.6884184807259377,0.6819755187675527,0.55020623631858,0.4588188305801481,0.4413852083560828,0.671232085467694,0.44482566222323094,0.3327011625995725,0.553157144507864,0.4392771526867909,0.6935622069963061,0.5924446892390686,0.4894188383360017,0.6160070967209383,0.6288700688146205,0.6014793619603197,0.6661145056428635,0.6639956319360787,0.6916936729237674,0.7018927296876847,0.578179975078029,0.479904652058189,0.6014629349788544,0.6672460583597468,0.4957687315409176,0.6781698069432877,0.4762734908912683,0.706869627665279,0.5640293987412196,0.6598087511945954,0.5412114285512412,0.580151051284237,0.5640551562569223,0.654698183482933,0.5224091913234991,0.5164690522010905,0.4183777421220808,0.6802475648889418
JNJ,0.5773651873189849,0.6905600961311091,0.6365484883678395,0.5904631585505289,0.581459104684607,0.5915169695584707,0.0,0.6248447157260393,0.5366705634834439,0.6749029407310057,0.696347833270085,0.465132351422689,0.5800189379873684,0.626668014823727,0.6544854695561454,0.5692627721398698,0.5484250846650188,0.6116112454056137,0.5970785664837973,0.7033444514714662,0.5430067141571311,0.5585792027882079,0.5099358042218968,0.7043090364546292,0.5825631779383168,0.6623354757480782,0.6589159034865738,0.64477053527007,0.6709350539046346,0.5464507572528622,0.5752675166622351,0.5725381123352615,0.6561607065267574,0.5807212686582331,0.6566661502458633,0.5596066961188844,0.6698759761878724,0.5507314572595448,0.5412104231064442,0.5742922754014327,0.5392268201987633,0.6149932930685497,0.6464534580841995,0.6126447443193481,0.5549318011853265,0.6140528101445832,0.68508228039298
V,0.44494673600915885,0.4568937138935406,0.4400894260997259,0.4863346495016224,0.41678838621886427,0.4077032363064936,0.6248447157260393,0.0,0.6215980468251738,0.6329663771708075,0.6948668108003502,0.5942477962005343,0.27676456914650827,0.4942942261561951,0.6858547421552965,0.5071761499100005,0.3899985371489333,0.5386968484846134,0.49049229296212393,0.6817338408111673,0.6852830343630224,0.46505480665206894,0.6621403047487641,0.6505067082812734,0.5397991347144048,0.6137984847217478,0.5794942181154965,0.6539951347904813,0.6752466325588801,0.6020926262984971,0.46769602874247723,0.590070338584522,0.7008470572337084,0.5834125433323781,0.6821742664306562,0.5304052750012098,0.6868213725374769,0.4767609727372226,0.5725091029639625,0.6655444831912234,0.6157588123560667,0.4886134159675058,0.6119960035214865,0.5615185862372507,0.5630886772158104,0.4626869154293449,0.669574642520337
PG,0.6402332723250379,0.6631678771393203,0.6663925984855545,0.5911044186459244,0.7025264264722308,0.7042193900812225,0.5366705634834439,0.6215980468251738,0.0,0.7049281387801895,0.6777045042260427,0.665773848927552,0.6037514288254989,0.6644058853480038,0.5188845670756536,0.6302617848003798,0.668343621065478,0.594287343302642,0.5894718243096387,0.5790843035218051,0.6887643245305537,0.6056499026011893,0.5783824458240162,0.6424994950340115,0.50106026269492,0.6898795688327469,0.48842780019053084,0.5470765841089349,0.6428399321678804,0.6484309091633319,0.6351046827327286,0.700893818772988,0.6033795718168155,0.7018068234756547,0.5670068219402635,0.7049969683393021,0.6715530267424864,0.5885149383870174,0.5297635169905551,0.6960607648147776,0.7045577545165852,0.614742396723056,0.6788631007087015,0.6908033913182987,0.5551157015973731,0.6157771907478554,0.7003497774022412
JPM,0.6719644336727424,0.5570166401771444,0.6600681533383674,0.6632149661506729,0.6873671217298319,0.6884184807259377,0.6749029407310057,0.6329663771708075,0.7049281387801895,0.0,0.6587400547648152,0.6501302861851748,0.6402707578277569,0.6209845527049098,0.6566482130893925,0.7040556785527619,0.6854010182862333,0.5713793494325023,0.6250201522105954,0.6494427427829477,0.6401148904812698,0.531414336213636,0.6837467829215043,0.5706078149022044,0.6952162872536204,0.20142518579924598,0.6849620325231985,0.6430263181200587,0.6437309561314262,0.6564391026535559,0.62807958883451,0.6875376370518816,0.6109516590595861,0.6396771245907407,0.6815485114705819,0.5758215587822394,0.6576610030350337,0.6394847384186535,0.6259246360895053,0.7020839726701082,0.6881952306795105,0.5858492909137182,0.6379624529435419,0.7060188975727013,0.702699009826762,0.5906736633713819,0.6223309394413753
HD,0.6950102686822144,0.6882737787965538,0.6715782052280341,0.6987527622879921,0.6822632254701729,0.6819755187675527,0.696347833270085,0.6948668108003502,0.6777045042260427,0.6587400547648152,0.0,0.6986779438444182,0.6872035081687274,0.6986981626243263,0.6695360341888238,0.686211595419982,0.6922946042975782,0.6388221461067172,0.6979137901728195,0.6761050357807762,0.6365809429313544,0.6318405357293596,0.6575251690492743,0.6251913301988595,0.6866960141068362,0.6483302417652567,0.6579931124722355,0.6281108436043246,0.6130813621689629,0.6807033855511763,0.6898591662715199,0.6327103752696459,0.6468451794839103,0.6175109988521102,0.6514174382323098,0.6584869890343333,0.604275024321878,0.6298570863661557,0.5972780532880649,0.6740745818164797,0.6683046697000633,0.6559160993571894,0.6336492502084807,0.5230115046389373,0.6246988267692037,0.6684296756000331,0.6589415664994235
UNH,0.5702708781762784,0.5779225776773104,0.5943733412778327,0.6039005842515857,0.5457480705885431,0.55020623631858,0.465132351422689,0.5942477962005343,0.665773848927552,0.6501302861851748,0.6986779438444182,0.0,0.5679317163032502,0.5600341833898389,0.704467993920034,0.6394504698241424,0.4913159688272259,0.6036260828116459,0.6356447557004555,0.6847333049423134,0.5859387479553261,0.55061202742474,0.5866414226702599,0.6902102642175523,0.5924217936479583,0.6623859584451394,0.6714290539947986,0.6929439104007264,0.7005364974798347,0.48592433934858914,0.4922759238439258,0.5834335345338991,0.6921708627038425,0.5660946674788816,0.6410143584849628,0.5115079106343465,0.6825528000616552,0.5901384430663452,0.6088679124039901,0.598765389077532,0.4788486602938959,0.634408307356849,0.6317086501157037,0.6252689320921543,0.5758310160047486,0.583283739279954,0.6219115205401141
MA,0.41088557932787484,0.45564561406378123,0.4320088232061947,0.5059563635361495,0.4574413771737698,0.4588188305801481,0.5800189379873684,0.27676456914650827,0.6037514288254989,0.6402707578277569,0.6872035081687274,0.5679317163032502,0.0,0.4736862176648027,0.6815804920196351,0.5456120254757573,0.40936340348123346,0.5026900200839823,0.4704774846162559,0.6933083165665104,0.6722679515884068,0.46614534412958175,0.6326443084695449,0.6923355750787601,0.5696340529172926,0.6289188955113132,0.5645428230478647,0.6247803977822388,0.6621888738543859,0.5515509394520621,0.4531790657036468,0.48875589455996166,0.6902266980560449,0.5460335378683843,0.6116902758087644,0.480391208652939,0.6889409026114685,0.47287355353174976,0.564899267409236,0.6442912164192436,0.5754998973057986,0.44764512270326656,0.5952766260111433,0.531330482729889,0.5887453117074672,0.46076096147728957,0.655314064452795
NVDA,0.49993487109369383,0.5176960666863482,0.48139613296269224,0.4532906391516019,0.4389781559968623,0.4413852083560828,0.626668014823727,0.4942942261561951,0.6644058853480038,0.6209845527049098,0.6986981626243263,0.5600341833898389,0.4736862176648027,0.0,0.7035130316762854,0.5500647602057638,0.4266049767436364,0.48677945162728253,0.4913232369325287,0.6657084987888333,0.6352154930242997,0.5625378133180134,0.661988664690118,0.6097788037537829,0.5938352857338827,0.602913423017561,0.6218424977783095,0.7014316532567222,0.6767821989275865,0.5958431542437971,0.4656435109955628,0.6337369398360736,0.6869793057932296,0.5944921718642262,0.6806476570008018,0.5064666766265112,0.702034186470845,0.5515761632738916,0.6169171016082342,0.622248693980049,0.584536347385034,0.53594092355549,0.6528822768225685,0.6149692454965222,0.5919056867041141,0.4337692541396067,0.6404722759616501
VZ,0.6964771804895492,0.6627073697073594,0.6919408380680696,0.5929206711304881,0.6749704793968341,0.671232085467694,0.6544854695561454,0.6858547421552965,0.5188845670756536,0.6566482130893925,0.6695360341888238,0.704467993920034,0.6815804920196351,0.7035130316762854,0.0,0.6591407343839016,0.655980042000059,0.6015972232887133,0.6147460916865232,0.3799693951186402,0.6382482406630132,0.6258818258617485,0.49383408941070384,0.604687835279223,0.637215815058426,0.6559880376261245,0.5593059380903022,0.6370161394314883,0.6435519861788638,0.6751590978756726,0.6695056767296008,0.67174469619548,0.6107267665792733,0.7043916768014956,0.6976587587502604,0.6625384991037105,0.6593858542497503,0.6888368797586802,0.6618588497443405,0.6268397184483265,0.6420415738169446,0.6952144181812087,0.6952945546216843,0.6496883533731942,0.6707378433157104,0.6700729509527155,0.6490439463413781
NFLX,0.5318467352125134,0.5816714980315316,0.4776494119431174,0.47055129795049244,0.45230698879865044,0.44482566222323094,0.5692627721398698,0.5071761499100005,0.6302617848003798,0.7040556785527619,0.686211595419982,0.6394504698241424,0.5456120254757573,0.5500647602057638,0.6591407343839016,0.0,0.4835227471486907,0.5810886320544629,0.5141179105751402,0.686897910623443,0.6479399836711306,0.5600556573856998,0.6899683042633892,0.6414019636498913,0.6206551234704107,0.6884401718443512,0.6781597439078569,0.6967170411757191,0.7012750259330465,0.6361693258445852,0.5816293217584753,0.6713067581435828,0.6947190712936189,0.6312267080078997,0.6850596504981578,0.5662395534609926,0.6927419854365768,0.5679459866878966,0.6421237585531118,0.6453119064463823,0.6574461133421521,0.6283696828250055,0.6630042419191395,0.6146273766128558,0.58634812267241,0.49877576251010797,0.6747500810091617
ADBE,0.3437251857187942,0.4746764634543905,0.40158857155009464,0.44170766627686675,0.32867728613312797,0.3327011625995725,0.5484250846650188,0.3899985371489333,0.668343621065478,0.6854010182862333,0.6922946042975782,0.4913159688272259,0.40936340348123346,0.4266049767436364,0.655980042000059,0.4835227471486907,0.0,0.5569098866442984,0.4347864365656023,0.6903141159003793,0.6243692355889214,0.4549753690077436,0.6080040826892702,0.6266503683982904,0.5579143457296909,0.679728193944616,0.6332972477749569,0.6838144472674798,0.6777411306536765,0.5438891941156999,0.3547859324778755,0.589928174880585,0.6443388489783967,0.5439700351824107,0.6658798016367462,0.4843200796652101,0.7042679392016272,0.4864755721013515,0.5903728321831734,0.5836401725179947,0.5439407712862893,0.5548364957209301,0.5979168230566496,0.5180905476978631,0.5239895493633588,0.3830032252425866,0.6313062465236999
INTC,0.5265345088024023,0.5339766044151669,0.5696205456441824,0.4834187195449609,0.5524329313900603,0.553157144507864,0.6116112454056137,0.5386968484846134,0.594287343302642,0.5713793494325023,0.6388221461067172,0.6036260828116459,0.5026900200839823,0.48677945162728253,0.6015972232887133,0.5810886320544629,0.5569098866442984,0.0,0.5194129103671742,0.6272606422064922,0.6428738082454629,0.5180074862410622,0.6060996675275552,0.5233892469688773,0.6056019473077038,0.576671564052059,0.5770205219255262,0.5861751017137204,0.5955496709170509,0.6226927913739883,0.5360412650956269,0.6559226511649658,0.5736780231672658,0.5588847152659518,0.6925232903858763,0.5618052616037306,0.6411780334216406,0.5217657909261711,0.6876296059934329,0.6353606984937751,0.6699220657673949,0.5865255010056095,0.6052281319481846,0.6585874928179248,0.5927991630553092,0.4438739271603131,0.6080499252252607
PYPL,0.43452588571636996,0.4999424092750841,0.4117420095343647,0.3492297844527464,0.4345808119639915,0.4392771526867909,0.5970785664837973,0.49049229296212393,0.5894718243096387,0.6250201522105954,0.6979137901728195,0.6356447557004555,0.4704774846162559,0.4913232369325287,0.6147460916865232,0.5141179105751402,0.4347864365656023,0.5194129103671742,0.0,0.6291369772338807,0.6733256047187629,0.5099020930177204,0.560478017568595,0.6035642459478651,0.6138999605371215,0.6096845197496895,0.6174767698637286,0.6839196579983031,0.6452901025618646,0.5943095966772116,0.46108277095085076,0.6209455845400417,0.694777741815285,0.5812470869835235,0.6598343414098048,0.5599849955907279,0.6785112496419123,0.5654577311499308,0.665292292269227,0.5784998726332491,0.6741226160457786,0.6129551945611598,0.6564836697028743,0.6267567597229844,0.554511532199975,0.46234928758533,0.6531006741942017
T,0.6958134542753084,0.6952770578358629,0.6590694827489695,0.6382219842512319,0.6972622565246503,0.6935622069963061,0.7033444514714662,0.6817338408111673,0.5790843035218051,0.6494427427829477,0.6761050357807762,0.6847333049423134,0.6933083165665104,0.6657084987888333,0.3799693951186402,0.686897910623443,0.6903141159003793,0.6272606422064922,0.6291369772338807,0.0,0.6533940327505093,0.6421037078319941,0.6184060891506925,0.596249435525751,0.6154365778798189,0.6509592579097553,0.5132424365918138,0.632911908683617,0.6701690796570604,0.6562931022880312,0.6477597347810182,0.6685220880661068,0.6378126510978468,0.6526359827808272,0.6624695064240661,0.636870637391456,0.6892482608495417,0.6870514704968328,0.6286308314440211,0.6573080241882389,0.6618282729604029,0.6908392969717063,0.6983033441162821,0.6722633830382811,0.6443283080898844,0.6194190979524179,0.6853990760629013
PFE,0.6437977366577635,0.665173397152701,0.6600804231687992,0.6427417014967248,0.5833687081576175,0.5924446892390686,0.5430067141571311,0.6852830343630224,0.6887643245305537,0.6401148904812698,0.6365809429313544,0.5859387479553261,0.6722679515884068,0.6352154930242997,0.6382482406630132,0.6479399836711306,0.6243692355889214,0.6428738082454629,0.6733256047187629,0.6533940327505093,0.0,0.5367914534131106,0.47625934534210135,0.6902286998302889,0.6765030857922355,0.6234402455469943,0.6285767879616371,0.6159646671556974,0.6904250519395524,0.5983284496923074,0.675271757601325,0.6048567380487603,0.6791307891903164,0.5938569636636041,0.6281714294758548,0.49934527635852755,0.7021527549191221,0.6347804843335869,0.673072214119292,0.54656580275063,0.5875639524101477,0.6469632077293546,0.6250738976129295,0.5671101280002605,0.64675992962114,0.638142143867674,0.6452246651599719
CSCO,0.42410340158820997,0.47833348889055544,0.49289612097106855,0.48508345291275556,0.4825955936290795,0.4894188383360017,0.5585792027882079,0.46505480665206894,0.6056499026011893,0.531414336213636,0.6318405357293596,0.55061202742474,0.46614534412958175,0.5625378133180134,0.6258818258617485,0.5600556573856998,0.4549753690077436,0.5180074862410622,0.5099020930177204,0.6421037078319941,0.5367914534131106,0.0,0.5126619393787331,0.5510197879762364,0.5735877959759891,0.5079003647475809,0.5910532358935036,0.621197395411725,0.6649434863713465,0.5253526824778509,0.46288069322928316,0.6231309334403919,0.6438803003018596,0.470386898011796,0.6268796089547942,0.4214142690181949,0.6821347528181585,0.5161454538651393,0.6543890346843738,0.5358190858030609,0.5932875483180847,0.4866434950602922,0.6086540855464032,0.5545255635348735,0.5114862287902255,0.4419108883682353,0.6105046027704486
MRK,0.6215741032308425,0.6887238391168807,0.6455512446201159,0.5191366455607612,0.6111566518321068,0.6160070967209383,0.5099358042218968,0.6621403047487641,0.5783824458240162,0.6837467829215043,0.6575251690492743,0.5866414226702599,0.6326443084695449,0.661988664690118,0.49383408941070384,0.6899683042633892,0.6080040826892702,0.6060996675275552,0.560478017568595,0.6184060891506925,0.47625934534210135,0.5126619393787331,0.0,0.6906841205111073,0.6365998777726161,0.6977157664301609,0.597946384788466,0.6546514306600798,0.6509464091534521,0.5517833135386332,0.5535987904165797,0.6028425929729619,0.6623471048088423,0.5380081493114722,0.6619497329187537,0.5213144880637371,0.6998228680210353,0.6413068925881996,0.704476657898357,0.4924101375333571,0.6348092606250508,0.6645917143377634,0.6380709468810543,0.5957730850042504,0.6074311265664375,0.6510518510432148,0.6431338216848643
CMCSA,0.6009390700105144,0.6002919193134665,0.6730517688761967,0.6025029833877893,0.6320519120209201,0.6288700688146205,0.7043090364546292,0.6505067082812734,0.6424994950340115,0.5706078149022044,0.6251913301988595,0.6902102642175523,0.6923355750787601,0.6097788037537829,0.604687835279223,0.6414019636498913,0.6266503683982904,0.5233892469688773,0.6035642459478651,0.596249435525751,0.6902286998302889,0.5510197879762364,0.6906841205111073,0.0,0.6749552499129169,0.5709110798829018,0.7001828812876241,0.6677563659169476,0.6506186369670038,0.6747664017117283,0.6320357557122065,0.5989903260705349,0.6744318767965427,0.625121658246051,0.68658985838314,0.659445035397252,0.621239038457107,0.6716268555057584,0.6902673868583425,0.677784445677082,0.6707500875576411,0.670479031072635,0.6576096016068071,0.7010488785520441,0.6341224584346947,0.5398283067982376,0.6379159108201639
PEP,0.5754411837075363,0.6182198096287932,0.5980501386022131,0.5645459921226439,0.6055511741263815,0.6014793619603197,0.5825631779383168,0.5397991347144048,0.50106026269492,0.6952162872536204,0.6866960141068362,0.5924217936479583,0.5696340529172926,0.5938352857338827,0.637215815058426,0.6206551234704107,0.5579143457296909,0.6056019473077038,0.6138999605371215,0.6154365778798189,0.6765030857922355,0.5735877959759891,0.6365998777726161,0.6749552499129169,0.0,0.6856709034534132,0.4210298452946617,0.6524725583883372,0.565891020674038,0.63573353522411,0.581924294311618,0.7009304474271532,0.6918992755204418,0.6555541707329586,0.6115578133635206,0.6652630987973497,0.6345965136555469,0.5113954988047805,0.5441673546803498,0.678184452500766,0.6301587443075052,0.599553957131448,0.6470633320705008,0.6537496543060791,0.47814172960378826,0.5744240763401597,0.6516454950376345
BAC,0.6320425854976108,0.5451586391408811,0.6139634310826558,0.6389284930009618,0.6623700193409071,0.6661145056428635,0.6623354757480782,0.6137984847217478,0.6898795688327469,0.20142518579924598,0.6483302417652567,0.6623859584451394,0.6289188955113132,0.602913423017561,0.6559880376261245,0.6884401718443512,0.679728193944616,0.576671564052059,0.6096845197496895,0.6509592579097553,0.6234402455469943,0.5079003647475809,0.6977157664301609,0.5709110798829018,0.6856709034534132,0.0,0.6958872506104072,0.648364871859479,0.6748000822627994,0.6600560312345654,0.6239852567523002,0.6994178682463484,0.6108106743939719,0.6262808467244787,0.6953209378796581,0.5717174966598217,0.6607204124418447,0.6195005042408909,0.6240080357555461,0.6891857629011849,0.6760911947625277,0.565591704697196,0.6497258849778119,0.6962536749795317,0.7032217661673588,0.5734098883093351,0.6357076301774324
KO,0.6131616633357393,0.6798918916424314,0.6112401377747205,0.5913966628603365,0.6669263061876434,0.6639956319360787,0.6589159034865738,0.5794942181154965,0.48842780019053084,0.6849620325231985,0.6579931124722355,0.6714290539947986,0.5645428230478647,0.6218424977783095,0.5593059380903022,0.6781597439078569,0.6332972477749569,0.5770205219255262,0.6174767698637286,0.5132424365918138,0.6285767879616371,0.5910532358935036,0.597946384788466,0.7001828812876241,0.4210298452946617,0.6958872506104072,0.0,0.5889741050586486,0.6149303470009281,0.6613337168410838,0.6240807389377172,0.6518558907877227,0.6590573972633975,0.7066769959713857,0.6215172643770103,0.6853449261526704,0.6625125142877106,0.5817877325619785,0.5791749054844701,0.6506671499989948,0.6568573003289999,0.6076708579225403,0.616012981136778,0.6471596433763067,0.5252336680641206,0.6249910065460229,0.6817072509695892
XOM,0.6718430936212879,0.6633795234897517,0.6566879990720815,0.6607026598300044,0.7004214737128018,0.6916936729237674,0.64477053527007,0.6539951347904813,0.5470765841089349,0.6430263181200587,0.6281108436043246,0.6929439104007264,0.6247803977822388,0.7014316532567222,0.6370161394314883,0.6967170411757191,0.6838144472674798,0.5861751017137204,0.6839196579983031,0.632911908683617,0.6159646671556974,0.621197395411725,0.6546514306600798,0.6677563659169476,0.6524725583883372,0.648364871859479,0.5889741050586486,0.0,0.7016201980332174,0.671643086692489,0.7010450802986554,0.6237825625319174,0.39109827887627036,0.628697551111297,0.6837292978342072,0.7070622934401645,0.693344673873968,0.5756605692923619,0.6803131845148844,0.6482160186139558,0.7026181326170455,0.5271151910655306,0.6723372207350997,0.6623438014541382,0.6703393319355806,0.6213102844759262,0.6946876032497085
WMT,0.6814976634141631,0.6053124459074583,0.6777099627122951,0.6666694375994167,0.7038438563151602,0.7018927296876847,0.6709350539046346,0.6752466325588801,0.6428399321678804,0.6437309561314262,0.6130813621689629,0.7005364974798347,0.6621888738543859,0.6767821989275865,0.6435519861788638,0.7012750259330465,0.6777411306536765,0.5955496709170509,0.6452901025618646,0.6701690796570604,0.6904250519395524,0.6649434863713465,0.6509464091534521,0.6506186369670038,0.565891020674038,0.6748000822627994,0.6149303470009281,0.7016201980332174,0.0,0.700040530400605,0.6480475317608084,0.6764461167166123,0.6978400046720644,0.7060010643846407,0.6881486687987237,0.6426668863890733,0.3911538470797108,0.6346188278818246,0.6824112767345095,0.6827040319022585,0.7059530767776429,0.6921552867044098,0.698759785951328,0.698818847499949,0.6928308811125379,0.6355477448121504,0.6475271473408153
ABT,0.5342998538147851,0.602006404215868,0.5735170752574704,0.6000787962777342,0.5634124069106784,0.578179975078029,0.5464507572528622,0.6020926262984971,0.6484309091633319,0.6564391026535559,0.6807033855511763,0.48592433934858914,0.5515509394520621,0.5958431542437971,0.6751590978756726,0.6361693258445852,0.5438891941156999,0.6226927913739883,0.5943095966772116,0.6562931022880312,0.5983284496923074,0.5253526824778509,0.5517833135386332,0.6747664017117283,0.63573353522411,0.6600560312345654,0.6613337168410838,0.671643086692489,0.700040530400605,0.0,0.49724596824571754,0.5045290539226767,0.6881339897563822,0.485302137857391,0.5949721496143656,0.534345841724738,0.6996416366533964,0.6230210549327583,0.6534813305827332,0.5616870057425764,0.5798518103596486,0.5430205603022022,0.5472516626268915,0.5990591572576627,0.6008504696781266,0.5654671650111264,0.6478020227290219
CRM,0.39069554641921195,0.5620952908878758,0.48373077186234825,0.48387001727313717,0.4755543696539861,0.479904652058189,0.5752675166622351,0.46769602874247723,0.6351046827327286,0.62807958883451,0.6898591662715199,0.4922759238439258,0.4531790657036468,0.4656435109955628,0.6695056767296008,0.5816293217584753,0.3547859324778755,0.5360412650956269,0.46108277095085076,0.6477597347810182,0.675271757601325,0.46288069322928316,0.5535987904165797,0.6320357557122065,0.581924294311618,0.6239852567523002,0.6240807389377172,0.7010450802986554,0.6480475317608084,0.49724596824571754,0.0,0.6005382026719168,0.6878526057764471,0.551287767319855,0.6016638625999462,0.5300239486155536,0.7053925221795594,0.5261827462439024,0.6123120466496579,0.5948821362513033,0.5331469365564119,0.5328708731136488,0.5895988593398866,0.6175562912234466,0.5628242258941583,0.37688291364363047,0.6366933923600986
ABBV,0.5959880715064337,0.6607321321875101,0.5976143259616761,0.6611882148596055,0.5934056301083298,0.6014629349788544,0.5725381123352615,0.590070338584522,0.700893818772988,0.6875376370518816,0.6327103752696459,0.5834335345338991,0.48875589455996166,0.6337369398360736,0.67174469619548,0.6713067581435828,0.589928174880585,0.6559226511649658,0.6209455845400417,0.6685220880661068,0.6048567380487603,0.6231309334403919,0.6028425929729619,0.5989903260705349,0.7009304474271532,0.6994178682463484,0.6518558907877227,0.6237825625319174,0.6764461167166123,0.5045290539226767,0.6005382026719168,0.0,0.7002055286523974,0.5379843729835101,0.6967415134640226,0.5331341057467608,0.6851443580160576,0.5942606302400922,0.6713902917324689,0.4965565017158413,0.5172217626385678,0.5829111676951598,0.5625998187727062,0.5263072593586572,0.6673382339773424,0.6419750275740623,0.6897850929786165
CVX,0.6961201569579003,0.7025888323670998,0.6897827647204667,0.6739959798603914,0.6698804192491168,0.6672460583597468,0.6561607065267574,0.7008470572337084,0.6033795718168155,0.6109516590595861,0.6468451794839103,0.6921708627038425,0.6902266980560449,0.6869793057932296,0.6107267665792733,0.6947190712936189,0.6443388489783967,0.5736780231672658,0.694777741815285,0.6378126510978468,0.6791307891903164,0.6438803003018596,0.6623471048088423,0.6744318767965427,0.6918992755204418,0.6108106743939719,0.6590573972633975,0.39109827887627036,0.6978400046720644,0.6881339897563822,0.6878526057764471,0.7002055286523974,0.0,0.6944237412257231,0.7053108740256812,0.6822272005839991,0.6838746185618539,0.621085396416857,0.6765343277709567,0.6997528687283946,0.7001925820053685,0.5848053641470867,0.6615522973273701,0.6745560555364579,0.6836187268546644,0.6460263715208309,0.7034633796262872
TMO,0.5179785703917346,0.5947694257286003,0.5681732764804351,0.5303206839308119,0.483185894210634,0.4957687315409176,0.5807212686582331,0.5834125433323781,0.7018068234756547,0.6396771245907407,0.6175109988521102,0.5660946674788816,0.5460335378683843,0.5944921718642262,0.7043916768014956,0.6312267080078997,0.5439700351824107,0.5588847152659518,0.5812470869835235,0.6526359827808272,0.5938569636636041,0.470386898011796,0.5380081493114722,0.625121658246051,0.6555541707329586,0.6262808467244787,0.7066769959713857,0.628697551111297,0.7060010643846407,0.485302137857391,0.551287767319855,0.5379843729835101,0.6944237412257231,0.0,0.625083045300409,0.465636820224885,0.6770196426199732,0.5617297628672845,0.6597943885793552,0.5314449004667905,0.6250947043375417,0.5267107502845233,0.5939922052808799,0.5076303172571942,0.5650454445126958,0.5605228140371403,0.6461128405968717
MCD,0.5998000552584296,0.6344481830145593,0.6537585435459659,0.6636888446473064,0.6876702933406634,0.6781698069432877,0.6566661502458633,0.6821742664306562,0.5670068219402635,0.6815485114705819,0.6514174382323098,0.6410143584849628,0.6116902758087644,0.6806476570008018,0.6976587587502604,0.6850596504981578,0.6658798016367462,0.6925232903858763,0.6598343414098048,0.6624695064240661,0.6281714294758548,0.6268796089547942,0.6619497329187537,0.68658985838314,0.6115578133635206,0.6953209378796581,0.6215172643770103,0.6837292978342072,0.6881486687987237,0.5949721496143656,0.6016638625999462,0.6967415134640226,0.7053108740256812,0.625083045300409,0.0,0.6960305708854906,0.7041706272892999,0.6686972775301275,0.6162501868397645,0.6864636386682099,0.6680552821293168,0.6320780466852273,0.651503318850393,0.7069153678436567,0.663562398487493,0.6565513904200068,0.6870219909043969
AMGN,0.5070381493156851,0.5124158459921346,0.5576389219871796,0.5514605969094762,0.4776757003587329,0.4762734908912683,0.5596066961188844,0.5304052750012098,0.7049969683393021,0.5758215587822394,0.6584869890343333,0.5115079106343465,0.480391208652939,0.5064666766265112,0.6625384991037105,0.5662395534609926,0.4843200796652101,0.5618052616037306,0.5599849955907279,0.636870637391456,0.49934527635852755,0.4214142690181949,0.5213144880637371,0.659445035397252,0.6652630987973497,0.5717174966598217,0.6853449261526704,0.7070622934401645,0.6426668863890733,0.534345841724738,0.5300239486155536,0.5331341057467608,0.6822272005839991,0.465636820224885,0.6960305708854906,0.0,0.6260549404700401,0.582769632083022,0.6946929544798116,0.5811130916298237,0.498369294483439,0.5519446878571451,0.5851686789030188,0.48869008639043127,0.6092377176736564,0.5502935072932278,0.6014837295237303
COST,0.6954177155721886,0.6347815969440274,0.6291854863073584,0.6859005059129759,0.7033128860964042,0.706869627665279,0.6698759761878724,0.6868213725374769,0.6715530267424864,0.6576610030350337,0.604275024321878,0.6825528000616552,0.6889409026114685,0.702034186470845,0.6593858542497503,0.6927419854365768,0.7042679392016272,0.6411780334216406,0.6785112496419123,0.6892482608495417,0.7021527549191221,0.6821347528181585,0.6998228680210353,0.621239038457107,0.6345965136555469,0.6607204124418447,0.6625125142877106,0.693344673873968,0.3911538470797108,0.6996416366533964,0.7053925221795594,0.6851443580160576,0.6838746185618539,0.6770196426199732,0.7041706272892999,0.6260549404700401,0.0,0.667280779926524,0.6872732491316228,0.6559775979093316,0.6852486805351558,0.699240462857456,0.6867384129841179,0.6661243702239469,0.6736646498051485,0.6795984792091615,0.6165034429138866
ACN,0.48297311342976273,0.6163393544544377,0.5597213804103859,0.5542386339292986,0.5624191991713107,0.5640293987412196,0.5507314572595448,0.4767609727372226,0.5885149383870174,0.6394847384186535,0.6298570863661557,0.5901384430663452,0.47287355353174976,0.5515761632738916,0.6888368797586802,0.5679459866878966,0.4864755721013515,0.5217657909261711,0.5654577311499308,0.6870514704968328,0.6347804843335869,0.5161454538651393,0.6413068925881996,0.6716268555057584,0.5113954988047805,0.6195005042408909,0.5817877325619785,0.5756605692923619,0.6346188278818246,0.6230210549327583,0.5261827462439024,0.5942606302400922,0.621085396416857,0.5617297628672845,0.6686972775301275,0.582769632083022,0.667280779926524,0.0,0.6060156460486427,0.6656107759627262,0.5931887148252444,0.4950070403261254,0.623468224193197,0.5725250918621747,0.5862721245373159,0.46644884634921535,0.6141358557243067
NEE,0.6101028987164393,0.6605816407807351,0.6693429269419072,0.6679393904221586,0.6649425574135864,0.6598087511945954,0.5412104231064442,0.5725091029639625,0.5297635169905551,0.6259246360895053,0.5972780532880649,0.6088679124039901,0.564899267409236,0.6169171016082342,0.6618588497443405,0.6421237585531118,0.5903728321831734,0.6876296059934329,0.665292292269227,0.6286308314440211,0.673072214119292,0.6543890346843738,0.704476657898357,0.6902673868583425,0.5441673546803498,0.6240080357555461,0.5791749054844701,0.6803131845148844,0.6824112767345095,0.6534813305827332,0.6123120466496579,0.6713902917324689,0.6765343277709567,0.6597943885793552,0.6162501868397645,0.6946929544798116,0.6872732491316228,0.6060156460486427,0.0,0.6850505276172779,0.6290165691119917,0.6179670556288823,0.6894570902913745,0.6777557462606276,0.6268469953609672,0.6150651516976939,0.6910422434122184
LLY,0.5917890790053372,0.6739388260742099,0.6191485157921445,0.5439387168948665,0.536524213262787,0.5412114285512412,0.5742922754014327,0.6655444831912234,0.6960607648147776,0.7020839726701082,0.6740745818164797,0.598765389077532,0.6442912164192436,0.622248693980049,0.6268397184483265,0.6453119064463823,0.5836401725179947,0.6353606984937751,0.5784998726332491,0.6573080241882389,0.54656580275063,0.5358190858030609,0.4924101375333571,0.677784445677082,0.678184452500766,0.6891857629011849,0.6506671499989948,0.6482160186139558,0.6827040319022585,0.5616870057425764,0.5948821362513033,0.4965565017158413,0.6997528687283946,0.5314449004667905,0.6864636386682099,0.5811130916298237,0.6559775979093316,0.6656107759627262,0.6850505276172779,0.0,0.5575130801542914,0.6524651276022776,0.6056356934755824,0.5779313963605677,0.6195088517734286,0.6064739530135963,0.694437590340665
BMY,0.5508256064059271,0.6472816806090849,0.6433896120599869,0.6766756845894044,0.5862856667228542,0.580151051284237,0.5392268201987633,0.6157588123560667,0.7045577545165852,0.6881952306795105,0.6683046697000633,0.4788486602938959,0.5754998973057986,0.584536347385034,0.6420415738169446,0.6574461133421521,0.5439407712862893,0.6699220657673949,0.6741226160457786,0.6618282729604029,0.5875639524101477,0.5932875483180847,0.6348092606250508,0.6707500875576411,0.6301587443075052,0.6760911947625277,0.6568573003289999,0.7026181326170455,0.7059530767776429,0.5798518103596486,0.5331469365564119,0.5172217626385678,0.7001925820053685,0.6250947043375417,0.6680552821293168,0.498369294483439,0.6852486805351558,0.5931887148252444,0.6290165691119917,0.5575130801542914,0.0,0.6339489613377701,0.6017294287399739,0.5867866102614965,0.66107019357556,0.5879398985971702,0.6687631170381062
LIN,0.4916461627829676,0.5559209565133165,0.5384317641343626,0.5932962607903135,0.555307116042252,0.5640551562569223,0.6149932930685497,0.4886134159675058,0.614742396723056,0.5858492909137182,0.6559160993571894,0.634408307356849,0.44764512270326656,0.53594092355549,0.6952144181812087,0.6283696828250055,0.5548364957209301,0.5865255010056095,0.6129551945611598,0.6908392969717063,0.6469632077293546,0.4866434950602922,0.6645917143377634,0.670479031072635,0.599553957131448,0.565591704697196,0.6076708579225403,0.5271151910655306,0.6921552867044098,0.5430205603022022,0.5328708731136488,0.5829111676951598,0.5848053641470867,0.5267107502845233,0.6320780466852273,0.5519446878571451,0.699240462857456,0.4950070403261254,0.6179670556288823,0.6524651276022776,0.6339489613377701,0.0,0.6275191095974854,0.5346974790533866,0.5746106557918741,0.5292141541764566,0.6278510896888596
MDT,0.5927687369916874,0.6538290982985063,0.6332233229237315,0.6375710137045698,0.6550075364661532,0.654698183482933,0.6464534580841995,0.6119960035214865,0.6788631007087015,0.6379624529435419,0.6336492502084807,0.6317086501157037,0.5952766260111433,0.6528822768225685,0.6952945546216843,0.6630042419191395,0.5979168230566496,0.6052281319481846,0.6564836697028743,0.6983033441162821,0.6250738976129295,0.6086540855464032,0.6380709468810543,0.6576096016068071,0.6470633320705008,0.6497258849778119,0.616012981136778,0.6723372207350997,0.698759785951328,0.5472516626268915,0.5895988593398866,0.5625998187727062,0.6615522973273701,0.5939922052808799,0.651503318850393,0.5851686789030188,0.6867384129841179,0.623468224193197,0.6894570902913745,0.6056356934755824,0.6017294287399739,0.6275191095974854,0.0,0.5767484890030623,0.6350342302662986,0.5888356212019019,0.6834516230164347
DHR,0.5582096868936689,0.5828405722541624,0.6128852115228312,0.6050196837357781,0.5235483990047677,0.5224091913234991,0.6126447443193481,0.5615185862372507,0.6908033913182987,0.7060188975727013,0.5230115046389373,0.6252689320921543,0.531330482729889,0.6149692454965222,0.6496883533731942,0.6146273766128558,0.5180905476978631,0.6585874928179248,0.6267567597229844,0.6722633830382811,0.5671101280002605,0.5545255635348735,0.5957730850042504,0.7010488785520441,0.6537496543060791,0.6962536749795317,0.6471596433763067,0.6623438014541382,0.698818847499949,0.5990591572576627,0.6175562912234466,0.5263072593586572,0.6745560555364579,0.5076303172571942,0.7069153678436567,0.48869008639043127,0.6661243702239469,0.5725250918621747,0.6777557462606276,0.5779313963605677,0.5867866102614965,0.5346974790533866,0.5767484890030623,0.0,0.5835070663059743,0.6012657378999674,0.6780285526876771
PM,0.5544328163067108,0.6139428841720372,0.5413680429234207,0.4865479499270356,0.5229031120338706,0.5164690522010905,0.5549318011853265,0.5630886772158104,0.5551157015973731,0.702699009826762,0.6246988267692037,0.5758310160047486,0.5887453117074672,0.5919056867041141,0.6707378433157104,0.58634812267241,0.5239895493633588,0.5927991630553092,0.554511532199975,0.6443283080898844,0.64675992962114,0.5114862287902255,0.6074311265664375,0.6341224584346947,0.47814172960378826,0.7032217661673588,0.5252336680641206,0.6703393319355806,0.6928308811125379,0.6008504696781266,0.5628242258941583,0.6673382339773424,0.6836187268546644,0.5650454445126958,0.663562398487493,0.6092377176736564,0.6736646498051485,0.5862721245373159,0.6268469953609672,0.6195088517734286,0.66107019357556,0.5746106557918741,0.6350342302662986,0.5835070663059743,0.0,0.5764073389255713,0.6959832191178341
