,MSFT,AAPL,AMZN,FB,GOOGL,GOOG,JNJ,V,PG,JPM,HD,UNH,MA,NVDA,VZ,NFLX,ADBE,INTC,PYPL,T,PFE,CSCO,MRK,CMCSA,PEP,BAC,KO,XOM,WMT,ABT,CRM,ABBV,CVX,TMO,MCD,AMGN,COST,ACN,NEE,LLY,BMY,LIN,MDT,DHR,PM,TXN,NKE
MSFT,0.0,0.5319746692519739,0.39022565838996565,0.5365375742004209,0.41124834268943133,0.4026403358589188,0.7030303452181065,0.38654572105170387,0.662276220208714,0.6055154209974233,0.664044127038335,0.6151422841664741,0.36828701837210975,0.451509764909411,0.6454671398467354,0.5586469547650733,0.3534240143996823,0.5051076097534996,0.3792360253699014,0.5767332503520312,0.6840660655716528,0.5612627296306576,0.662515237792507,0.6832217585765109,0.6738339174799509,0.5919002518064994,0.6896017290717971,0.6257529342808632,0.6730600115765579,0.5577539507303274,0.38561164598139896,0.5972282340859506,0.7040218976195285,0.5355935390833511,0.6395575881368859,0.5942411782315119,0.6786714663316101,0.4975197799408838,0.6701650964451571,0.6543328364906971,0.677125576689874,0.6128743969062753,0.6369992615121831,0.6177146982895334,0.7040161317887476,0.5255727005311905,0.6399128407187171
AAPL,0.5319746692519739,0.0,0.5262702555553327,0.6270722432936925,0.5708362673527432,0.5700359391437585,0.7020744992658914,0.5268452184238458,0.6871415045817031,0.6427355241266636,0.7024933454471649,0.6404986309217207,0.5243587759895462,0.5784208597763365,0.702738018435011,0.6524018452439526,0.5593874697401908,0.5175944383938773,0.5053510865112919,0.6849012708870714,0.658407375072465,0.5791124357305745,0.7034553109259818,0.6987324824472225,0.67688352388238,0.6189781565581846,0.6666278327339407,0.6929293400010561,0.7053983818457848,0.6508969940231479,0.5717698630562272,0.5388163877366191,0.7059680805355241,0.6053702975961123,0.663284733218524,0.6567838152661633,0.705370470192116,0.583682275128747,0.7032592010192539,0.6687809592481303,0.6409811453873376,0.6519067175876035,0.6814787087887888,0.6264750995254391,0.6648683246902911,0.6101118582544728,0.6613393783107303
AMZN,0.39022565838996565,0.5262702555553327,0.0,0.47203575914636065,0.4461359567186875,0.44219717539354914,0.6906719144841218,0.4392105839595991,0.6546886999159589,0.5970546303438148,0.6637818855802742,0.6380371410186491,0.38740830721818403,0.4633191346296965,0.701322178318317,0.5321319818410767,0.46301715922230213,0.5967038928284206,0.41210511177415754,0.6528145048073086,0.7048037105483166,0.5800312282857246,0.7008531719393962,0.6930702415530219,0.6660236551249458,0.5937899278913363,0.6648838844795655,0.6688953349785283,0.6637496078124981,0.5788461165361002,0.45169535076626965,0.6379428551449399,0.6527231106242601,0.6219695349190092,0.6106718865813419,0.6712395580639149,0.6820647317220064,0.4896970385645394,0.6354543180362231,0.6131115179929036,0.6265597270204175,0.6617478832512339,0.6476049249450088,0.6704903073670642,0.6890453073770759,0.5304354476445925,0.6569148706679069
FB,0.5365375742004209,0.6270722432936925,0.47203575914636065,0.0,0.6093490456468384,0.5961000997309105,0.6599531593627997,0.6104309325890214,0.6717039925313899,0.6620811623612535,0.6612248071070729,0.7028585450345876,0.49836728433872135,0.6288805999207828,0.6789236143593945,0.6173834274166821,0.5963748893727705,0.6302909168835857,0.5236578328019101,0.6598162818041021,0.6856871976802055,0.6830284003932067,0.6689800596210882,0.6188995378448746,0.6876488685841574,0.6541931607531261,0.6853428848176287,0.6866914207456002,0.6462708595896123,0.6719450590459765,0.5823826172949863,0.6899544554916002,0.6826471293549005,0.6836452188591492,0.6314944674413078,0.6911074816195447,0.6967062563808087,0.6297142674588009,0.6990371746447982,0.6035117349132896,0.614101243549612,0.6990574282998191,0.647972110405976,0.682921318866447,0.6853557186851872,0.630336415809562,0.6896850546866284
GOOGL,0.41124834268943133,0.5708362673527432,0.4461359567186875,0.6093490456468384,0.0,0.07669960499612749,0.6406830703020384,0.4372528254375999,0.6640023285546285,0.618177496941394,0.6348401250458442,0.5630946503237857,0.4236052800004617,0.44896009217639776,0.6902148155272677,0.5668874540888189,0.44708134015399675,0.4932073881232585,0.3669260368798684,0.659716296226833,0.6887969377851526,0.5537986079127503,0.6555843302094904,0.6845594653537488,0.6654226272891985,0.609959928256468,0.6805562573156998,0.576540943174843,0.6458246557172554,0.5013932705224288,0.45581522555441994,0.5876742731486101,0.6618279024613671,0.5388186468710975,0.6676416976870648,0.6009163238540123,0.6798235048169465,0.5729854801972281,0.6965160913681929,0.610577654395967,0.6432308994452494,0.5902803260995408,0.6558857697299276,0.6061949309681738,0.683189231580685,0.5144328528156805,0.6291537177165527
GOOG,0.4026403358589188,0.5700359391437585,0.44219717539354914,0.5961000997309105,0.07669960499612749,0.0,0.6458685117616705,0.44799386349310905,0.6540789195852871,0.6083497330444653,0.6219374512014757,0.5688881726225193,0.4240350241491484,0.4514252649983037,0.6895530462732887,0.5650842306543378,0.45078096843785115,0.4907372758311698,0.3624271423924406,0.6679623486335536,0.6989681120578267,0.5499005643648568,0.65122304002277,0.676305086248197,0.6633491640119312,0.5975249309549862,0.6847689347471945,0.5763885056642282,0.6446240623775419,0.508695553048452,0.4586388308818072,0.5887069942253882,0.655350361242087,0.5287110467977607,0.6590330410419368,0.5952440590103326,0.6806239538724209,0.5645691942951928,0.6849207151329058,0.6083347269319637,0.652081407288248,0.5904512333818235,0.6548502750563377,0.5820401684697062,0.6735894950530812,0.5126988256539641,0.6314202304750354
JNJ,0.7030303452181065,0.7020744992658914,0.6906719144841218,0.6599531593627997,0.6406830703020384,0.6458685117616705,0.0,0.6577602767619058,0.5744287728353275,0.6876638400189612,0.6524936862133185,0.6704071302324224,0.656503070857452,0.6893152212587351,0.5625443077990439,0.666331341251431,0.6821687695511512,0.6995520240744371,0.6816463984352084,0.5726566798286966,0.4979770897965221,0.6341970399669673,0.5325377657247989,0.6723415949821849,0.6184757969285948,0.6672395340108477,0.5185117144012732,0.6294628385060893,0.6521863124592209,0.5626408062865861,0.6576949612740325,0.6046286367835894,0.6728724014255838,0.6246540107134668,0.5999334598611531,0.6337598834421583,0.6995021022428076,0.657932209170571,0.6707594211693743,0.5536736477242069,0.6183398307982901,0.6149822858724924,0.7060727817637864,0.6326941767419599,0.5855469231378337,0.6377096437784798,0.6684164090238824
V,0.38654572105170387,0.5268452184238458,0.4392105839595991,0.6104309325890214,0.4372528254375999,0.44799386349310905,0.6577602767619058,0.0,0.7069251298439697,0.6275190000792638,0.637077619820786,0.5487946160461808,0.2770326364929216,0.44581089664417684,0.6839481413391708,0.5284393004274098,0.4074509693616265,0.5414195973101094,0.40374455349649785,0.6300738029902474,0.6488171888868173,0.5042678239922128,0.6327702490145771,0.6376074095496962,0.7034705637352823,0.6082406791276639,0.6526228808011464,0.5934209450275846,0.6815499511889661,0.47791151226042106,0.39229145625343104,0.6343453420448043,0.7002084589013511,0.5088319138830371,0.6370280648821288,0.6148797412100485,0.6970073906298921,0.43855629815014907,0.6411281639295435,0.6767246954091383,0.6626337150504729,0.5538916198281193,0.6680632306395112,0.6202079044040602,0.6970892958086071,0.5166324097053978,0.6293995049036096
PG,0.662276220208714,0.6871415045817031,0.6546886999159589,0.6717039925313899,0.6640023285546285,0.6540789195852871,0.5744287728353275,0.7069251298439697,0.0,0.6916195179564399,0.6290774926455636,0.6634795277144178,0.6725123272031401,0.6957473860691765,0.5222719632650379,0.6534778850642775,0.6286177420323877,0.7007143450195034,0.6619096852521734,0.5732452182283472,0.5874089047342466,0.7047687030798875,0.5433822747768028,0.6999506800354827,0.43747107583384637,0.6635603034615574,0.4649032703354827,0.6719255477279481,0.5920381022107631,0.6686074424673806,0.6760722570103731,0.6238499087734795,0.6820425074593753,0.6654466318291754,0.6411451150257482,0.6076405285758436,0.5435641525984908,0.6768899224911762,0.5983265500249534,0.6417304134244536,0.6696753532229879,0.6520855875230905,0.6723407739531653,0.6586916590483972,0.5694192014806305,0.6283706761001359,0.6887673469402887
JPM,0.6055154209974233,0.6427355241266636,0.5970546303438148,0.6620811623612535,0.618177496941394,0.6083497330444653,0.6876638400189612,0.6275190000792638,0.6916195179564399,0.0,0.626489146044524,0.6398384127382103,0.5997748922406231,0.634545488772505,0.6446121266995282,0.6406787769605893,0.6800100939460388,0.6577463637894976,0.6364120369569338,0.6502344747740828,0.6846883339720053,0.6342512517431544,0.6762124055742647,0.7007718340293768,0.6392088092139776,0.16966756734469493,0.6982392934459034,0.6977341538342894,0.6949934702300252,0.6479814599093977,0.6497530860263989,0.6697708513416538,0.6587157883083948,0.6480589651988253,0.6157988333066117,0.6982796973541937,0.6863196271879126,0.605058264680007,0.5036923240428985,0.6532064092190295,0.680511423392476,0.6788815656741931,0.6776553223771212,0.6928184565583505,0.6750706339957544,0.639771857531191,0.6910679116235179
HD,0.664044127038335,0.7024933454471649,0.6637818855802742,0.6612248071070729,0.6348401250458442,0.6219374512014757,0.6524936862133185,0.637077619820786,0.6290774926455636,0.626489146044524,0.0,0.6810615209354747,0.6202918421670023,0.6048089923735956,0.7053561226673803,0.7057788101584513,0.6393202236027444,0.6175318297955716,0.610003706024163,0.6411618225596044,0.68570247473733,0.6725818053398487,0.5953074895612878,0.6928462213449081,0.6526229230200946,0.6197347214324198,0.6196081630913124,0.6653854900473796,0.6599439392404266,0.6397572170748443,0.617377822260064,0.6868268570483999,0.6977401489235745,0.6226673426821818,0.6257609159505977,0.6695265762017978,0.6108904579159342,0.6166218266925453,0.6331148114791618,0.6877247292813059,0.6730585848468122,0.6283213821918356,0.6340889953712069,0.5851031923841853,0.706648375882168,0.5744637266855623,0.6192795991128542
UNH,0.6151422841664741,0.6404986309217207,0.6380371410186491,0.7028585450345876,0.5630946503237857,0.5688881726225193,0.6704071302324224,0.5487946160461808,0.6634795277144178,0.6398384127382103,0.6810615209354747,0.0,0.5797986971464638,0.622865418886616,0.6597048644028376,0.5879500065703664,0.6144137955433445,0.5674983760232497,0.6105809795642537,0.6625407746403087,0.6845180348762941,0.6267947373047965,0.6499250896146068,0.5711055655333958,0.6921880995114028,0.6465579751647076,0.6862698645256918,0.5892117745717532,0.663479414391265,0.5646634516543068,0.5750865231486831,0.6047492759907128,0.6462049166494848,0.6022536399117274,0.6209289388965163,0.6052930744820303,0.6516337162945469,0.6746388591813878,0.6457640935031069,0.6680839184123459,0.6683189931119948,0.5695284764005515,0.7022865746069711,0.6797009018142914,0.6947240221209262,0.6027297379480173,0.6495294565529135
MA,0.36828701837210975,0.5243587759895462,0.38740830721818403,0.49836728433872135,0.4236052800004617,0.4240350241491484,0.656503070857452,0.2770326364929216,0.6725123272031401,0.5997748922406231,0.6202918421670023,0.5797986971464638,0.0,0.49144933286590853,0.6966352020004231,0.5227201151292884,0.42280043411495005,0.5161943342738567,0.30778206723016893,0.6499889971001062,0.6800623382525172,0.5086980042456004,0.6103689458487122,0.6838481176075637,0.6869279651050576,0.5761144616063391,0.6810559411544753,0.6054354676214156,0.6943148804735131,0.5140329995940893,0.38181416212031544,0.6382445734729636,0.6896770838745269,0.5578557122937897,0.618713399161368,0.6547860978047587,0.6928252583636427,0.42841033460046096,0.6351324055527658,0.6256863982730256,0.6027161341875787,0.5984472396866478,0.6573997423530765,0.6244001881512837,0.6732343801104057,0.5434388921493799,0.6442525000742381
NVDA,0.451509764909411,0.5784208597763365,0.4633191346296965,0.6288805999207828,0.44896009217639776,0.4514252649983037,0.6893152212587351,0.44581089664417684,0.6957473860691765,0.634545488772505,0.6048089923735956,0.622865418886616,0.49144933286590853,0.0,0.6622731302458162,0.5014651984352967,0.43105586291212206,0.5421825073990232,0.4621386992717726,0.6676817912384103,0.6885441175641136,0.575683263984559,0.68125354422519,0.6477085250709843,0.6833347236347571,0.6233744766125282,0.687903467434158,0.6605358012577439,0.6574296344173874,0.5554623395554353,0.44716418899863225,0.6174747106864755,0.6987789300163658,0.5212366567520652,0.6305383509506448,0.6205435919957445,0.6840358864744591,0.5607418098164308,0.6566860243060635,0.7056349270622174,0.7024281928400672,0.6348860959650934,0.5845495008269038,0.595163288203455,0.6635034551648139,0.4714478370461994,0.6429143751593966
VZ,0.6454671398467354,0.702738018435011,0.701322178318317,0.6789236143593945,0.6902148155272677,0.6895530462732887,0.5625443077990439,0.6839481413391708,0.5222719632650379,0.6446121266995282,0.7053561226673803,0.6597048644028376,0.6966352020004231,0.6622731302458162,0.0,0.6687792833579409,0.5428692601263235,0.6960377509568929,0.6689056352863179,0.40790048219579483,0.6647536740806139,0.6987694828855148,0.6743191964307984,0.6134247924573103,0.6214328969095316,0.6408606213179888,0.6242112976324289,0.6534028133438402,0.6316151469908906,0.6582958129342793,0.644330907125729,0.658929219499983,0.6782282369608418,0.6856729896628153,0.6202254125133994,0.7011729937344824,0.6769094747332183,0.6139419304102159,0.65824919706442,0.609081133025799,0.6284119154649791,0.6523116326424885,0.6511095568486006,0.6915769132330026,0.5626954880045617,0.6742060102855503,0.6211306639546881
NFLX,0.5586469547650733,0.6524018452439526,0.5321319818410767,0.6173834274166821,0.5668874540888189,0.5650842306543378,0.666331341251431,0.5284393004274098,0.6534778850642775,0.6406787769605893,0.7057788101584513,0.5879500065703664,0.5227201151292884,0.5014651984352967,0.6687792833579409,0.0,0.5288957155327685,0.5672746250905739,0.5024845810366475,0.6221645915478605,0.6859828156410414,0.5649706882202823,0.6718574941012002,0.6107718838735903,0.6458291025608083,0.6209935735684988,0.6171041924599766,0.6517447345392583,0.6186875449714462,0.6735648430761696,0.47468836590800306,0.6789489560095435,0.6935450986165903,0.6622184577875093,0.6861844266586933,0.635842853775028,0.6885378977595753,0.5970192022032799,0.6465676036193261,0.6747697756030446,0.6735828607756975,0.6731774985101879,0.6545460262302267,0.7004837992193383,0.6412392228211738,0.6049411625161523,0.6445492962311149
ADBE,0.3534240143996823,0.5593874697401908,0.46301715922230213,0.5963748893727705,0.44708134015399675,0.45078096843785115,0.6821687695511512,0.4074509693616265,0.6286177420323877,0.6800100939460388,0.6393202236027444,0.6144137955433445,0.42280043411495005,0.43105586291212206,0.5428692601263235,0.5288957155327685,0.0,0.542283549757187,0.3613792699021397,0.5193342215105711,0.7063504761539927,0.5782192640918868,0.6965969302159184,0.7039135469787281,0.6525191201361088,0.6680012080167951,0.6975830724247081,0.6297776923647221,0.6443915375205155,0.567497957870475,0.3595413449234595,0.6176883275012521,0.6929672360464337,0.5605743305390415,0.7067058800076093,0.6015543798696119,0.6878249358071631,0.5363013710654695,0.6670315620782854,0.7025799454507945,0.6855793093601124,0.631018537067576,0.6329683287810242,0.6189518698084048,0.607547678919172,0.566480292817509,0.5671567868416961
INTC,0.5051076097534996,0.5175944383938773,0.5967038928284206,0.6302909168835857,0.4932073881232585,0.4907372758311698,0.6995520240744371,0.5414195973101094,0.7007143450195034,0.6577463637894976,0.6175318297955716,0.5674983760232497,0.5161943342738567,0.5421825073990232,0.6960377509568929,0.5672746250905739,0.542283549757187,0.0,0.4523351222999743,0.6959496446703081,0.670441513903986,0.5375761624595438,0.6160853100296374,0.5779798926137784,0.6792267762063774,0.6350086497856174,0.6744433409228389,0.5847631302436971,0.6828213703076864,0.5943549933739745,0.5390541071027907,0.5338790972192381,0.6848290769568092,0.5121750613865585,0.6677510174707072,0.5941828496444761,0.6568559740111166,0.5479157204310463,0.6850789412596126,0.6897630752297451,0.5787112728678012,0.576962672383798,0.5445999406339794,0.5667656057092922,0.6905317252712403,0.4739419299519195,0.5938068893190311
PYPL,0.3792360253699014,0.5053510865112919,0.41210511177415754,0.5236578328019101,0.3669260368798684,0.3624271423924406,0.6816463984352084,0.40374455349649785,0.6619096852521734,0.6364120369569338,0.610003706024163,0.6105809795642537,0.30778206723016893,0.4621386992717726,0.6689056352863179,0.5024845810366475,0.3613792699021397,0.4523351222999743,0.0,0.6463731144937062,0.6936159690730557,0.5028065225430507,0.66368313187957,0.6972679344099176,0.6753781219441857,0.6239969347077153,0.6831811538975857,0.624031846491226,0.654995534252669,0.5843462145173932,0.36440573751590843,0.5933931518829978,0.6968101237339261,0.5958236262909996,0.6801971748536632,0.6509218968500521,0.686186569913085,0.48961928731749826,0.69585347400689,0.6590980701000638,0.636489723778403,0.6351557633811444,0.6374124997600312,0.6110001312660042,0.6315449089380063,0.5224351462846398,0.6173293281864988
T,0.5767332503520312,0.6849012708870714,0.6528145048073086,0.6598162818041021,0.659716296226833,0.6679623486335536,0.5726566798286966,0.6300738029902474,0.5732452182283472,0.6502344747740828,0.6411618225596044,0.6625407746403087,0.6499889971001062,0.6676817912384103,0.40790048219579483,0.6221645915478605,0.5193342215105711,0.6959496446703081,0.6463731144937062,0.0,0.6527508229852058,0.6871144961944656,0.6478813630382165,0.612225077828283,0.6722535835638745,0.6617459906314161,0.6325414313386495,0.6737286209722235,0.6493528309017966,0.6861411516612059,0.61025014246568,0.6228377712684131,0.6545792760736302,0.7025567260762294,0.6484979397670981,0.673171093385158,0.6900907297415414,0.6996348269050618,0.691244992761284,0.636620768427195,0.6279525493242168,0.6548472113512311,0.6631498199949456,0.6809894636580415,0.5889459873718722,0.6195455372975406,0.675448991657388
PFE,0.6840660655716528,0.658407375072465,0.7048037105483166,0.6856871976802055,0.6887969377851526,0.6989681120578267,0.4979770897965221,0.6488171888868173,0.5874089047342466,0.6846883339720053,0.68570247473733,0.6845180348762941,0.6800623382525172,0.6885441175641136,0.6647536740806139,0.6859828156410414,0.7063504761539927,0.670441513903986,0.6936159690730557,0.6527508229852058,0.0,0.6616637568820768,0.47980227615051024,0.6728233048800913,0.6259873970681306,0.6958427183246725,0.5499444802587816,0.7001130080056591,0.6758839895998133,0.5795493900295734,0.67860801362037,0.5718400834629301,0.6887344708844503,0.6351687959747592,0.6537383042780932,0.596832670729027,0.6523800288078578,0.6789285716619342,0.6501510434404515,0.522776223664733,0.6056277158470701,0.6371871250758214,0.665444348497752,0.7037933566534664,0.6555797187285245,0.6345541413934613,0.7018983830754427
CSCO,0.5612627296306576,0.5791124357305745,0.5800312282857246,0.6830284003932067,0.5537986079127503,0.5499005643648568,0.6341970399669673,0.5042678239922128,0.7047687030798875,0.6342512517431544,0.6725818053398487,0.6267947373047965,0.5086980042456004,0.575683263984559,0.6987694828855148,0.5649706882202823,0.5782192640918868,0.5375761624595438,0.5028065225430507,0.6871144961944656,0.6616637568820768,0.0,0.6135195961396904,0.5971487333440434,0.7001924055559441,0.6066754784633386,0.6648692831473646,0.561515704031062,0.6638971283180033,0.591012450481879,0.5226627716300593,0.615756547153754,0.6587650601629611,0.5166206131804095,0.6431508521873202,0.628705433293827,0.689889607996408,0.4932074770272259,0.6806997769102424,0.6333710834147969,0.6288603010771195,0.5970143060788916,0.7050636887141342,0.571127912889909,0.703718345936605,0.5644627309561365,0.6189608578611585
MRK,0.662515237792507,0.7034553109259818,0.7008531719393962,0.6689800596210882,0.6555843302094904,0.65122304002277,0.5325377657247989,0.6327702490145771,0.5433822747768028,0.6762124055742647,0.5953074895612878,0.6499250896146068,0.6103689458487122,0.68125354422519,0.6743191964307984,0.6718574941012002,0.6965969302159184,0.6160853100296374,0.66368313187957,0.6478813630382165,0.47980227615051024,0.6135195961396904,0.0,0.657546988246573,0.6183459072841061,0.6929915812547283,0.4719016290840735,0.641637486665238,0.5946438737949964,0.5571327196139372,0.7002344578819689,0.5517066435502926,0.6992396831864328,0.5759803424939995,0.6116610835329191,0.5332760361204497,0.6162562066932249,0.6155264633979386,0.6955084920765323,0.4965022879168437,0.5553153814939646,0.621144451589379,0.6967666781427403,0.6511383032655891,0.6008067954979469,0.6333627569361312,0.6418606317776973
CMCSA,0.6832217585765109,0.6987324824472225,0.6930702415530219,0.6188995378448746,0.6845594653537488,0.676305086248197,0.6723415949821849,0.6376074095496962,0.6999506800354827,0.7007718340293768,0.6928462213449081,0.5711055655333958,0.6838481176075637,0.6477085250709843,0.6134247924573103,0.6107718838735903,0.7039135469787281,0.5779798926137784,0.6972679344099176,0.612225077828283,0.6728233048800913,0.5971487333440434,0.657546988246573,0.0,0.6765951338144109,0.6948386244113011,0.6595301681819343,0.635581953402611,0.6915461622106693,0.6631246763926184,0.6597039844727703,0.6891963400214173,0.7026500458741897,0.5956280293268564,0.6306252070306012,0.609460879697907,0.6999238951559339,0.6408257817630408,0.6955236091070671,0.698512392354049,0.6677208965826231,0.5713529391305792,0.6095446927341843,0.591454504817808,0.676660679014506,0.6103801689492261,0.6603200238232106
PEP,0.6738339174799509,0.67688352388238,0.6660236551249458,0.6876488685841574,0.6654226272891985,0.6633491640119312,0.6184757969285948,0.7034705637352823,0.43747107583384637,0.6392088092139776,0.6526229230200946,0.6921880995114028,0.6869279651050576,0.6833347236347571,0.6214328969095316,0.6458291025608083,0.6525191201361088,0.6792267762063774,0.6753781219441857,0.6722535835638745,0.6259873970681306,0.7001924055559441,0.6183459072841061,0.6765951338144109,0.0,0.6347264297269463,0.4414903585621156,0.699570996595274,0.6581388788730165,0.6632328877896537,0.6895260901624201,0.6363095654883801,0.6586744907210608,0.6798611488672343,0.6987801097184263,0.6776838902452859,0.6434733344082617,0.680081049731377,0.5390108997767781,0.6603123085538997,0.6520647234703455,0.6161651005410566,0.697531842729689,0.6531977044063918,0.5878049866270382,0.6967580364810602,0.7034562395403621
BAC,0.5919002518064994,0.6189781565581846,0.5937899278913363,0.6541931607531261,0.609959928256468,0.5975249309549862,0.6672395340108477,0.6082406791276639,0.6635603034615574,0.16966756734469493,0.6197347214324198,0.6465579751647076,0.5761144616063391,0.6233744766125282,0.6408606213179888,0.6209935735684988,0.6680012080167951,0.6350086497856174,0.6239969347077153,0.6617459906314161,0.6958427183246725,0.6066754784633386,0.6929915812547283,0.6948386244113011,0.6347264297269463,0.0,0.6975453596219467,0.6689671129109183,0.681910273212992,0.6432944438013202,0.6510953513136135,0.6827837413468673,0.6423312948354207,0.6301620730173535,0.5836204470330861,0.7058677792401011,0.6872144611470569,0.5918402047527193,0.5014743102007058,0.6704930690345396,0.6719142686301617,0.6587581443921564,0.6721260270323002,0.7051985473257429,0.689023312317707,0.6485400759714558,0.7062153363758854
KO,0.6896017290717971,0.6666278327339407,0.6648838844795655,0.6853428848176287,0.6805562573156998,0.6847689347471945,0.5185117144012732,0.6526228808011464,0.4649032703354827,0.6982392934459034,0.6196081630913124,0.6862698645256918,0.6810559411544753,0.687903467434158,0.6242112976324289,0.6171041924599766,0.6975830724247081,0.6744433409228389,0.6831811538975857,0.6325414313386495,0.5499444802587816,0.6648692831473646,0.4719016290840735,0.6595301681819343,0.4414903585621156,0.6975453596219467,0.0,0.6620111103628058,0.6654499303171519,0.6005925757232415,0.7037510062794673,0.5881614275444659,0.6844979590007086,0.5583187534558257,0.6725304365991397,0.5736804321973481,0.6673455269206371,0.6016290429687707,0.6660965977687983,0.5631906674042323,0.6341905339795375,0.5569530069428563,0.6988400579454841,0.612094917262999,0.5038676429295985,0.6584536897842773,0.6190993143564995
XOM,0.6257529342808632,0.6929293400010561,0.6688953349785283,0.6866914207456002,0.576540943174843,0.5763885056642282,0.6294628385060893,0.5934209450275846,0.6719255477279481,0.6977341538342894,0.6653854900473796,0.5892117745717532,0.6054354676214156,0.6605358012577439,0.6534028133438402,0.6517447345392583,0.6297776923647221,0.5847631302436971,0.624031846491226,0.6737286209722235,0.7001130080056591,0.561515704031062,0.641637486665238,0.635581953402611,0.699570996595274,0.6689671129109183,0.6620111103628058,0.0,0.6454686390378397,0.5270124035354306,0.6924237793628933,0.6368995879959902,0.43196813430984776,0.4903591956443211,0.5940209177139247,0.5650920686470559,0.6319995703905752,0.5953324881603272,0.6744401072969362,0.6418353684456468,0.5946199689326246,0.5875016784893227,0.6616046187081644,0.5696259666078141,0.6989374369546922,0.6374894612159457,0.6377236282380105
WMT,0.6730600115765579,0.7053983818457848,0.6637496078124981,0.6462708595896123,0.6458246557172554,0.6446240623775419,0.6521863124592209,0.6815499511889661,0.5920381022107631,0.6949934702300252,0.6599439392404266,0.663479414391265,0.6943148804735131,0.6574296344173874,0.6316151469908906,0.6186875449714462,0.6443915375205155,0.6828213703076864,0.654995534252669,0.6493528309017966,0.6758839895998133,0.6638971283180033,0.5946438737949964,0.6915461622106693,0.6581388788730165,0.681910273212992,0.6654499303171519,0.6454686390378397,0.0,0.6674451670611762,0.6518626455026024,0.6800775686845558,0.657825331357364,0.6707890557912777,0.6620895606684039,0.6049511578078863,0.6074014647570561,0.7065922010430149,0.6539672172589549,0.6702116985888488,0.6978738708595342,0.6907365662111431,0.7056038271607096,0.692727523248281,0.6475689233314916,0.6767119715979896,0.6908477985629838
ABT,0.5577539507303274,0.6508969940231479,0.5788461165361002,0.6719450590459765,0.5013932705224288,0.508695553048452,0.5626408062865861,0.47791151226042106,0.6686074424673806,0.6479814599093977,0.6397572170748443,0.5646634516543068,0.5140329995940893,0.5554623395554353,0.6582958129342793,0.6735648430761696,0.567497957870475,0.5943549933739745,0.5843462145173932,0.6861411516612059,0.5795493900295734,0.591012450481879,0.5571327196139372,0.6631246763926184,0.6632328877896537,0.6432944438013202,0.6005925757232415,0.5270124035354306,0.6674451670611762,0.0,0.6142046424520289,0.5562475690145854,0.6406180364590651,0.490222786107271,0.6411795425464345,0.5966178438220953,0.6836127832044144,0.5733989649390991,0.6540038971493216,0.5251371712929399,0.5875128018273579,0.5797250042150256,0.6180752001735663,0.6087489971363461,0.6490275315405531,0.5595218377561959,0.7063834586862763
CRM,0.38561164598139896,0.5717698630562272,0.45169535076626965,0.5823826172949863,0.45581522555441994,0.4586388308818072,0.6576949612740325,0.39229145625343104,0.6760722570103731,0.6497530860263989,0.617377822260064,0.5750865231486831,0.38181416212031544,0.44716418899863225,0.644330907125729,0.47468836590800306,0.3595413449234595,0.5390541071027907,0.36440573751590843,0.61025014246568,0.67860801362037,0.5226627716300593,0.7002344578819689,0.6597039844727703,0.6895260901624201,0.6510953513136135,0.7037510062794673,0.6924237793628933,0.6518626455026024,0.6142046424520289,0.0,0.6555415076515995,0.6245319570825402,0.6386381901473605,0.7027014816582605,0.6616607697008354,0.6843494601292067,0.5057225940321978,0.7012812664652333,0.7063367369622316,0.6750630636759735,0.6584464971315178,0.6733987240068904,0.6599292352854873,0.617115661789933,0.5273343362221944,0.5926131744049586
ABBV,0.5972282340859506,0.5388163877366191,0.6379428551449399,0.6899544554916002,0.5876742731486101,0.5887069942253882,0.6046286367835894,0.6343453420448043,0.6238499087734795,0.6697708513416538,0.6868268570483999,0.6047492759907128,0.6382445734729636,0.6174747106864755,0.658929219499983,0.6789489560095435,0.6176883275012521,0.5338790972192381,0.5933931518829978,0.6228377712684131,0.5718400834629301,0.615756547153754,0.5517066435502926,0.6891963400214173,0.6363095654883801,0.6827837413468673,0.5881614275444659,0.6368995879959902,0.6800775686845558,0.5562475690145854,0.6555415076515995,0.0,0.6994408033464171,0.6115573433052396,0.6889329585491492,0.5526890225872202,0.6907734522757558,0.6228687294006566,0.6863036866995605,0.535116616778691,0.5803011331629361,0.6412580971406913,0.6382285288117633,0.6999195220053385,0.6398433778036992,0.6201747163583227,0.6621008328474675
CVX,0.7040218976195285,0.7059680805355241,0.6527231106242601,0.6826471293549005,0.6618279024613671,0.655350361242087,0.6728724014255838,0.7002084589013511,0.6820425074593753,0.6587157883083948,0.6977401489235745,0.6462049166494848,0.6896770838745269,0.6987789300163658,0.6782282369608418,0.6935450986165903,0.6929672360464337,0.6848290769568092,0.6968101237339261,0.6545792760736302,0.6887344708844503,0.6587650601629611,0.6992396831864328,0.7026500458741897,0.6586744907210608,0.6423312948354207,0.6844979590007086,0.43196813430984776,0.657825331357364,0.6406180364590651,0.6245319570825402,0.6994408033464171,0.0,0.5787424415154498,0.5337956829382807,0.6703742521356613,0.6620452036744177,0.6960446065463081,0.6143243413271943,0.644542429179449,0.6306762418212813,0.6422871769536477,0.6843109718124502,0.6391744375805974,0.7026706976051321,0.6737270413215978,0.7015997252564099
TMO,0.5355935390833511,0.6053702975961123,0.6219695349190092,0.6836452188591492,0.5388186468710975,0.5287110467977607,0.6246540107134668,0.5088319138830371,0.6654466318291754,0.6480589651988253,0.6226673426821818,0.6022536399117274,0.5578557122937897,0.5212366567520652,0.6856729896628153,0.6622184577875093,0.5605743305390415,0.5121750613865585,0.5958236262909996,0.7025567260762294,0.6351687959747592,0.5166206131804095,0.5759803424939995,0.5956280293268564,0.6798611488672343,0.6301620730173535,0.5583187534558257,0.4903591956443211,0.6707890557912777,0.490222786107271,0.6386381901473605,0.6115573433052396,0.5787424415154498,0.0,0.6245731792719926,0.5483100152586983,0.6411730752118991,0.54095062477533,0.5469094112999754,0.6010219743861647,0.6178410038229505,0.5420287804707259,0.5858592625946036,0.4111917419597775,0.6854956862228502,0.5481942709368385,0.583024034920401
MCD,0.6395575881368859,0.663284733218524,0.6106718865813419,0.6314944674413078,0.6676416976870648,0.6590330410419368,0.5999334598611531,0.6370280648821288,0.6411451150257482,0.6157988333066117,0.6257609159505977,0.6209289388965163,0.618713399161368,0.6305383509506448,0.6202254125133994,0.6861844266586933,0.7067058800076093,0.6677510174707072,0.6801971748536632,0.6484979397670981,0.6537383042780932,0.6431508521873202,0.6116610835329191,0.6306252070306012,0.6987801097184263,0.5836204470330861,0.6725304365991397,0.5940209177139247,0.6620895606684039,0.6411795425464345,0.7027014816582605,0.6889329585491492,0.5337956829382807,0.6245731792719926,0.0,0.7008602374547185,0.6448354213620634,0.6622255454045294,0.6534367414533184,0.6502932313591807,0.6212738031201279,0.636270454810383,0.669656744070887,0.6009495221960516,0.6968782779221524,0.6168956884371819,0.6689024448011741
AMGN,0.5942411782315119,0.6567838152661633,0.6712395580639149,0.6911074816195447,0.6009163238540123,0.5952440590103326,0.6337598834421583,0.6148797412100485,0.6076405285758436,0.6982796973541937,0.6695265762017978,0.6052930744820303,0.6547860978047587,0.6205435919957445,0.7011729937344824,0.635842853775028,0.6015543798696119,0.5941828496444761,0.6509218968500521,0.673171093385158,0.596832670729027,0.628705433293827,0.5332760361204497,0.609460879697907,0.6776838902452859,0.7058677792401011,0.5736804321973481,0.5650920686470559,0.6049511578078863,0.5966178438220953,0.6616607697008354,0.5526890225872202,0.6703742521356613,0.5483100152586983,0.7008602374547185,0.0,0.6024943135065762,0.6304373886978254,0.6659978757406996,0.6001687578275503,0.7001396209145256,0.6022285065240864,0.6110021208340075,0.6225579521834118,0.6666330686317947,0.627471463663441,0.6387268333336027
COST,0.6786714663316101,0.705370470192116,0.6820647317220064,0.6967062563808087,0.6798235048169465,0.6806239538724209,0.6995021022428076,0.6970073906298921,0.5435641525984908,0.6863196271879126,0.6108904579159342,0.6516337162945469,0.6928252583636427,0.6840358864744591,0.6769094747332183,0.6885378977595753,0.6878249358071631,0.6568559740111166,0.686186569913085,0.6900907297415414,0.6523800288078578,0.689889607996408,0.6162562066932249,0.6999238951559339,0.6434733344082617,0.6872144611470569,0.6673455269206371,0.6319995703905752,0.6074014647570561,0.6836127832044144,0.6843494601292067,0.6907734522757558,0.6620452036744177,0.6411730752118991,0.6448354213620634,0.6024943135065762,0.0,0.6971610818750082,0.6822147460968867,0.6717303659381652,0.7014528746371324,0.6979339120687472,0.6915445601270518,0.6580836004953169,0.7016539263669539,0.6453837689514189,0.6759146288371387
ACN,0.4975197799408838,0.583682275128747,0.4896970385645394,0.6297142674588009,0.5729854801972281,0.5645691942951928,0.657932209170571,0.43855629815014907,0.6768899224911762,0.605058264680007,0.6166218266925453,0.6746388591813878,0.42841033460046096,0.5607418098164308,0.6139419304102159,0.5970192022032799,0.5363013710654695,0.5479157204310463,0.48961928731749826,0.6996348269050618,0.6789285716619342,0.4932074770272259,0.6155264633979386,0.6408257817630408,0.680081049731377,0.5918402047527193,0.6016290429687707,0.5953324881603272,0.7065922010430149,0.5733989649390991,0.5057225940321978,0.6228687294006566,0.6960446065463081,0.54095062477533,0.6622255454045294,0.6304373886978254,0.6971610818750082,0.0,0.6173944031777906,0.6429522503742131,0.606125922519087,0.5902691797729328,0.6300617280544017,0.5772475116327843,0.6508928810654525,0.5943468444528446,0.6543739660804007
NEE,0.6701650964451571,0.7032592010192539,0.6354543180362231,0.6990371746447982,0.6965160913681929,0.6849207151329058,0.6707594211693743,0.6411281639295435,0.5983265500249534,0.5036923240428985,0.6331148114791618,0.6457640935031069,0.6351324055527658,0.6566860243060635,0.65824919706442,0.6465676036193261,0.6670315620782854,0.6850789412596126,0.69585347400689,0.691244992761284,0.6501510434404515,0.6806997769102424,0.6955084920765323,0.6955236091070671,0.5390108997767781,0.5014743102007058,0.6660965977687983,0.6744401072969362,0.6539672172589549,0.6540038971493216,0.7012812664652333,0.6863036866995605,0.6143243413271943,0.5469094112999754,0.6534367414533184,0.6659978757406996,0.6822147460968867,0.6173944031777906,0.0,0.6974464220741918,0.6886289463360551,0.6607899654887323,0.6762465994594244,0.6733949941412256,0.68087299678218,0.6718907375844153,0.6474806848368001
LLY,0.6543328364906971,0.6687809592481303,0.6131115179929036,0.6035117349132896,0.610577654395967,0.6083347269319637,0.5536736477242069,0.6767246954091383,0.6417304134244536,0.6532064092190295,0.6877247292813059,0.6680839184123459,0.6256863982730256,0.7056349270622174,0.609081133025799,0.6747697756030446,0.7025799454507945,0.6897630752297451,0.6590980701000638,0.636620768427195,0.522776223664733,0.6333710834147969,0.4965022879168437,0.698512392354049,0.6603123085538997,0.6704930690345396,0.5631906674042323,0.6418353684456468,0.6702116985888488,0.5251371712929399,0.7063367369622316,0.535116616778691,0.644542429179449,0.6010219743861647,0.6502932313591807,0.6001687578275503,0.6717303659381652,0.6429522503742131,0.6974464220741918,0.0,0.4967711270204522,0.6606148675498678,0.6578570374840506,0.6781654603837377,0.6672728311986328,0.6993396015093721,0.6705386645977727
BMY,0.677125576689874,0.6409811453873376,0.6265597270204175,0.614101243549612,0.6432308994452494,0.652081407288248,0.6183398307982901,0.6626337150504729,0.6696753532229879,0.680511423392476,0.6730585848468122,0.6683189931119948,0.6027161341875787,0.7024281928400672,0.6284119154649791,0.6735828607756975,0.6855793093601124,0.5787112728678012,0.636489723778403,0.6279525493242168,0.6056277158470701,0.6288603010771195,0.5553153814939646,0.6677208965826231,0.6520647234703455,0.6719142686301617,0.6341905339795375,0.5946199689326246,0.6978738708595342,0.5875128018273579,0.6750630636759735,0.5803011331629361,0.6306762418212813,0.6178410038229505,0.6212738031201279,0.7001396209145256,0.7014528746371324,0.606125922519087,0.6886289463360551,0.4967711270204522,0.0,0.621497851736075,0.6398836169521358,0.6776670518162654,0.6238923307196393,0.6352577177573568,0.683415237616133
LIN,0.6128743969062753,0.6519067175876035,0.6617478832512339,0.6990574282998191,0.5902803260995408,0.5904512333818235,0.6149822858724924,0.5538916198281193,0.6520855875230905,0.6788815656741931,0.6283213821918356,0.5695284764005515,0.5984472396866478,0.6348860959650934,0.6523116326424885,0.6731774985101879,0.631018537067576,0.576962672383798,0.6351557633811444,0.6548472113512311,0.6371871250758214,0.5970143060788916,0.621144451589379,0.5713529391305792,0.6161651005410566,0.6587581443921564,0.5569530069428563,0.5875016784893227,0.6907365662111431,0.5797250042150256,0.6584464971315178,0.6412580971406913,0.6422871769536477,0.5420287804707259,0.636270454810383,0.6022285065240864,0.6979339120687472,0.5902691797729328,0.6607899654887323,0.6606148675498678,0.621497851736075,0.0,0.6693096637746183,0.6152373987459302,0.6536687172339851,0.5665108676640876,0.6229774602301773
MDT,0.6369992615121831,0.6814787087887888,0.6476049249450088,0.647972110405976,0.6558857697299276,0.6548502750563377,0.7060727817637864,0.6680632306395112,0.6723407739531653,0.6776553223771212,0.6340889953712069,0.7022865746069711,0.6573997423530765,0.5845495008269038,0.6511095568486006,0.6545460262302267,0.6329683287810242,0.5445999406339794,0.6374124997600312,0.6631498199949456,0.665444348497752,0.7050636887141342,0.6967666781427403,0.6095446927341843,0.697531842729689,0.6721260270323002,0.6988400579454841,0.6616046187081644,0.7056038271607096,0.6180752001735663,0.6733987240068904,0.6382285288117633,0.6843109718124502,0.5858592625946036,0.669656744070887,0.6110021208340075,0.6915445601270518,0.6300617280544017,0.6762465994594244,0.6578570374840506,0.6398836169521358,0.6693096637746183,0.0,0.6131540389037684,0.6926122483221276,0.5752070541517502,0.7033748066108222
DHR,0.6177146982895334,0.6264750995254391,0.6704903073670642,0.682921318866447,0.6061949309681738,0.5820401684697062,0.6326941767419599,0.6202079044040602,0.6586916590483972,0.6928184565583505,0.5851031923841853,0.6797009018142914,0.6244001881512837,0.595163288203455,0.6915769132330026,0.7004837992193383,0.6189518698084048,0.5667656057092922,0.6110001312660042,0.6809894636580415,0.7037933566534664,0.571127912889909,0.6511383032655891,0.591454504817808,0.6531977044063918,0.7051985473257429,0.612094917262999,0.5696259666078141,0.692727523248281,0.6087489971363461,0.6599292352854873,0.6999195220053385,0.6391744375805974,0.4111917419597775,0.6009495221960516,0.6225579521834118,0.6580836004953169,0.5772475116327843,0.6733949941412256,0.6781654603837377,0.6776670518162654,0.6152373987459302,0.6131540389037684,0.0,0.6746255946037825,0.5670392600526429,0.6564507148056771
PM,0.7040161317887476,0.6648683246902911,0.6890453073770759,0.6853557186851872,0.683189231580685,0.6735894950530812,0.5855469231378337,0.6970892958086071,0.5694192014806305,0.6750706339957544,0.706648375882168,0.6947240221209262,0.6732343801104057,0.6635034551648139,0.5626954880045617,0.6412392228211738,0.607547678919172,0.6905317252712403,0.6315449089380063,0.5889459873718722,0.6555797187285245,0.703718345936605,0.6008067954979469,0.676660679014506,0.5878049866270382,0.689023312317707,0.5038676429295985,0.6989374369546922,0.6475689233314916,0.6490275315405531,0.617115661789933,0.6398433778036992,0.7026706976051321,0.6854956862228502,0.6968782779221524,0.6666330686317947,0.7016539263669539,0.6508928810654525,0.68087299678218,0.6672728311986328,0.6238923307196393,0.6536687172339851,0.6926122483221276,0.6746255946037825,0.0,0.6797483005791198,0.6731378836259994
