,MSFT,AAPL,AMZN,FB,GOOGL,GOOG,JNJ,V,PG,JPM,HD,UNH,MA,NVDA,VZ,NFLX,ADBE,INTC,PYPL,T,PFE,CSCO,MRK,CMCSA,PEP,BAC,KO,XOM,WMT,ABT,CRM,ABBV,CVX,TMO,MCD,AMGN,COST,ACN,NEE,LLY,BMY,LIN,MDT,DHR,PM,TXN,NKE
MSFT,0.0,0.38076130970498867,0.40184812791467983,0.656896213895925,0.4477369578873924,0.44898790395508353,0.6330667818021308,0.49013908793023414,0.6256413776386202,0.5723739789387732,0.5555502023594334,0.5732925810467904,0.5122956853133022,0.5084168195513242,0.6361356490036071,0.47924225474864135,0.468565275259336,0.5719790182997978,0.44091788188965564,0.6810913861139997,0.6239794280670884,0.4882383853444792,0.6018711281683702,0.638224814625574,0.6006047910628162,0.5945941543356685,0.6819687336270759,0.6538283303241538,0.6249635526933757,0.5111374553756678,0.44987601607398714,0.6259245354979612,0.5687436500128797,0.4615971566571107,0.6175870254855483,0.5966432518398027,0.595388597197509,0.5291664326553215,0.6923373766936962,0.6597708634012105,0.6431316653103576,0.6300160361334406,0.5842142396713117,0.5494330623747284,0.6289335181416821,0.5774116915326121,0.5003698543647368
AAPL,0.38076130970498867,0.0,0.412746221767355,0.5513949937910216,0.40874135778504733,0.4055955931513944,0.6102085966758846,0.5108410364059144,0.630589929113893,0.6257925214438428,0.5650391467409575,0.5963755299802528,0.4460979190862853,0.5129781943670045,0.6535351006805277,0.48382458195722083,0.5043613979509245,0.6235510897114223,0.5262661191999827,0.6415436665929082,0.6135890557350977,0.5136756716374643,0.6141883935756436,0.6602904366769766,0.6335428441201352,0.6489466590773447,0.6869245554697762,0.6059277796946012,0.6699448748472697,0.5435020885631405,0.4706237779702102,0.6441327453873847,0.5556998541770589,0.4864829733079703,0.6873648364002596,0.6468117396354579,0.6278685114861543,0.5273808492126092,0.6975404860515613,0.6738146131932099,0.6416009506072073,0.6237612755939284,0.5723401087454408,0.5478115041460618,0.6378977790700957,0.5538689139835582,0.5604161239378203
AMZN,0.40184812791467983,0.412746221767355,0.0,0.5099606990046736,0.3344136129039695,0.33948361809443933,0.6084168056329948,0.6485096858844032,0.5973242329234179,0.6147399842676535,0.6036111948685008,0.6095662832223584,0.4948041704389512,0.49688112999629946,0.616075462252483,0.4704827556745763,0.5139162105509881,0.6133983760294538,0.5736327237348993,0.6933686015979665,0.6022606931063093,0.5354155157353141,0.6562622584697494,0.6526581335744946,0.5765657258114887,0.6526611891166533,0.6619467675068231,0.6269299032729541,0.6021377797689429,0.4880872686868834,0.522957147156641,0.6084272459498008,0.5773281602724796,0.49656070969983274,0.7044699761323231,0.5788936345195228,0.5416247992746103,0.551760749190446,0.6492075492117132,0.6448397820469778,0.6337073291703249,0.6486704153141145,0.5627563279272658,0.5408533746310848,0.6440224374364828,0.5755313472677278,0.52794561666456
FB,0.656896213895925,0.5513949937910216,0.5099606990046736,0.0,0.4562942506365431,0.4615290746163214,0.6109453327410649,0.7068545267488003,0.6470733814057431,0.7037027094460282,0.6519965813924236,0.6857594484556803,0.4883896445529779,0.5637752956788907,0.6376707330413632,0.5749602434482355,0.5465498716522844,0.678351688521626,0.6866136547717664,0.6735804828049382,0.599328186439004,0.6040972127313419,0.6546445250873292,0.6920649656229406,0.6385891677079666,0.6751841634373692,0.6768560112509292,0.631914706211386,0.6995000359865927,0.5562002525256557,0.604420113938293,0.6634609780526384,0.5792010363824818,0.6555911055480579,0.602143266913479,0.6599347182178877,0.6381330512095988,0.6600476643957943,0.6413743257386543,0.6394354418810059,0.6264660715267788,0.6656608834651276,0.6071116247326506,0.5830802330643365,0.6449317363925867,0.6557220304068144,0.6493686954814321
GOOGL,0.4477369578873924,0.40874135778504733,0.3344136129039695,0.4562942506365431,0.0,0.045670413729910694,0.5791475442584468,0.5728261074454549,0.5943396101938115,0.6202606921497587,0.5800005756319486,0.60146719940831,0.4610978591193782,0.4974522919173487,0.6527362592538316,0.43465496497717165,0.4504240259578384,0.6087324613726817,0.5656601500797634,0.7041242800744881,0.5804136229269995,0.5096368783730288,0.5710322132631817,0.6319796209859667,0.5905171190485812,0.657379882180378,0.6735552338436139,0.569115598372879,0.6432266584502324,0.5049349233933419,0.4594984338754995,0.6053644562024311,0.5070661223545048,0.5772895913926085,0.6827011020209167,0.5853784315216266,0.5743705321597455,0.562120309951448,0.6646514457886786,0.6218985327795145,0.5870279070649933,0.6261886736433506,0.5688185416163609,0.5771357189791887,0.6225426178204754,0.5996486486414075,0.5275885977412695
GOOG,0.44898790395508353,0.4055955931513944,0.33948361809443933,0.4615290746163214,0.045670413729910694,0.0,0.5817172642395193,0.5684120511558663,0.6015836452503011,0.620619482908729,0.5759469295248562,0.6058629088103804,0.462395350763504,0.49624189233373633,0.6541294292231339,0.43892444469464315,0.4607209005829118,0.6061676880590644,0.5714810002358274,0.7068175835584563,0.5767695167919968,0.5142630351908252,0.5672895340968211,0.6303332863543818,0.5910228807813449,0.6585570879573308,0.6739769141482653,0.5632170260258184,0.6485141260552234,0.5035136819152808,0.46488492979734625,0.6080450307324096,0.5067511684521588,0.5790709772561456,0.6843307313272968,0.5907417742532715,0.5772844497118016,0.5650539087503794,0.6687453305458158,0.6244545797871752,0.5968246110797545,0.6201613229010831,0.570369457326864,0.5865592335714017,0.6186808172231247,0.604316875363356,0.5368437346519752
JNJ,0.6330667818021308,0.6102085966758846,0.6084168056329948,0.6109453327410649,0.5791475442584468,0.5817172642395193,0.0,0.597709162879746,0.5841499532841095,0.6191013484197819,0.6181935361971104,0.5943980272503411,0.5196434979784035,0.6465101178107518,0.6225007523859541,0.6507734380676626,0.5703324814871452,0.6220244936510295,0.6163680334857086,0.5860310433366278,0.5069802639236318,0.5343593661132551,0.4600952122806874,0.6110120448283161,0.4771745929353927,0.6982194066387253,0.6332851471619274,0.526749208733015,0.6883780438740712,0.5580081427984847,0.5267526218423271,0.5862401961934698,0.5711958507033119,0.536693618132468,0.7017187959820212,0.5835080572602298,0.5840217545256925,0.5444924267146124,0.6489430743680078,0.5376973091761161,0.5289441778546339,0.5758218061396424,0.5677961085425159,0.5360817090780574,0.5422864185468063,0.6586272881736338,0.5605894451639993
V,0.49013908793023414,0.5108410364059144,0.6485096858844032,0.7068545267488003,0.5728261074454549,0.5684120511558663,0.597709162879746,0.0,0.6777697149481027,0.5573337920657618,0.5601040061860473,0.6171232036254197,0.4554704165624402,0.505354624502555,0.666898357487702,0.5967656787139879,0.5591271910258164,0.48472633892160044,0.4088845397902345,0.7069286325085713,0.6182481880192471,0.5494134966019445,0.5369254137778905,0.6847884253978986,0.6875540125031752,0.6040256212310412,0.6749656043044319,0.49918275128829454,0.6542414759987638,0.5388588967382569,0.4755105510610766,0.593222411826305,0.42291199773351756,0.4962681992987828,0.627953604070226,0.5736170931434957,0.6914942869134786,0.49761397824523484,0.6634138100883396,0.7036500188803246,0.6172878166935762,0.5601862081719673,0.5686720155891564,0.616891984206523,0.6941545775263885,0.5135908684985236,0.5324600814852077
PG,0.6256413776386202,0.630589929113893,0.5973242329234179,0.6470733814057431,0.5943396101938115,0.6015836452503011,0.5841499532841095,0.6777697149481027,0.0,0.6809444489830884,0.6642970375916503,0.6302458888723256,0.6205674032080949,0.6045323635802088,0.5894165075447908,0.654130381063917,0.6141230146861625,0.6314875834341412,0.6526888687422935,0.6151207944468947,0.5610883618154772,0.5426665020704415,0.5843899482004209,0.479617018033538,0.5371679037346189,0.6628076768651645,0.5739459957280448,0.66525561490202,0.5974224319680328,0.6784104229651707,0.5521110970106199,0.5640968289929837,0.6439971610314178,0.652928450556471,0.6854250797682977,0.6205286072741603,0.6609759652506352,0.6472172841931331,0.576311892720433,0.6332366175486516,0.596305693350453,0.6674936395632294,0.611109397107028,0.6768740174422163,0.6012326677821159,0.678653076601646,0.6577549409392647
JPM,0.5723739789387732,0.6257925214438428,0.6147399842676535,0.7037027094460282,0.6202606921497587,0.620619482908729,0.6191013484197819,0.5573337920657618,0.6809444489830884,0.0,0.5768961342880585,0.5562911260533037,0.5860787356230153,0.6189592332487185,0.6586246519574362,0.6395412577286004,0.6459806002404923,0.5698904153390306,0.5792981517557624,0.637044118248943,0.6551460587653629,0.5187739697063025,0.6500339768811593,0.6289392444276388,0.6723769875969868,0.3753274147169233,0.6904712327276517,0.5442708275389351,0.631907430066946,0.6030427848055105,0.6184864103822068,0.6639864889096674,0.5067448418065228,0.5905892807390569,0.6817427900572108,0.5673504750181233,0.6251949342931165,0.5511604165616518,0.5658166927748429,0.6636901851245969,0.6276135379064771,0.5452296606461892,0.6288165249438757,0.6257279534327578,0.6482633817164153,0.5666823404041322,0.4966701611067677
HD,0.5555502023594334,0.5650391467409575,0.6036111948685008,0.6519965813924236,0.5800005756319486,0.5759469295248562,0.6181935361971104,0.5601040061860473,0.6642970375916503,0.5768961342880585,0.0,0.5728580463864278,0.5290606381398009,0.5562518004254373,0.6561110450639918,0.6448291158128199,0.6165827424485874,0.6322789430721932,0.6183111605757012,0.6118331033559896,0.631765083478298,0.6003442741782881,0.6313243308570649,0.6318501868861444,0.6030144914265952,0.6616128613492357,0.694365193711755,0.5927230220879572,0.6470920146855091,0.6532289647751613,0.5744480092029457,0.6829559501899858,0.5469188798574008,0.5968399457664804,0.6631575732637898,0.6852289861987522,0.6398467095178629,0.5654050960489788,0.6626624052085643,0.673213820847389,0.6956653407399378,0.5884129924365797,0.671002368477783,0.7021531809653223,0.674952681119054,0.5836091342134963,0.6389495927675959
UNH,0.5732925810467904,0.5963755299802528,0.6095662832223584,0.6857594484556803,0.60146719940831,0.6058629088103804,0.5943980272503411,0.6171232036254197,0.6302458888723256,0.5562911260533037,0.5728580463864278,0.0,0.6182305511833892,0.5948783700707226,0.6799543454437472,0.6039186510469939,0.5799243062842189,0.6433050303722516,0.6354102548793229,0.6467483031734284,0.6449091434768698,0.5948716567624844,0.6189324499661338,0.6426820965123237,0.6147478166611499,0.5736093981434566,0.699576173081912,0.6578695882757573,0.580715887548656,0.6166861210577654,0.5774147701669236,0.6442573410696726,0.599188948631969,0.6046643962932385,0.6567529216356592,0.6212953828210083,0.574576662106631,0.5777305926123034,0.6942644951306048,0.6842909065878294,0.6293418376578725,0.6539996750092454,0.5359222756336445,0.6748746618310757,0.6516584246460608,0.6290179095860858,0.5562438040199138
MA,0.5122956853133022,0.4460979190862853,0.4948041704389512,0.4883896445529779,0.4610978591193782,0.462395350763504,0.5196434979784035,0.4554704165624402,0.6205674032080949,0.5860787356230153,0.5290606381398009,0.6182305511833892,0.0,0.41537299560627144,0.646038526097651,0.5832040996403439,0.4535719008557728,0.5690927470932795,0.5483913926957699,0.6550290805088269,0.519715577515766,0.4794350425420602,0.5282348480435352,0.5973904107656433,0.6273425857675752,0.6222576532239763,0.6825301304567271,0.4842058519515382,0.6989329744365312,0.4286434946185279,0.43002386257655434,0.5823584666939109,0.4112348826366133,0.45280719473849795,0.6865565268355721,0.5287598286144085,0.6208347667781049,0.4889293412223334,0.6655501940627151,0.6249981476222634,0.5831156323190203,0.5998718247439427,0.495117638955888,0.542881244766115,0.5789445163251759,0.5272456481565128,0.4693495527511673
NVDA,0.5084168195513242,0.5129781943670045,0.49688112999629946,0.5637752956788907,0.4974522919173487,0.49624189233373633,0.6465101178107518,0.505354624502555,0.6045323635802088,0.6189592332487185,0.5562518004254373,0.5948783700707226,0.41537299560627144,0.0,0.5951880116142128,0.585709198585563,0.5587936634522805,0.5043032320809739,0.5128942333036282,0.6699787686925147,0.5586954914353571,0.5305675287048237,0.6470708227958849,0.6178329791091268,0.635114424682351,0.6498692630092293,0.6936385584696535,0.5780480235504649,0.6779653061382053,0.4617624413075675,0.5360600480060594,0.5865089995538052,0.47755285113076795,0.531766947708067,0.6704992212629329,0.5072142619056441,0.6248644333089478,0.5898167641612148,0.6750127215398767,0.6888047593817627,0.5894654522726425,0.6401877904419337,0.5620527945598922,0.6036256973209432,0.6833450923474087,0.4401953193178958,0.5960556319945483
VZ,0.6361356490036071,0.6535351006805277,0.616075462252483,0.6376707330413632,0.6527362592538316,0.6541294292231339,0.6225007523859541,0.666898357487702,0.5894165075447908,0.6586246519574362,0.6561110450639918,0.6799543454437472,0.646038526097651,0.5951880116142128,0.0,0.6896556755121267,0.6286805433269282,0.6654521581825323,0.666292560260729,0.543755611928105,0.6414733473234953,0.636953970599088,0.6487023864036223,0.6286578815813249,0.5072776973932663,0.5994841611373064,0.6041472316854724,0.6738605302640022,0.6526998190827848,0.68876161930206,0.6119662691608646,0.5799198465956146,0.6972789135528574,0.5913523476362795,0.6007226199974077,0.6426335731629979,0.645504713597209,0.6756368187374809,0.5182126219152998,0.6592308265912431,0.6680411679897492,0.6965621537818403,0.663733106695719,0.6217119045368747,0.6251080348363203,0.7045464600291609,0.7051847056207451
NFLX,0.47924225474864135,0.48382458195722083,0.4704827556745763,0.5749602434482355,0.43465496497717165,0.43892444469464315,0.6507734380676626,0.5967656787139879,0.654130381063917,0.6395412577286004,0.6448291158128199,0.6039186510469939,0.5832040996403439,0.585709198585563,0.6896556755121267,0.0,0.5165615739392718,0.6176837589012358,0.4871455308130705,0.6912671788784717,0.6430595215817955,0.5146745420951051,0.6149388044138283,0.6919815912246104,0.6676870559011496,0.6538677140785659,0.6742774201119847,0.650107684534208,0.696868601516638,0.5568029107501178,0.4791509192493417,0.6968354947402005,0.6050683419171969,0.5897325040930613,0.7037831288379459,0.6388199597162044,0.6504773810359334,0.5703217037092593,0.7000837811225469,0.6308284938373914,0.6498522090673162,0.6195541001269629,0.6203559552598085,0.630941065525805,0.6417529220824015,0.572910040283521,0.5789838448030074
ADBE,0.468565275259336,0.5043613979509245,0.5139162105509881,0.5465498716522844,0.4504240259578384,0.4607209005829118,0.5703324814871452,0.5591271910258164,0.6141230146861625,0.6459806002404923,0.6165827424485874,0.5799243062842189,0.4535719008557728,0.5587936634522805,0.6286805433269282,0.5165615739392718,0.0,0.664921246404878,0.5526286749203716,0.6636307566362423,0.6157977712633931,0.5164741594166609,0.5298164357435566,0.6391128751964081,0.5979225922249796,0.6236100435573387,0.6261133265026729,0.626697140838072,0.657357483741277,0.5416665252818778,0.3921134234136403,0.6331863395900419,0.5695584092407683,0.47677065046279987,0.6971162041371762,0.5931508810271884,0.6039612049526212,0.566832379925679,0.6390774891508738,0.6262504515000956,0.6182886786264269,0.6778435325135133,0.5850265949181538,0.5535215276882935,0.5929824642510783,0.6608113216937443,0.4929165193880687
INTC,0.5719790182997978,0.6235510897114223,0.6133983760294538,0.678351688521626,0.6087324613726817,0.6061676880590644,0.6220244936510295,0.48472633892160044,0.6314875834341412,0.5698904153390306,0.6322789430721932,0.6433050303722516,0.5690927470932795,0.5043032320809739,0.6654521581825323,0.6176837589012358,0.664921246404878,0.0,0.5530133472318143,0.6939603776094695,0.6089721485177219,0.5833587257146545,0.6113801671200199,0.6560808749860516,0.6713055143757757,0.6664062808861407,0.6959241451234556,0.5218148661617984,0.6636627182685964,0.563173535001394,0.6088807992038511,0.5340555964469761,0.45450432332321333,0.5599037193793757,0.6148216408124348,0.5460910603612655,0.6347109091585929,0.5750065264620637,0.6280813915168498,0.6791008980484372,0.6098524266909576,0.5775490005995025,0.5951505852915935,0.6071564555681478,0.6693491672646718,0.46243171896375057,0.578751146698033
PYPL,0.44091788188965564,0.5262661191999827,0.5736327237348993,0.6866136547717664,0.5656601500797634,0.5714810002358274,0.6163680334857086,0.4088845397902345,0.6526888687422935,0.5792981517557624,0.6183111605757012,0.6354102548793229,0.5483913926957699,0.5128942333036282,0.666292560260729,0.4871455308130705,0.5526286749203716,0.5530133472318143,0.0,0.6992174983343146,0.6578152778358123,0.5182784990255973,0.659971878011398,0.6930181096824193,0.7020082407039393,0.6164778249574383,0.6931460319471091,0.5942301409839421,0.6944639123060616,0.5595099460072233,0.47542587754088506,0.6893444027826843,0.54207297985055,0.47676388453357677,0.5937673343107276,0.5478495609585485,0.6826621492682562,0.49216428340159074,0.6150671496520451,0.7050704113204102,0.636164552890332,0.6002924921929114,0.6007244068633822,0.5691022051021953,0.7021296252427376,0.48184122791049105,0.5286935482175595
T,0.6810913861139997,0.6415436665929082,0.6933686015979665,0.6735804828049382,0.7041242800744881,0.7068175835584563,0.5860310433366278,0.7069286325085713,0.6151207944468947,0.637044118248943,0.6118331033559896,0.6467483031734284,0.6550290805088269,0.6699787686925147,0.543755611928105,0.6912671788784717,0.6636307566362423,0.6939603776094695,0.6992174983343146,0.0,0.6243590770195783,0.5791867587201751,0.6179263094836317,0.5406548219321361,0.5880574136567742,0.6719289968202649,0.6848374637233839,0.6453832064570219,0.5573469304318114,0.6726648380011513,0.621212406088923,0.6122398727910503,0.6878564826343443,0.6872028125891431,0.6164526173175717,0.5286525723314184,0.6127179111338098,0.6994722205763736,0.6082924289658559,0.6794481819139695,0.6827689867702115,0.6651856559694825,0.6981598009063067,0.6788727362378114,0.5820537063673842,0.6804932103807515,0.6554312533025131
PFE,0.6239794280670884,0.6135890557350977,0.6022606931063093,0.599328186439004,0.5804136229269995,0.5767695167919968,0.5069802639236318,0.6182481880192471,0.5610883618154772,0.6551460587653629,0.631765083478298,0.6449091434768698,0.519715577515766,0.5586954914353571,0.6414733473234953,0.6430595215817955,0.6157977712633931,0.6089721485177219,0.6578152778358123,0.6243590770195783,0.0,0.49038322948529317,0.44315093696337154,0.5710402479559952,0.5490331677674248,0.6835067036869379,0.6738865303227662,0.5352024234267434,0.671771024411002,0.49345269617012705,0.5462977851441454,0.49604432435614715,0.6053621687044599,0.5556371923861206,0.7054716092733374,0.5307377144368549,0.6365612871737307,0.6272936363611237,0.6269304308175507,0.48211803891148575,0.5484446307897726,0.6144513753125179,0.5885471290459289,0.5958449199806258,0.5890380910443497,0.6705460412812893,0.619326809368084
CSCO,0.4882383853444792,0.5136756716374643,0.5354155157353141,0.6040972127313419,0.5096368783730288,0.5142630351908252,0.5343593661132551,0.5494134966019445,0.5426665020704415,0.5187739697063025,0.6003442741782881,0.5948716567624844,0.4794350425420602,0.5305675287048237,0.636953970599088,0.5146745420951051,0.5164741594166609,0.5833587257146545,0.5182784990255973,0.5791867587201751,0.49038322948529317,0.0,0.5737322263556053,0.6007403728536369,0.5778422288612806,0.6072937217266775,0.6630226907607426,0.5747712721662266,0.6273733167043948,0.5044119587923329,0.44067842018884573,0.5728578735270469,0.5603995903343632,0.5010581361791444,0.6436012078820514,0.5177314829381611,0.606134081180276,0.5766772937601553,0.6739851263429806,0.638790097875112,0.5828529348656059,0.5649306487448738,0.6066943352614823,0.5250346407242256,0.5964435485978936,0.5555475002804106,0.49040098860439635
MRK,0.6018711281683702,0.6141883935756436,0.6562622584697494,0.6546445250873292,0.5710322132631817,0.5672895340968211,0.4600952122806874,0.5369254137778905,0.5843899482004209,0.6500339768811593,0.6313243308570649,0.6189324499661338,0.5282348480435352,0.6470708227958849,0.6487023864036223,0.6149388044138283,0.5298164357435566,0.6113801671200199,0.659971878011398,0.6179263094836317,0.44315093696337154,0.5737322263556053,0.0,0.5990349768280443,0.5355450255585291,0.6898005117326468,0.6224789141355872,0.53801355293535,0.699309181875612,0.563103237859041,0.4921100202981473,0.5327194020432788,0.5913689732455826,0.5724224143860915,0.6912112820780189,0.5430306729834347,0.6711388028510294,0.584737230285735,0.6249596988955854,0.48037918004866287,0.5689753497692073,0.588487964128601,0.5912692137167584,0.644208376784946,0.5235972280617258,0.7034112494813866,0.5871357032336652
CMCSA,0.638224814625574,0.6602904366769766,0.6526581335744946,0.6920649656229406,0.6319796209859667,0.6303332863543818,0.6110120448283161,0.6847884253978986,0.479617018033538,0.6289392444276388,0.6318501868861444,0.6426820965123237,0.5973904107656433,0.6178329791091268,0.6286578815813249,0.6919815912246104,0.6391128751964081,0.6560808749860516,0.6930181096824193,0.5406548219321361,0.5710402479559952,0.6007403728536369,0.5990349768280443,0.0,0.647184628308825,0.7056510784734416,0.671079027318068,0.6452962612665214,0.6111010712705859,0.690845880696704,0.6359005292321891,0.6000560335135796,0.6260298586328555,0.6585354826873856,0.6462698582522975,0.5911132132325383,0.674508538389319,0.6636200289581874,0.6242167462461237,0.6607795193287095,0.680218540768937,0.6878966544442625,0.6227214974025315,0.694121594519276,0.5782116948933397,0.6931395730263877,0.6464353146931738
PEP,0.6006047910628162,0.6335428441201352,0.5765657258114887,0.6385891677079666,0.5905171190485812,0.5910228807813449,0.4771745929353927,0.6875540125031752,0.5371679037346189,0.6723769875969868,0.6030144914265952,0.6147478166611499,0.6273425857675752,0.635114424682351,0.5072776973932663,0.6676870559011496,0.5979225922249796,0.6713055143757757,0.7020082407039393,0.5880574136567742,0.5490331677674248,0.5778422288612806,0.5355450255585291,0.647184628308825,0.0,0.6642008723317018,0.5075467862786106,0.6460908582455321,0.5853330550189859,0.6200931214525556,0.6014397530322989,0.5572672248635344,0.6661378705131725,0.6190232854159226,0.6190285712323852,0.6595867803930637,0.6299003937943108,0.6444353273428117,0.5363248048174708,0.6026177994407542,0.5305865013402493,0.6947350386813733,0.6499649987533751,0.6451743402698462,0.5838048363390008,0.6863071799359276,0.6396452495850486
BAC,0.5945941543356685,0.6489466590773447,0.6526611891166533,0.6751841634373692,0.657379882180378,0.6585570879573308,0.6982194066387253,0.6040256212310412,0.6628076768651645,0.3753274147169233,0.6616128613492357,0.5736093981434566,0.6222576532239763,0.6498692630092293,0.5994841611373064,0.6538677140785659,0.6236100435573387,0.6664062808861407,0.6164778249574383,0.6719289968202649,0.6835067036869379,0.6072937217266775,0.6898005117326468,0.7056510784734416,0.6642008723317018,0.0,0.6940467135168141,0.630170383753075,0.6547904826000197,0.6638303106015466,0.6428970220155695,0.6953139839564878,0.6077392553979732,0.6199120322591634,0.6973976167855473,0.6001946037007395,0.6602778581282392,0.5960879913796604,0.5657928002892255,0.6755547751074334,0.6619360932503754,0.6551024077824853,0.6252113333634539,0.6739848399214518,0.6612883508495216,0.6232673795971262,0.5340116995069014
KO,0.6819687336270759,0.6869245554697762,0.6619467675068231,0.6768560112509292,0.6735552338436139,0.6739769141482653,0.6332851471619274,0.6749656043044319,0.5739459957280448,0.6904712327276517,0.694365193711755,0.699576173081912,0.6825301304567271,0.6936385584696535,0.6041472316854724,0.6742774201119847,0.6261133265026729,0.6959241451234556,0.6931460319471091,0.6848374637233839,0.6738865303227662,0.6630226907607426,0.6224789141355872,0.671079027318068,0.5075467862786106,0.6940467135168141,0.0,0.6783694251039173,0.7002270125072306,0.6829485929424999,0.6531622360723052,0.651515125542942,0.6690322542205384,0.6624288115420192,0.7015101526569987,0.6798037337287945,0.6805483365471463,0.6834529621469164,0.6341935239051275,0.6682086240658109,0.6468379121863415,0.6809742587569604,0.6985212734776636,0.6702380229837739,0.6683829301095667,0.6845924516612931,0.6659844994987737
XOM,0.6538283303241538,0.6059277796946012,0.6269299032729541,0.631914706211386,0.569115598372879,0.5632170260258184,0.526749208733015,0.49918275128829454,0.66525561490202,0.5442708275389351,0.5927230220879572,0.6578695882757573,0.4842058519515382,0.5780480235504649,0.6738605302640022,0.650107684534208,0.626697140838072,0.5218148661617984,0.5942301409839421,0.6453832064570219,0.5352024234267434,0.5747712721662266,0.53801355293535,0.6452962612665214,0.6460908582455321,0.630170383753075,0.6783694251039173,0.0,0.7043477157428825,0.5911435958244711,0.5689491224666882,0.5854155966301974,0.40295373074315916,0.5649529436551729,0.6660983435804101,0.5535407477524288,0.6880363254655609,0.5722364204122098,0.6889345754694792,0.6157380496937542,0.605597292840701,0.56838874106327,0.5893267563075609,0.6319496574973213,0.6405690177194181,0.591756300274584,0.5279306493636486
WMT,0.6249635526933757,0.6699448748472697,0.6021377797689429,0.6995000359865927,0.6432266584502324,0.6485141260552234,0.6883780438740712,0.6542414759987638,0.5974224319680328,0.631907430066946,0.6470920146855091,0.580715887548656,0.6989329744365312,0.6779653061382053,0.6526998190827848,0.696868601516638,0.657357483741277,0.6636627182685964,0.6944639123060616,0.5573469304318114,0.671771024411002,0.6273733167043948,0.699309181875612,0.6111010712705859,0.5853330550189859,0.6547904826000197,0.7002270125072306,0.7043477157428825,0.0,0.696932431246218,0.6676143850055538,0.6429537088810391,0.6903968311580992,0.6989394449564513,0.6517029916953435,0.6095678374029709,0.5233199120926245,0.687180824836638,0.5895614595395098,0.6957943272769025,0.6454239076329299,0.6794056459394578,0.6559355316018147,0.7049299428721197,0.651347301576057,0.6895749768596823,0.6204529994129004
ABT,0.5111374553756678,0.5435020885631405,0.4880872686868834,0.5562002525256557,0.5049349233933419,0.5035136819152808,0.5580081427984847,0.5388588967382569,0.6784104229651707,0.6030427848055105,0.6532289647751613,0.6166861210577654,0.4286434946185279,0.4617624413075675,0.68876161930206,0.5568029107501178,0.5416665252818778,0.563173535001394,0.5595099460072233,0.6726648380011513,0.49345269617012705,0.5044119587923329,0.563103237859041,0.690845880696704,0.6200931214525556,0.6638303106015466,0.6829485929424999,0.5911435958244711,0.696932431246218,0.0,0.5401381950484418,0.5687685923810585,0.5188021421250701,0.45191215843636123,0.6674430774115425,0.5226829866664487,0.6270178079219851,0.5599410186641466,0.6305074532279838,0.6216523390620132,0.5717305414198172,0.5769560565421812,0.49726772181292617,0.5139458356070649,0.6480111553217531,0.5334602623735641,0.495482438327844
CRM,0.44987601607398714,0.4706237779702102,0.522957147156641,0.604420113938293,0.4594984338754995,0.46488492979734625,0.5267526218423271,0.4755105510610766,0.5521110970106199,0.6184864103822068,0.5744480092029457,0.5774147701669236,0.43002386257655434,0.5360600480060594,0.6119662691608646,0.4791509192493417,0.3921134234136403,0.6088807992038511,0.47542587754088506,0.621212406088923,0.5462977851441454,0.44067842018884573,0.4921100202981473,0.6359005292321891,0.6014397530322989,0.6428970220155695,0.6531622360723052,0.5689491224666882,0.6676143850055538,0.5401381950484418,0.0,0.5914256343848828,0.5548965974811148,0.4527450754662375,0.7046236425517226,0.5492198367348304,0.6247190409164638,0.5329475676017257,0.687337136028265,0.6034852199855252,0.6259129366742692,0.5770427435534956,0.5999304587347046,0.5329059119510202,0.5999585192881617,0.5869506998437438,0.49165049987754117
ABBV,0.6259245354979612,0.6441327453873847,0.6084272459498008,0.6634609780526384,0.6053644562024311,0.6080450307324096,0.5862401961934698,0.593222411826305,0.5640968289929837,0.6639864889096674,0.6829559501899858,0.6442573410696726,0.5823584666939109,0.5865089995538052,0.5799198465956146,0.6968354947402005,0.6331863395900419,0.5340555964469761,0.6893444027826843,0.6122398727910503,0.49604432435614715,0.5728578735270469,0.5327194020432788,0.6000560335135796,0.5572672248635344,0.6953139839564878,0.651515125542942,0.5854155966301974,0.6429537088810391,0.5687685923810585,0.5914256343848828,0.0,0.6092560767718671,0.5762192406743007,0.6209697668365185,0.5164188644702373,0.6663332239445037,0.6443682924504553,0.5118899811423757,0.6157414297064769,0.6099562626388556,0.6117928207969315,0.5977191543046627,0.6048319749996028,0.6469684577795589,0.6670621749850069,0.5756078322599097
CVX,0.5687436500128797,0.5556998541770589,0.5773281602724796,0.5792010363824818,0.5070661223545048,0.5067511684521588,0.5711958507033119,0.42291199773351756,0.6439971610314178,0.5067448418065228,0.5469188798574008,0.599188948631969,0.4112348826366133,0.47755285113076795,0.6972789135528574,0.6050683419171969,0.5695584092407683,0.45450432332321333,0.54207297985055,0.6878564826343443,0.6053621687044599,0.5603995903343632,0.5913689732455826,0.6260298586328555,0.6661378705131725,0.6077392553979732,0.6690322542205384,0.40295373074315916,0.6903968311580992,0.5188021421250701,0.5548965974811148,0.6092560767718671,0.0,0.5658612979982497,0.6839175727310581,0.5523522417332387,0.638523334071295,0.5388052953829477,0.6933852733230196,0.6847376636072582,0.5702944225641681,0.6069050842209063,0.5567764655921285,0.6130907197407135,0.6724754090749094,0.4955975761551019,0.512196780213036
TMO,0.4615971566571107,0.4864829733079703,0.49656070969983274,0.6555911055480579,0.5772895913926085,0.5790709772561456,0.536693618132468,0.4962681992987828,0.652928450556471,0.5905892807390569,0.5968399457664804,0.6046643962932385,0.45280719473849795,0.531766947708067,0.5913523476362795,0.5897325040930613,0.47677065046279987,0.5599037193793757,0.47676388453357677,0.6872028125891431,0.5556371923861206,0.5010581361791444,0.5724224143860915,0.6585354826873856,0.6190232854159226,0.6199120322591634,0.6624288115420192,0.5649529436551729,0.6989394449564513,0.45191215843636123,0.4527450754662375,0.5762192406743007,0.5658612979982497,0.0,0.6056057020935559,0.5080213817812977,0.5937911227132263,0.5177404907003539,0.6709396688891258,0.5953657962284529,0.633718790793118,0.5761191254620609,0.5216810228473421,0.4610000808270953,0.637513014269207,0.5674756113052949,0.45580490519102973
MCD,0.6175870254855483,0.6873648364002596,0.7044699761323231,0.602143266913479,0.6827011020209167,0.6843307313272968,0.7017187959820212,0.627953604070226,0.6854250797682977,0.6817427900572108,0.6631575732637898,0.6567529216356592,0.6865565268355721,0.6704992212629329,0.6007226199974077,0.7037831288379459,0.6971162041371762,0.6148216408124348,0.5937673343107276,0.6164526173175717,0.7054716092733374,0.6436012078820514,0.6912112820780189,0.6462698582522975,0.6190285712323852,0.6973976167855473,0.7015101526569987,0.6660983435804101,0.6517029916953435,0.6674430774115425,0.7046236425517226,0.6209697668365185,0.6839175727310581,0.6056057020935559,0.0,0.6386657602888965,0.6732114496177501,0.6056356548200804,0.6183106742611748,0.68982653745847,0.6636486056046886,0.6790780857941723,0.6592518654633751,0.6735195743646111,0.6706633784274624,0.6884015941103945,0.6605389180239943
AMGN,0.5966432518398027,0.6468117396354579,0.5788936345195228,0.6599347182178877,0.5853784315216266,0.5907417742532715,0.5835080572602298,0.5736170931434957,0.6205286072741603,0.5673504750181233,0.6852289861987522,0.6212953828210083,0.5287598286144085,0.5072142619056441,0.6426335731629979,0.6388199597162044,0.5931508810271884,0.5460910603612655,0.5478495609585485,0.5286525723314184,0.5307377144368549,0.5177314829381611,0.5430306729834347,0.5911132132325383,0.6595867803930637,0.6001946037007395,0.6798037337287945,0.5535407477524288,0.6095678374029709,0.5226829866664487,0.5492198367348304,0.5164188644702373,0.5523522417332387,0.5080213817812977,0.6386657602888965,0.0,0.6040669474854196,0.5489358809076769,0.6337970756235755,0.6125431141074461,0.5773048704259767,0.5478043474705483,0.5973688223602412,0.5713448171651453,0.6434151694103145,0.5438358853867925,0.5231299656171279
COST,0.595388597197509,0.6278685114861543,0.5416247992746103,0.6381330512095988,0.5743705321597455,0.5772844497118016,0.5840217545256925,0.6914942869134786,0.6609759652506352,0.6251949342931165,0.6398467095178629,0.574576662106631,0.6208347667781049,0.6248644333089478,0.645504713597209,0.6504773810359334,0.6039612049526212,0.6347109091585929,0.6826621492682562,0.6127179111338098,0.6365612871737307,0.606134081180276,0.6711388028510294,0.674508538389319,0.6299003937943108,0.6602778581282392,0.6805483365471463,0.6880363254655609,0.5233199120926245,0.6270178079219851,0.6247190409164638,0.6663332239445037,0.638523334071295,0.5937911227132263,0.6732114496177501,0.6040669474854196,0.0,0.6203873593708381,0.6374222884081191,0.642172994480252,0.6074799753918735,0.6217542836075948,0.6681314432801712,0.5950365285557871,0.6354572539616242,0.6863501909998684,0.5914044603476784
ACN,0.5291664326553215,0.5273808492126092,0.551760749190446,0.6600476643957943,0.562120309951448,0.5650539087503794,0.5444924267146124,0.49761397824523484,0.6472172841931331,0.5511604165616518,0.5654050960489788,0.5777305926123034,0.4889293412223334,0.5898167641612148,0.6756368187374809,0.5703217037092593,0.566832379925679,0.5750065264620637,0.49216428340159074,0.6994722205763736,0.6272936363611237,0.5766772937601553,0.584737230285735,0.6636200289581874,0.6444353273428117,0.5960879913796604,0.6834529621469164,0.5722364204122098,0.687180824836638,0.5599410186641466,0.5329475676017257,0.6443682924504553,0.5388052953829477,0.5177404907003539,0.6056356548200804,0.5489358809076769,0.6203873593708381,0.0,0.6778761549895385,0.6714345435169616,0.5958002998521776,0.5536261021671438,0.5897375490777502,0.601040386921121,0.6692864082790442,0.5645681226937543,0.48635761028168806
NEE,0.6923373766936962,0.6975404860515613,0.6492075492117132,0.6413743257386543,0.6646514457886786,0.6687453305458158,0.6489430743680078,0.6634138100883396,0.576311892720433,0.5658166927748429,0.6626624052085643,0.6942644951306048,0.6655501940627151,0.6750127215398767,0.5182126219152998,0.7000837811225469,0.6390774891508738,0.6280813915168498,0.6150671496520451,0.6082924289658559,0.6269304308175507,0.6739851263429806,0.6249596988955854,0.6242167462461237,0.5363248048174708,0.5657928002892255,0.6341935239051275,0.6889345754694792,0.5895614595395098,0.6305074532279838,0.687337136028265,0.5118899811423757,0.6933852733230196,0.6709396688891258,0.6183106742611748,0.6337970756235755,0.6374222884081191,0.6778761549895385,0.0,0.6165025699033013,0.6491691260389771,0.6909691618715937,0.6357806367948147,0.6512799048476314,0.6230111368896868,0.681924536635012,0.7033192158465384
LLY,0.6597708634012105,0.6738146131932099,0.6448397820469778,0.6394354418810059,0.6218985327795145,0.6244545797871752,0.5376973091761161,0.7036500188803246,0.6332366175486516,0.6636901851245969,0.673213820847389,0.6842909065878294,0.6249981476222634,0.6888047593817627,0.6592308265912431,0.6308284938373914,0.6262504515000956,0.6791008980484372,0.7050704113204102,0.6794481819139695,0.48211803891148575,0.638790097875112,0.48037918004866287,0.6607795193287095,0.6026177994407542,0.6755547751074334,0.6682086240658109,0.6157380496937542,0.6957943272769025,0.6216523390620132,0.6034852199855252,0.6157414297064769,0.6847376636072582,0.5953657962284529,0.68982653745847,0.6125431141074461,0.642172994480252,0.6714345435169616,0.6165025699033013,0.0,0.5633799498310331,0.7043860961360658,0.6188905220745382,0.6363592978086625,0.547092187186882,0.6252126773641081,0.6620235907355033
BMY,0.6431316653103576,0.6416009506072073,0.6337073291703249,0.6264660715267788,0.5870279070649933,0.5968246110797545,0.5289441778546339,0.6172878166935762,0.596305693350453,0.6276135379064771,0.6956653407399378,0.6293418376578725,0.5831156323190203,0.5894654522726425,0.6680411679897492,0.6498522090673162,0.6182886786264269,0.6098524266909576,0.636164552890332,0.6827689867702115,0.5484446307897726,0.5828529348656059,0.5689753497692073,0.680218540768937,0.5305865013402493,0.6619360932503754,0.6468379121863415,0.605597292840701,0.6454239076329299,0.5717305414198172,0.6259129366742692,0.6099562626388556,0.5702944225641681,0.633718790793118,0.6636486056046886,0.5773048704259767,0.6074799753918735,0.5958002998521776,0.6491691260389771,0.5633799498310331,0.0,0.7067366565788868,0.5780474651918649,0.647129297342428,0.6119498284961896,0.6333475668799613,0.5727831850342374
LIN,0.6300160361334406,0.6237612755939284,0.6486704153141145,0.6656608834651276,0.6261886736433506,0.6201613229010831,0.5758218061396424,0.5601862081719673,0.6674936395632294,0.5452296606461892,0.5884129924365797,0.6539996750092454,0.5998718247439427,0.6401877904419337,0.6965621537818403,0.6195541001269629,0.6778435325135133,0.5775490005995025,0.6002924921929114,0.6651856559694825,0.6144513753125179,0.5649306487448738,0.588487964128601,0.6878966544442625,0.6947350386813733,0.6551024077824853,0.6809742587569604,0.56838874106327,0.6794056459394578,0.5769560565421812,0.5770427435534956,0.6117928207969315,0.6069050842209063,0.5761191254620609,0.6790780857941723,0.5478043474705483,0.6217542836075948,0.5536261021671438,0.6909691618715937,0.7043860961360658,0.7067366565788868,0.0,0.6838014041830083,0.611010883432016,0.666266708969108,0.616761089088965,0.6020217747506086
MDT,0.5842142396713117,0.5723401087454408,0.5627563279272658,0.6071116247326506,0.5688185416163609,0.570369457326864,0.5677961085425159,0.5686720155891564,0.611109397107028,0.6288165249438757,0.671002368477783,0.5359222756336445,0.495117638955888,0.5620527945598922,0.663733106695719,0.6203559552598085,0.5850265949181538,0.5951505852915935,0.6007244068633822,0.6981598009063067,0.5885471290459289,0.6066943352614823,0.5912692137167584,0.6227214974025315,0.6499649987533751,0.6252113333634539,0.6985212734776636,0.5893267563075609,0.6559355316018147,0.49726772181292617,0.5999304587347046,0.5977191543046627,0.5567764655921285,0.5216810228473421,0.6592518654633751,0.5973688223602412,0.6681314432801712,0.5897375490777502,0.6357806367948147,0.6188905220745382,0.5780474651918649,0.6838014041830083,0.0,0.6541169781368843,0.565575927705846,0.5941941264178737,0.5435192542364803
DHR,0.5494330623747284,0.5478115041460618,0.5408533746310848,0.5830802330643365,0.5771357189791887,0.5865592335714017,0.5360817090780574,0.616891984206523,0.6768740174422163,0.6257279534327578,0.7021531809653223,0.6748746618310757,0.542881244766115,0.6036256973209432,0.6217119045368747,0.630941065525805,0.5535215276882935,0.6071564555681478,0.5691022051021953,0.6788727362378114,0.5958449199806258,0.5250346407242256,0.644208376784946,0.694121594519276,0.6451743402698462,0.6739848399214518,0.6702380229837739,0.6319496574973213,0.7049299428721197,0.5139458356070649,0.5329059119510202,0.6048319749996028,0.6130907197407135,0.4610000808270953,0.6735195743646111,0.5713448171651453,0.5950365285557871,0.601040386921121,0.6512799048476314,0.6363592978086625,0.647129297342428,0.611010883432016,0.6541169781368843,0.0,0.6334364003029797,0.6177301336772163,0.5495445603464566
PM,0.6289335181416821,0.6378977790700957,0.6440224374364828,0.6449317363925867,0.6225426178204754,0.6186808172231247,0.5422864185468063,0.6941545775263885,0.6012326677821159,0.6482633817164153,0.674952681119054,0.6516584246460608,0.5789445163251759,0.6833450923474087,0.6251080348363203,0.6417529220824015,0.5929824642510783,0.6693491672646718,0.7021296252427376,0.5820537063673842,0.5890380910443497,0.5964435485978936,0.5235972280617258,0.5782116948933397,0.5838048363390008,0.6612883508495216,0.6683829301095667,0.6405690177194181,0.651347301576057,0.6480111553217531,0.5999585192881617,0.6469684577795589,0.6724754090749094,0.637513014269207,0.6706633784274624,0.6434151694103145,0.6354572539616242,0.6692864082790442,0.6230111368896868,0.547092187186882,0.6119498284961896,0.666266708969108,0.565575927705846,0.6334364003029797,0.0,0.6802792633531172,0.6163114613853621
