,MSFT,AAPL,AMZN,FB,GOOGL,GOOG,JNJ,V,PG,JPM,HD,UNH,MA,NVDA,VZ,NFLX,ADBE,INTC,PYPL,T,PFE,CSCO,MRK,CMCSA,PEP,BAC,KO,XOM,WMT,ABT,CRM,ABBV,CVX,TMO,MCD,AMGN,COST,ACN,NEE,LLY,BMY,LIN,MDT,DHR,PM,TXN,NKE
MSFT,0.0,0.41093138304941884,0.37181758952768346,0.4748327739399897,0.3723250038759998,0.3817064403603187,0.4797975209406851,0.42719675627523296,0.4705562873982974,0.6541730261072515,0.47291927407117906,0.5307840316380876,0.4162575970333332,0.3651168293121978,0.6002201287064358,0.4853808818705654,0.3612649770001225,0.5525431913575726,0.43012313778087075,0.6894458602005454,0.595476089944127,0.5434141043916175,0.4966260538084823,0.47105113044079766,0.43554799407716727,0.6313153742834803,0.5831666166612806,0.6900386533308784,0.503380501081264,0.482819861013671,0.48363786430087186,0.49145847560516637,0.6133649261362218,0.44445193214557904,0.6269831427654544,0.4638140793177218,0.41248397192403324,0.486452314253807,0.540584189181276,0.6113230273228434,0.5623846464780283,0.49967477848282654,0.5265295962271094,0.4525388889239076,0.6155266966468445,0.3881063919258995,0.6920796875629184
AAPL,0.41093138304941884,0.0,0.36220608843450425,0.4461180084076784,0.5186996702184944,0.5219796390697905,0.5830979703884145,0.5634576929754281,0.534174246758982,0.6779219261229422,0.5184187327206208,0.6185630626005937,0.5441945432973616,0.3956850308381755,0.6272911860701759,0.5207959855514407,0.43142818243507025,0.5732561783466926,0.4827829631105838,0.703012028235969,0.652574456256062,0.5626529670606175,0.6153537919427229,0.5542040661096747,0.5066323775473486,0.6480916945975519,0.655623190060634,0.671841372164471,0.5549238508226895,0.609682123335377,0.556714569117125,0.6004388559918402,0.644523854499352,0.5011208510335682,0.6480267599079411,0.5775200042194396,0.4773121017165762,0.5486960170571187,0.607695290776637,0.6946924342937799,0.6153755341443099,0.5330482466925989,0.6358988323289595,0.5026812914899751,0.6686961984281372,0.4676198750534628,0.6720938744034668
AMZN,0.37181758952768346,0.36220608843450425,0.0,0.4080526374162603,0.3716311780132795,0.3718179485298266,0.5512795054800714,0.4717428943598433,0.4813644169544357,0.6856239780858927,0.47787005293796153,0.5793528330344007,0.4590765343332806,0.43296508329964695,0.5623092135271635,0.43964201418675575,0.3409083360962955,0.5784528495652485,0.42575162501068614,0.6971352920595342,0.6428886407434069,0.5526667875406275,0.6193747904065905,0.47710535168449786,0.41325810943900804,0.6611833535686016,0.5609844572368204,0.6984936912537364,0.5542226895830357,0.5846904415207398,0.4975290978431755,0.5647548821352757,0.6455949480283931,0.4817775795878751,0.5997994443228788,0.5279018675827857,0.45282947765970466,0.5080451636353143,0.5323457379207748,0.6606354041085345,0.5953240359320003,0.5062394405441796,0.610395769529436,0.49519826406910017,0.6174360088488473,0.3970514045171745,0.6661165174490197
FB,0.4748327739399897,0.4461180084076784,0.4080526374162603,0.0,0.43401014500572216,0.4282611498653354,0.6098189516997774,0.5548639503177115,0.5887384425533986,0.704874575581838,0.5403886629583361,0.6374200980046318,0.5646363646481133,0.5504904652657647,0.587302750296942,0.5030832546504025,0.372247026443643,0.6594956062145739,0.48977005087928677,0.6920538045970128,0.6772859060755024,0.5870598964411858,0.6165815374145043,0.5413005888505613,0.510388807157868,0.6819380726059465,0.6087660734993751,0.6785209991372245,0.65419839660943,0.6650662421193558,0.45219428394765143,0.6293289531922064,0.6886997468934063,0.5571451946123719,0.616138793366029,0.588005994648596,0.5644008635126406,0.5333340404915851,0.5978349051230135,0.6940082149904447,0.6386379022358547,0.5650045671825642,0.615001794895326,0.5718632875668291,0.7066597237667509,0.572249232449992,0.6818465898846705
GOOGL,0.3723250038759998,0.5186996702184944,0.3716311780132795,0.43401014500572216,0.0,0.041786974830273375,0.49899295015738976,0.39387889158720424,0.45120672770375003,0.6513009479513183,0.46565462072109476,0.5556286869443715,0.45019058982798416,0.4431487249827533,0.551673762244232,0.5274140522440045,0.3868618821172813,0.58761915557337,0.46700737603020487,0.6588325294106493,0.6051153575729609,0.5757497456448514,0.5822763336667871,0.4362016827890011,0.4085338168494642,0.6426838723467018,0.4948450299845868,0.6875230208542084,0.5527287113260507,0.553469473883281,0.5274538486201483,0.54272310812646,0.6099490654776504,0.4441525077772033,0.538428617563538,0.5456609910832767,0.4693448888240607,0.4809762934677432,0.4999831813135887,0.6685986144441984,0.5953993595951119,0.49938334982400506,0.5547594576826889,0.48468745375050554,0.6273250290063827,0.3947633250180906,0.6708682725649416
GOOG,0.3817064403603187,0.5219796390697905,0.3718179485298266,0.4282611498653354,0.041786974830273375,0.0,0.49568084966470516,0.38309643735363946,0.4581352898716619,0.6444966736195866,0.4679360481306688,0.548188279592341,0.4438991379275586,0.45189775973312374,0.5451528151274064,0.5335962516016852,0.38710609433492765,0.588073703551483,0.4716467350461538,0.656163759090895,0.6022806247420921,0.5760721028463773,0.5755800574747137,0.4336665362214672,0.4080585553751917,0.6392809050663778,0.487083558048734,0.6810157352420197,0.558774960894754,0.5538944720996156,0.5225892622164835,0.5431816834438243,0.6040594552476605,0.44354558539846795,0.5308757203915413,0.5486301527553541,0.4740929488542399,0.4762586951010076,0.5085661953348899,0.661902929677795,0.5931516030686274,0.49197835264696643,0.5461117234139253,0.4871070566570133,0.6259756752476067,0.3955964142192885,0.6647104442014501
JNJ,0.4797975209406851,0.5830979703884145,0.5512795054800714,0.6098189516997774,0.49899295015738976,0.49568084966470516,0.0,0.4813966513255602,0.4513863888159778,0.573886948618526,0.49843838949074426,0.44607535406928395,0.4574088839574326,0.5127172026182817,0.538972981014038,0.6560671103920545,0.5991980101667532,0.58248091047405,0.6269563127461367,0.5833823415543372,0.4929712277035147,0.5194038397524368,0.4256357219968295,0.5411915781796821,0.5052786319826335,0.5617098664918295,0.494671296895922,0.6091589859418796,0.6566876769079811,0.4421149260117185,0.6354272099235232,0.38029022757404146,0.5604316634462313,0.4425691957233042,0.5642155526406271,0.5184746613511765,0.521903958044453,0.5068289931098149,0.5154679596335189,0.4688899443162209,0.4913310107085556,0.4605925403612535,0.43424349532437784,0.46773292303923175,0.5657797588187902,0.4689332297883179,0.6222230974184678
V,0.42719675627523296,0.5634576929754281,0.4717428943598433,0.5548639503177115,0.39387889158720424,0.38309643735363946,0.4813966513255602,0.0,0.5274604929637187,0.564198446483519,0.4665612753070821,0.4962395960304891,0.2438668801990061,0.46195498209486113,0.5598555417361322,0.5950751790843176,0.4474770694997133,0.571142615788956,0.5266016157700015,0.632442806740221,0.5591640279381977,0.5525317728971819,0.5533241201437666,0.4996599448150335,0.4846642850776395,0.568310316051198,0.48340463475308737,0.61448634366227,0.5466473322924483,0.5138394498126801,0.5535779834291162,0.5470490932919949,0.5221901470941109,0.4862219817509253,0.5239282136287687,0.530315498313702,0.48399010166858286,0.45567518627725656,0.5526051490271392,0.5839775601877423,0.4987138636111999,0.42231449316568276,0.48860357533303517,0.5204814155980592,0.5881729530147451,0.3674262759099627,0.6463836150894263
PG,0.4705562873982974,0.534174246758982,0.4813644169544357,0.5887384425533986,0.45120672770375003,0.4581352898716619,0.4513863888159778,0.5274604929637187,0.0,0.6497148551706545,0.47275679573480683,0.5355251282918916,0.5269115645132969,0.4523304504019143,0.47821459231619107,0.6291651798382921,0.5396935357550655,0.5856959757590399,0.5164656141806269,0.6420793353339783,0.5050290777550548,0.5678145192415947,0.5315878050375459,0.5323039805614781,0.42622763233305555,0.6131553988173082,0.5052490766548589,0.6849092128896247,0.5496896464636273,0.5785883928338039,0.667257002722986,0.5479450288985667,0.6250009515322372,0.521146361370715,0.6115318141439213,0.5416725480654286,0.44475734468326583,0.514328199899952,0.4732569028164557,0.6094092958785251,0.5665196417084647,0.5360512398613847,0.5893409071634043,0.524021958285948,0.5955209658121763,0.47402040094281,0.6932232226991011
JPM,0.6541730261072515,0.6779219261229422,0.6856239780858927,0.704874575581838,0.6513009479513183,0.6444966736195866,0.573886948618526,0.564198446483519,0.6497148551706545,0.0,0.6663729249821114,0.5197818811884131,0.562537814413531,0.6979707083797366,0.5622273106475383,0.6375385924563028,0.6679659374981293,0.6844917260830897,0.6675862775388187,0.52846353507734,0.6099342165598478,0.6188081210762378,0.5971406599772641,0.5944196561348204,0.5800393726665769,0.2564982053144264,0.49646904927727287,0.45030427372588294,0.6558231993599168,0.5404231143862344,0.6755230136183813,0.5849546265235633,0.4211561573072689,0.663234651533815,0.6408106132807796,0.6624496352195125,0.6844641566257356,0.631802008042071,0.6777064630616919,0.598482869670223,0.5349520416196152,0.5447366629619326,0.4661370172071721,0.6833863622921201,0.5762682434756885,0.5653841425068958,0.6685604190047267
HD,0.47291927407117906,0.5184187327206208,0.47787005293796153,0.5403886629583361,0.46565462072109476,0.4679360481306688,0.49843838949074426,0.4665612753070821,0.47275679573480683,0.6663729249821114,0.0,0.536203659707972,0.49469025495151525,0.40902168334835365,0.5544397437761592,0.5240648145553675,0.47457992473621646,0.5864330190216863,0.5276430571061029,0.6556345454844565,0.5513473107788971,0.5543228150227287,0.5473612626375044,0.5076798570993912,0.4700581093279901,0.6460573631243437,0.5588357467171793,0.6748848472040113,0.5535443560001898,0.5778974672896346,0.5510195992978831,0.4846941588312953,0.5767996094619454,0.44991820689057166,0.4899805742446645,0.532500048623379,0.48877002336029,0.4669781512434226,0.5123310751295117,0.5988220454450678,0.529035876991511,0.4486178879541012,0.5342639961889019,0.47562556840957787,0.5678688670715902,0.43615787851809334,0.6527191613367318
UNH,0.5307840316380876,0.6185630626005937,0.5793528330344007,0.6374200980046318,0.5556286869443715,0.548188279592341,0.44607535406928395,0.4962395960304891,0.5355251282918916,0.5197818811884131,0.536203659707972,0.0,0.5166241891994826,0.5238504018694282,0.521930805604732,0.6576332936326973,0.6124280112734555,0.6340908284303037,0.5712959607861545,0.6336607617300629,0.5078510577498061,0.582753353548941,0.5361065287337272,0.5974451865135582,0.5299401321391195,0.4784834472728656,0.5688746199459043,0.6273472925145872,0.587574938168611,0.4740424005502823,0.6741813224645431,0.4946214320419047,0.5588709408569604,0.5253258675526435,0.592838591543372,0.5285405272698481,0.565549333343768,0.5665145741597712,0.5592363788615914,0.5435688266575174,0.5139151961403007,0.531103239644597,0.46862535881304773,0.518986816658819,0.5899341681103782,0.4838396673271107,0.6596602376266824
MA,0.4162575970333332,0.5441945432973616,0.4590765343332806,0.5646363646481133,0.45019058982798416,0.4438991379275586,0.4574088839574326,0.2438668801990061,0.5269115645132969,0.562537814413531,0.49469025495151525,0.5166241891994826,0.0,0.48221533265632677,0.6111752598948638,0.6114657806420796,0.48901026833861283,0.5612712361233816,0.491086177844629,0.6094821912720588,0.5997260265972548,0.5647255781210704,0.5487658462396238,0.5235458869954037,0.5067813738015184,0.5652740694079671,0.49980657010644736,0.610713942063476,0.5931982416938198,0.4904819895492615,0.5629260480178148,0.5611663578399736,0.5520257006845057,0.4816016482556419,0.5337296182981085,0.5487512782933596,0.5081741548833272,0.48165099308624953,0.5751848410944094,0.6293297967609041,0.5138341576978557,0.42151583461081216,0.48424827827160166,0.5189353831453194,0.5791332820286018,0.42541283306238215,0.6478966900317632
NVDA,0.3651168293121978,0.3956850308381755,0.43296508329964695,0.5504904652657647,0.4431487249827533,0.45189775973312374,0.5127172026182817,0.46195498209486113,0.4523304504019143,0.6979707083797366,0.40902168334835365,0.5238504018694282,0.48221533265632677,0.0,0.5870137933771109,0.5378798141938758,0.4269674096105997,0.5573812639509936,0.4420929142426484,0.6994026211713328,0.5898449257078526,0.5594586623521852,0.5670105562596126,0.5428547320382766,0.4578411935595971,0.6725306729869366,0.6023414686528129,0.6919943979973436,0.4726844150528149,0.561350113303553,0.5848590445648466,0.508814415914915,0.6042705535723952,0.43118872370186523,0.5756551511333897,0.47654350499135345,0.3975060017470601,0.5146170869297857,0.5039380410766873,0.6518086819781258,0.6025135549315764,0.5013524876422243,0.5803087857536258,0.4327532746776678,0.6262943191329731,0.3638312807818979,0.6693689399370253
VZ,0.6002201287064358,0.6272911860701759,0.5623092135271635,0.587302750296942,0.551673762244232,0.5451528151274064,0.538972981014038,0.5598555417361322,0.47821459231619107,0.5622273106475383,0.5544397437761592,0.521930805604732,0.6111752598948638,0.5870137933771109,0.0,0.6394322357826222,0.6239466896341916,0.6582921276856026,0.7009510721498914,0.4991200098900751,0.5165002469758421,0.5951519298165465,0.5263455720722343,0.5245547212353907,0.5143871895077972,0.5123248084172023,0.4725566272280339,0.5838900297366062,0.6070517209180991,0.6040243109736103,0.6739679776676899,0.5434112532829704,0.5602225837586678,0.6298661375918118,0.5867038194146117,0.5883058629138861,0.5741177115094911,0.6158837200154235,0.48915942669240337,0.5260967220920639,0.5685338331660676,0.5686983953803325,0.564045842170621,0.6309754164442581,0.5940545327659581,0.49331019216319644,0.6880055685591066
NFLX,0.4853808818705654,0.5207959855514407,0.43964201418675575,0.5030832546504025,0.5274140522440045,0.5335962516016852,0.6560671103920545,0.5950751790843176,0.6291651798382921,0.6375385924563028,0.5240648145553675,0.6576332936326973,0.6114657806420796,0.5378798141938758,0.6394322357826222,0.0,0.3623554756521468,0.601088429328573,0.5720194600560472,0.7031362751480691,0.7000445863498278,0.6318045733039235,0.6978230740417801,0.5580121258363523,0.5523444294243368,0.6689901083051966,0.6751982302607225,0.6685617528513014,0.5776793700811459,0.6622909482111373,0.38120750811116266,0.6314927467541579,0.6950614937842927,0.5788601437404085,0.648840423347247,0.5776918397697711,0.5499057672730817,0.6151997824685997,0.5950742645519954,0.6719439414975338,0.6659218151325705,0.6162186885481505,0.697368338466645,0.5659583001706842,0.6680614254845088,0.501069965817231,0.7002934545880722
ADBE,0.3612649770001225,0.43142818243507025,0.3409083360962955,0.372247026443643,0.3868618821172813,0.38710609433492765,0.5991980101667532,0.4474770694997133,0.5396935357550655,0.6679659374981293,0.47457992473621646,0.6124280112734555,0.48901026833861283,0.4269674096105997,0.6239466896341916,0.3623554756521468,0.0,0.595647664159044,0.4185406218361838,0.6695076582572566,0.6452211737241931,0.5830218556734964,0.6400956434925879,0.5233710106446304,0.4852115971000246,0.6919134759655634,0.6174658806751662,0.6470825772212724,0.5783214567585547,0.6202602025688626,0.33721598563292343,0.5963427130489618,0.7069065118563167,0.5044062457838361,0.6263883754751308,0.531433551804776,0.5000465847676047,0.4893750032379618,0.5716576504560105,0.6848000683461056,0.6176391373204987,0.5198907873293257,0.6220859117456295,0.4975621023212277,0.6391005144386617,0.45054691541594266,0.6809925444051718
INTC,0.5525431913575726,0.5732561783466926,0.5784528495652485,0.6594956062145739,0.58761915557337,0.588073703551483,0.58248091047405,0.571142615788956,0.5856959757590399,0.6844917260830897,0.5864330190216863,0.6340908284303037,0.5612712361233816,0.5573812639509936,0.6582921276856026,0.601088429328573,0.595647664159044,0.0,0.6293747672449048,0.577029975667774,0.6618852800688523,0.5682034072178195,0.6236865384026975,0.5651429088658019,0.5162959004751246,0.6549899795296427,0.5662875598603155,0.5982701507903808,0.6067035430860245,0.5842675319570096,0.6507818209051733,0.586243422822443,0.5641892029306285,0.5570966140546245,0.5974110731082802,0.5614536088827436,0.5176801520655744,0.62145359841417,0.5991615813935879,0.660862865673874,0.5558124124025394,0.6222788736159724,0.6157157014835858,0.5887092294808619,0.5851966828524822,0.5369889890877856,0.6960601969653837
PYPL,0.43012313778087075,0.4827829631105838,0.42575162501068614,0.48977005087928677,0.46700737603020487,0.4716467350461538,0.6269563127461367,0.5266016157700015,0.5164656141806269,0.6675862775388187,0.5276430571061029,0.5712959607861545,0.491086177844629,0.4420929142426484,0.7009510721498914,0.5720194600560472,0.4185406218361838,0.6293747672449048,0.0,0.6366832255943274,0.6701816039131023,0.6349276082699699,0.6662050229835944,0.5889813037220815,0.5215719087284238,0.6939978050607812,0.7014415329816932,0.6380794003055649,0.5600125040181461,0.6067784286308329,0.5522923081041223,0.6459959528258729,0.6999049383717165,0.5312794948267803,0.6571374187566726,0.5950187321265068,0.4971591289933775,0.5033375020986242,0.6149176779777337,0.6586076225952398,0.680865516360155,0.5921979166955517,0.654759503596554,0.5418221284199778,0.6745321279168663,0.5814156491487886,0.7009133545918734
T,0.6894458602005454,0.703012028235969,0.6971352920595342,0.6920538045970128,0.6588325294106493,0.656163759090895,0.5833823415543372,0.632442806740221,0.6420793353339783,0.52846353507734,0.6556345454844565,0.6336607617300629,0.6094821912720588,0.6994026211713328,0.4991200098900751,0.7031362751480691,0.6695076582572566,0.577029975667774,0.6366832255943274,0.0,0.6021213552222451,0.628265443523398,0.6043754820179231,0.5949479940647979,0.6278912476088218,0.5091049132006438,0.5400456581567054,0.44482820129246614,0.7046471688717229,0.6058139184090379,0.7048814926575733,0.5934565473984901,0.4810169215427505,0.6320046597112385,0.6081069060452985,0.695836567941096,0.675468493179458,0.7070843084184152,0.6014372541116327,0.6198540401785724,0.593084544057513,0.624600147736119,0.5699711653579006,0.6193627939150438,0.5829087083228216,0.615057465274702,0.66366714746638
PFE,0.595476089944127,0.652574456256062,0.6428886407434069,0.6772859060755024,0.6051153575729609,0.6022806247420921,0.4929712277035147,0.5591640279381977,0.5050290777550548,0.6099342165598478,0.5513473107788971,0.5078510577498061,0.5997260265972548,0.5898449257078526,0.5165002469758421,0.7000445863498278,0.6452211737241931,0.6618852800688523,0.6701816039131023,0.6021213552222451,0.0,0.5968490120646445,0.48922708568923495,0.59186319784172,0.5405270557363403,0.6115982683084417,0.5789972519540221,0.6365201556349178,0.6849068963478941,0.5364133025044245,0.7036457270348873,0.4659623936054782,0.6209157143509033,0.5745734338942979,0.6766737349618415,0.5908174764576025,0.5807772880900627,0.569208488860788,0.5309458334154769,0.5467086931007498,0.48651620856569266,0.5839902264164174,0.5327427785119261,0.5595936077020084,0.6081727259640335,0.5769389764536506,0.7058536183010097
CSCO,0.5434141043916175,0.5626529670606175,0.5526667875406275,0.5870598964411858,0.5757497456448514,0.5760721028463773,0.5194038397524368,0.5525317728971819,0.5678145192415947,0.6188081210762378,0.5543228150227287,0.582753353548941,0.5647255781210704,0.5594586623521852,0.5951519298165465,0.6318045733039235,0.5830218556734964,0.5682034072178195,0.6349276082699699,0.628265443523398,0.5968490120646445,0.0,0.6501778627941476,0.5675001336999003,0.5594690886834163,0.59379122387462,0.5814760266296408,0.5906610624186447,0.6499630468092146,0.6063508042638407,0.63138049808971,0.5591071749034692,0.5848734340392518,0.5595501219216551,0.600621498127133,0.5958769771158616,0.5552743338355426,0.5748585219642006,0.5886290912353461,0.6149964976169826,0.5641877007702915,0.5771047593841779,0.5467605262825046,0.587501400145902,0.5759911279535039,0.4912654749989714,0.7035472745959487
MRK,0.4966260538084823,0.6153537919427229,0.6193747904065905,0.6165815374145043,0.5822763336667871,0.5755800574747137,0.4256357219968295,0.5533241201437666,0.5315878050375459,0.5971406599772641,0.5473612626375044,0.5361065287337272,0.5487658462396238,0.5670105562596126,0.5263455720722343,0.6978230740417801,0.6400956434925879,0.6236865384026975,0.6662050229835944,0.6043754820179231,0.48922708568923495,0.6501778627941476,0.0,0.578964565007016,0.5360978954019263,0.5947987043580306,0.5602685280656546,0.6009541461905027,0.6596405735496593,0.5362214531673423,0.654575297200543,0.4348530783119204,0.5674401956685315,0.5119034996338877,0.6381002174547163,0.511873216296312,0.5739409538536675,0.5770002328408598,0.6319679774128983,0.5102027010953291,0.5036180813962582,0.4744814982641424,0.5012121130866751,0.5470076784307146,0.6064569976114977,0.558208377874434,0.6742691977040943
CMCSA,0.47105113044079766,0.5542040661096747,0.47710535168449786,0.5413005888505613,0.4362016827890011,0.4336665362214672,0.5411915781796821,0.4996599448150335,0.5323039805614781,0.5944196561348204,0.5076798570993912,0.5974451865135582,0.5235458869954037,0.5428547320382766,0.5245547212353907,0.5580121258363523,0.5233710106446304,0.5651429088658019,0.5889813037220815,0.5949479940647979,0.59186319784172,0.5675001336999003,0.578964565007016,0.0,0.4432756952233482,0.5770938471284747,0.5325725097828986,0.6032522961188815,0.5686174894997099,0.5809168292279532,0.5695892867900841,0.5154766555447317,0.5451573816478317,0.5652280689471295,0.5319817501940545,0.5545714337739417,0.5174944950610239,0.5657000839575436,0.5487934642623223,0.6231776540420938,0.5336924105727786,0.5634111238325424,0.5473215780988303,0.5834118266033876,0.5799996814346439,0.4535243130129802,0.683285092184836
PEP,0.43554799407716727,0.5066323775473486,0.41325810943900804,0.510388807157868,0.4085338168494642,0.4080585553751917,0.5052786319826335,0.4846642850776395,0.42622763233305555,0.5800393726665769,0.4700581093279901,0.5299401321391195,0.5067813738015184,0.4578411935595971,0.5143871895077972,0.5523444294243368,0.4852115971000246,0.5162959004751246,0.5215719087284238,0.6278912476088218,0.5405270557363403,0.5594690886834163,0.5360978954019263,0.4432756952233482,0.0,0.5825160878660169,0.46574089057701995,0.6401199581996443,0.5374904295407049,0.5450820937387089,0.6033443600075622,0.473247725339466,0.5890992962677423,0.5216267119114564,0.5639539001634378,0.512890938347088,0.41564832849977046,0.4863885994229496,0.5145175388344085,0.6449035008784352,0.5471827458241233,0.5265056681752284,0.5619007346502921,0.532035717451101,0.5713971831514686,0.41620981418256886,0.6809002507701722
BAC,0.6313153742834803,0.6480916945975519,0.6611833535686016,0.6819380726059465,0.6426838723467018,0.6392809050663778,0.5617098664918295,0.568310316051198,0.6131553988173082,0.2564982053144264,0.6460573631243437,0.4784834472728656,0.5652740694079671,0.6725306729869366,0.5123248084172023,0.6689901083051966,0.6919134759655634,0.6549899795296427,0.6939978050607812,0.5091049132006438,0.6115982683084417,0.59379122387462,0.5947987043580306,0.5770938471284747,0.5825160878660169,0.0,0.49542808638911123,0.4524985041516021,0.6399364213550448,0.5635348750914576,0.6930154012007407,0.5812969732955352,0.4230246479306648,0.6530926172628649,0.6417636912235215,0.6477542584198571,0.6571377583134274,0.6305644111223345,0.663054415208329,0.5725045912746805,0.5524434254725081,0.5446958261329035,0.47207824995399444,0.6665124214770216,0.588559418111354,0.549080309765518,0.6839767307949048
KO,0.5831666166612806,0.655623190060634,0.5609844572368204,0.6087660734993751,0.4948450299845868,0.487083558048734,0.494671296895922,0.48340463475308737,0.5052490766548589,0.49646904927727287,0.5588357467171793,0.5688746199459043,0.49980657010644736,0.6023414686528129,0.4725566272280339,0.6751982302607225,0.6174658806751662,0.5662875598603155,0.7014415329816932,0.5400456581567054,0.5789972519540221,0.5814760266296408,0.5602685280656546,0.5325725097828986,0.46574089057701995,0.49542808638911123,0.0,0.5364943656485335,0.6315678151966327,0.558419857537232,0.6792544795985788,0.5465534360809092,0.4954282139171367,0.5670479183723104,0.5217207116936639,0.6095173108683324,0.5883146201657461,0.5656999540022125,0.5299990061530381,0.5642821844752268,0.542229725614822,0.4655246343255535,0.5146831734499802,0.6077813620964889,0.5841804005670924,0.49539815821493377,0.6976532605075527
XOM,0.6900386533308784,0.671841372164471,0.6984936912537364,0.6785209991372245,0.6875230208542084,0.6810157352420197,0.6091589859418796,0.61448634366227,0.6849092128896247,0.45030427372588294,0.6748848472040113,0.6273472925145872,0.610713942063476,0.6919943979973436,0.5838900297366062,0.6685617528513014,0.6470825772212724,0.5982701507903808,0.6380794003055649,0.44482820129246614,0.6365201556349178,0.5906610624186447,0.6009541461905027,0.6032522961188815,0.6401199581996443,0.4524985041516021,0.5364943656485335,0.0,0.6799328041360855,0.634778551348054,0.6653779728811744,0.6152958664997643,0.2854156107929107,0.6644305665761158,0.5787892701458718,0.655559001760422,0.6753729801353193,0.6803816294237356,0.6979691693037576,0.5390682420311156,0.5887271218689814,0.5936543286565878,0.5392080052732486,0.6738287874668304,0.5994692502771946,0.5699310706396183,0.6833363133468198
WMT,0.503380501081264,0.5549238508226895,0.5542226895830357,0.65419839660943,0.5527287113260507,0.558774960894754,0.6566876769079811,0.5466473322924483,0.5496896464636273,0.6558231993599168,0.5535443560001898,0.587574938168611,0.5931982416938198,0.4726844150528149,0.6070517209180991,0.5776793700811459,0.5783214567585547,0.6067035430860245,0.5600125040181461,0.7046471688717229,0.6849068963478941,0.6499630468092146,0.6596405735496593,0.5686174894997099,0.5374904295407049,0.6399364213550448,0.6315678151966327,0.6799328041360855,0.0,0.6007748909561761,0.6332923074539529,0.6781048606850537,0.6223236608261876,0.6093075502018366,0.6835340714876837,0.5893312091309156,0.4671699448642245,0.6098255838932839,0.61444538071358,0.6726141313156978,0.6621924495619992,0.5931683820189413,0.621375487417932,0.6264936743512723,0.6750060473443011,0.49351888052643217,0.685916723024726
ABT,0.482819861013671,0.609682123335377,0.5846904415207398,0.6650662421193558,0.553469473883281,0.5538944720996156,0.4421149260117185,0.5138394498126801,0.5785883928338039,0.5404231143862344,0.5778974672896346,0.4740424005502823,0.4904819895492615,0.561350113303553,0.6040243109736103,0.6622909482111373,0.6202602025688626,0.5842675319570096,0.6067784286308329,0.6058139184090379,0.5364133025044245,0.6063508042638407,0.5362214531673423,0.5809168292279532,0.5450820937387089,0.5635348750914576,0.558419857537232,0.634778551348054,0.6007748909561761,0.0,0.6142988828303989,0.45678043190304213,0.5836627539935657,0.5069360378643056,0.6562145777883454,0.5256157532756968,0.5838110699137312,0.5266903128578122,0.5435560540964938,0.5726975149169536,0.5268291959797307,0.5461507175508636,0.4152173493109442,0.5131833320374732,0.6298001841477961,0.5309858806923261,0.7034766107600545
CRM,0.48363786430087186,0.556714569117125,0.4975290978431755,0.45219428394765143,0.5274538486201483,0.5225892622164835,0.6354272099235232,0.5535779834291162,0.667257002722986,0.6755230136183813,0.5510195992978831,0.6741813224645431,0.5629260480178148,0.5848590445648466,0.6739679776676899,0.38120750811116266,0.33721598563292343,0.6507818209051733,0.5522923081041223,0.7048814926575733,0.7036457270348873,0.63138049808971,0.654575297200543,0.5695892867900841,0.6033443600075622,0.6930154012007407,0.6792544795985788,0.6653779728811744,0.6332923074539529,0.6142988828303989,0.0,0.638393383409637,0.7034329845644294,0.5888298528836026,0.6638657537218999,0.5969586603959431,0.6092007236920087,0.5854440745832497,0.6803202198395322,0.6676497518131064,0.6754895199821277,0.5802720239757543,0.6039861910626075,0.5952759338684728,0.6640061053138284,0.5793828745624101,0.691474470377525
ABBV,0.49145847560516637,0.6004388559918402,0.5647548821352757,0.6293289531922064,0.54272310812646,0.5431816834438243,0.38029022757404146,0.5470490932919949,0.5479450288985667,0.5849546265235633,0.4846941588312953,0.4946214320419047,0.5611663578399736,0.508814415914915,0.5434112532829704,0.6314927467541579,0.5963427130489618,0.586243422822443,0.6459959528258729,0.5934565473984901,0.4659623936054782,0.5591071749034692,0.4348530783119204,0.5154766555447317,0.473247725339466,0.5812969732955352,0.5465534360809092,0.6152958664997643,0.6781048606850537,0.45678043190304213,0.638393383409637,0.0,0.5464627452701881,0.4675218943291892,0.6104811258777117,0.4721058722883983,0.5668858827793054,0.5222352954889594,0.5124454238857559,0.5034770582261399,0.4696016653630904,0.5392151713393478,0.4509653251346153,0.4824245901407081,0.5738611519772016,0.4901029971599583,0.6920775861882474
CVX,0.6133649261362218,0.644523854499352,0.6455949480283931,0.6886997468934063,0.6099490654776504,0.6040594552476605,0.5604316634462313,0.5221901470941109,0.6250009515322372,0.4211561573072689,0.5767996094619454,0.5588709408569604,0.5520257006845057,0.6042705535723952,0.5602225837586678,0.6950614937842927,0.7069065118563167,0.5641892029306285,0.6999049383717165,0.4810169215427505,0.6209157143509033,0.5848734340392518,0.5674401956685315,0.5451573816478317,0.5890992962677423,0.4230246479306648,0.4954282139171367,0.2854156107929107,0.6223236608261876,0.5836627539935657,0.7034329845644294,0.5464627452701881,0.0,0.6150126543509299,0.5266552069454166,0.654311302543951,0.603727816630824,0.6169264319557324,0.658548939711041,0.5274438795531714,0.5531447708695227,0.5254038027442747,0.4974596310335674,0.6348867399116277,0.5458179916273168,0.4792667340915172,0.6793233647912097
TMO,0.44445193214557904,0.5011208510335682,0.4817775795878751,0.5571451946123719,0.4441525077772033,0.44354558539846795,0.4425691957233042,0.4862219817509253,0.521146361370715,0.663234651533815,0.44991820689057166,0.5253258675526435,0.4816016482556419,0.43118872370186523,0.6298661375918118,0.5788601437404085,0.5044062457838361,0.5570966140546245,0.5312794948267803,0.6320046597112385,0.5745734338942979,0.5595501219216551,0.5119034996338877,0.5652280689471295,0.5216267119114564,0.6530926172628649,0.5670479183723104,0.6644305665761158,0.6093075502018366,0.5069360378643056,0.5888298528836026,0.4675218943291892,0.6150126543509299,0.0,0.5632221692060786,0.49540951074083783,0.5061468528186084,0.4838298861613546,0.5521123638230534,0.6250485261919212,0.5740878409229087,0.41761536394448484,0.531946103264219,0.2483954591634883,0.6140325652026785,0.46310687503312614,0.6213410824790109
MCD,0.6269831427654544,0.6480267599079411,0.5997994443228788,0.616138793366029,0.538428617563538,0.5308757203915413,0.5642155526406271,0.5239282136287687,0.6115318141439213,0.6408106132807796,0.4899805742446645,0.592838591543372,0.5337296182981085,0.5756551511333897,0.5867038194146117,0.648840423347247,0.6263883754751308,0.5974110731082802,0.6571374187566726,0.6081069060452985,0.6766737349618415,0.600621498127133,0.6381002174547163,0.5319817501940545,0.5639539001634378,0.6417636912235215,0.5217207116936639,0.5787892701458718,0.6835340714876837,0.6562145777883454,0.6638657537218999,0.6104811258777117,0.5266552069454166,0.5632221692060786,0.0,0.6200741150826959,0.574766728916379,0.5916615012586723,0.5893364176346445,0.6542799012408541,0.6280525853519359,0.5689679855676598,0.6098898505053884,0.5742867484052044,0.545575575764956,0.5338246688934667,0.6753537493021017
AMGN,0.4638140793177218,0.5775200042194396,0.5279018675827857,0.588005994648596,0.5456609910832767,0.5486301527553541,0.5184746613511765,0.530315498313702,0.5416725480654286,0.6624496352195125,0.532500048623379,0.5285405272698481,0.5487512782933596,0.47654350499135345,0.5883058629138861,0.5776918397697711,0.531433551804776,0.5614536088827436,0.5950187321265068,0.695836567941096,0.5908174764576025,0.5958769771158616,0.511873216296312,0.5545714337739417,0.512890938347088,0.6477542584198571,0.6095173108683324,0.655559001760422,0.5893312091309156,0.5256157532756968,0.5969586603959431,0.4721058722883983,0.654311302543951,0.49540951074083783,0.6200741150826959,0.0,0.5281631091712559,0.5508874979461257,0.5890219992951581,0.6334128525581115,0.5475478942088821,0.5374146747794617,0.5527381420727506,0.49485307859506455,0.6208450871387631,0.5122874171124573,0.6861821535810376
COST,0.41248397192403324,0.4773121017165762,0.45282947765970466,0.5644008635126406,0.4693448888240607,0.4740929488542399,0.521903958044453,0.48399010166858286,0.44475734468326583,0.6844641566257356,0.48877002336029,0.565549333343768,0.5081741548833272,0.3975060017470601,0.5741177115094911,0.5499057672730817,0.5000465847676047,0.5176801520655744,0.4971591289933775,0.675468493179458,0.5807772880900627,0.5552743338355426,0.5739409538536675,0.5174944950610239,0.41564832849977046,0.6571377583134274,0.5883146201657461,0.6753729801353193,0.4671699448642245,0.5838110699137312,0.6092007236920087,0.5668858827793054,0.603727816630824,0.5061468528186084,0.574766728916379,0.5281631091712559,0.0,0.49222543670562086,0.5066104112413236,0.620190281894567,0.5784298973283133,0.5281379670862832,0.6330786430501669,0.5255796384759612,0.6088326822917274,0.40235658541509706,0.6367542883861
ACN,0.486452314253807,0.5486960170571187,0.5080451636353143,0.5333340404915851,0.4809762934677432,0.4762586951010076,0.5068289931098149,0.45567518627725656,0.514328199899952,0.631802008042071,0.4669781512434226,0.5665145741597712,0.48165099308624953,0.5146170869297857,0.6158837200154235,0.6151997824685997,0.4893750032379618,0.62145359841417,0.5033375020986242,0.7070843084184152,0.569208488860788,0.5748585219642006,0.5770002328408598,0.5657000839575436,0.4863885994229496,0.6305644111223345,0.5656999540022125,0.6803816294237356,0.6098255838932839,0.5266903128578122,0.5854440745832497,0.5222352954889594,0.6169264319557324,0.4838298861613546,0.5916615012586723,0.5508874979461257,0.49222543670562086,0.0,0.5950028274841275,0.611361071233721,0.5562289907143324,0.5086016667816972,0.5260601398971281,0.5121902264350072,0.6704264871723227,0.5173327870167536,0.6312578844696861
NEE,0.540584189181276,0.607695290776637,0.5323457379207748,0.5978349051230135,0.4999831813135887,0.5085661953348899,0.5154679596335189,0.5526051490271392,0.4732569028164557,0.6777064630616919,0.5123310751295117,0.5592363788615914,0.5751848410944094,0.5039380410766873,0.48915942669240337,0.5950742645519954,0.5716576504560105,0.5991615813935879,0.6149176779777337,0.6014372541116327,0.5309458334154769,0.5886290912353461,0.6319679774128983,0.5487934642623223,0.5145175388344085,0.663054415208329,0.5299990061530381,0.6979691693037576,0.61444538071358,0.5435560540964938,0.6803202198395322,0.5124454238857559,0.658548939711041,0.5521123638230534,0.5893364176346445,0.5890219992951581,0.5066104112413236,0.5950028274841275,0.0,0.5968235224603551,0.5888282883032536,0.5617103243324517,0.5503483705717487,0.5256233131138746,0.6019533554568807,0.48431943912386166,0.6994263083013796
LLY,0.6113230273228434,0.6946924342937799,0.6606354041085345,0.6940082149904447,0.6685986144441984,0.661902929677795,0.4688899443162209,0.5839775601877423,0.6094092958785251,0.598482869670223,0.5988220454450678,0.5435688266575174,0.6293297967609041,0.6518086819781258,0.5260967220920639,0.6719439414975338,0.6848000683461056,0.660862865673874,0.6586076225952398,0.6198540401785724,0.5467086931007498,0.6149964976169826,0.5102027010953291,0.6231776540420938,0.6449035008784352,0.5725045912746805,0.5642821844752268,0.5390682420311156,0.6726141313156978,0.5726975149169536,0.6676497518131064,0.5034770582261399,0.5274438795531714,0.6250485261919212,0.6542799012408541,0.6334128525581115,0.620190281894567,0.611361071233721,0.5968235224603551,0.0,0.5126313638311291,0.5631429321803064,0.4770550180616396,0.6122023806667348,0.6015719150037132,0.5773041557184105,0.6839719337166901
BMY,0.5623846464780283,0.6153755341443099,0.5953240359320003,0.6386379022358547,0.5953993595951119,0.5931516030686274,0.4913310107085556,0.4987138636111999,0.5665196417084647,0.5349520416196152,0.529035876991511,0.5139151961403007,0.5138341576978557,0.6025135549315764,0.5685338331660676,0.6659218151325705,0.6176391373204987,0.5558124124025394,0.680865516360155,0.593084544057513,0.48651620856569266,0.5641877007702915,0.5036180813962582,0.5336924105727786,0.5471827458241233,0.5524434254725081,0.542229725614822,0.5887271218689814,0.6621924495619992,0.5268291959797307,0.6754895199821277,0.4696016653630904,0.5531447708695227,0.5740878409229087,0.6280525853519359,0.5475478942088821,0.5784298973283133,0.5562289907143324,0.5888282883032536,0.5126313638311291,0.0,0.5398252319589807,0.4975062484394725,0.5703278433487754,0.5787655146751831,0.517414880035474,0.6287809499982403
LIN,0.49967477848282654,0.5330482466925989,0.5062394405441796,0.5650045671825642,0.49938334982400506,0.49197835264696643,0.4605925403612535,0.42231449316568276,0.5360512398613847,0.5447366629619326,0.4486178879541012,0.531103239644597,0.42151583461081216,0.5013524876422243,0.5686983953803325,0.6162186885481505,0.5198907873293257,0.6222788736159724,0.5921979166955517,0.624600147736119,0.5839902264164174,0.5771047593841779,0.4744814982641424,0.5634111238325424,0.5265056681752284,0.5446958261329035,0.4655246343255535,0.5936543286565878,0.5931683820189413,0.5461507175508636,0.5802720239757543,0.5392151713393478,0.5254038027442747,0.41761536394448484,0.5689679855676598,0.5374146747794617,0.5281379670862832,0.5086016667816972,0.5617103243324517,0.5631429321803064,0.5398252319589807,0.0,0.4512532755613887,0.45596673934389975,0.5639477836335709,0.42751403635180985,0.6144422368476387
MDT,0.5265295962271094,0.6358988323289595,0.610395769529436,0.615001794895326,0.5547594576826889,0.5461117234139253,0.43424349532437784,0.48860357533303517,0.5893409071634043,0.4661370172071721,0.5342639961889019,0.46862535881304773,0.48424827827160166,0.5803087857536258,0.564045842170621,0.697368338466645,0.6220859117456295,0.6157157014835858,0.654759503596554,0.5699711653579006,0.5327427785119261,0.5467605262825046,0.5012121130866751,0.5473215780988303,0.5619007346502921,0.47207824995399444,0.5146831734499802,0.5392080052732486,0.621375487417932,0.4152173493109442,0.6039861910626075,0.4509653251346153,0.4974596310335674,0.531946103264219,0.6098898505053884,0.5527381420727506,0.6330786430501669,0.5260601398971281,0.5503483705717487,0.4770550180616396,0.4975062484394725,0.4512532755613887,0.0,0.5144913125836693,0.557816900651238,0.5121971875921772,0.677718031542492
DHR,0.4525388889239076,0.5026812914899751,0.49519826406910017,0.5718632875668291,0.48468745375050554,0.4871070566570133,0.46773292303923175,0.5204814155980592,0.524021958285948,0.6833863622921201,0.47562556840957787,0.518986816658819,0.5189353831453194,0.4327532746776678,0.6309754164442581,0.5659583001706842,0.4975621023212277,0.5887092294808619,0.5418221284199778,0.6193627939150438,0.5595936077020084,0.587501400145902,0.5470076784307146,0.5834118266033876,0.532035717451101,0.6665124214770216,0.6077813620964889,0.6738287874668304,0.6264936743512723,0.5131833320374732,0.5952759338684728,0.4824245901407081,0.6348867399116277,0.2483954591634883,0.5742867484052044,0.49485307859506455,0.5255796384759612,0.5121902264350072,0.5256233131138746,0.6122023806667348,0.5703278433487754,0.45596673934389975,0.5144913125836693,0.0,0.6167037800284683,0.4638097921602044,0.6392768357465731
PM,0.6155266966468445,0.6686961984281372,0.6174360088488473,0.7066597237667509,0.6273250290063827,0.6259756752476067,0.5657797588187902,0.5881729530147451,0.5955209658121763,0.5762682434756885,0.5678688670715902,0.5899341681103782,0.5791332820286018,0.6262943191329731,0.5940545327659581,0.6680614254845088,0.6391005144386617,0.5851966828524822,0.6745321279168663,0.5829087083228216,0.6081727259640335,0.5759911279535039,0.6064569976114977,0.5799996814346439,0.5713971831514686,0.588559418111354,0.5841804005670924,0.5994692502771946,0.6750060473443011,0.6298001841477961,0.6640061053138284,0.5738611519772016,0.5458179916273168,0.6140325652026785,0.545575575764956,0.6208450871387631,0.6088326822917274,0.6704264871723227,0.6019533554568807,0.6015719150037132,0.5787655146751831,0.5639477836335709,0.557816900651238,0.6167037800284683,0.0,0.5594626632980269,0.6589035535965332
