,MSFT,AAPL,AMZN,FB,GOOGL,GOOG,JNJ,V,PG,JPM,HD,UNH,MA,NVDA,VZ,NFLX,ADBE,INTC,PYPL,T,PFE,CSCO,MRK,CMCSA,PEP,BAC,KO,XOM,WMT,ABT,CRM,ABBV,CVX,TMO,MCD,AMGN,COST,ACN,NEE,LLY,BMY,LIN,MDT,DHR,PM,TXN,NKE
MSFT,0.0,0.3094203397092816,0.3189094950455864,0.49203608450623004,0.307362039595538,0.3115722720238356,0.4967538080706534,0.31788050938648105,0.497491908524771,0.4222132833079203,0.38189084159891235,0.46169904196482586,0.3524218087951532,0.4515197407862976,0.5449839197836838,0.368815015363745,0.25632676232670215,0.4046343335017913,0.28777401481416154,0.5956197316028907,0.47842958695095483,0.3052409101058998,0.42604491912833375,0.5319122955431536,0.4865448059597956,0.4670555240522182,0.5824421044359609,0.4700541016115556,0.4690827746651692,0.35516202886852977,0.3192813969956302,0.5109153514859605,0.4457111995077162,0.3279181420759627,0.4790719833997062,0.4595691827204081,0.39976088733673326,0.3529620234337473,0.5615810744754842,0.4570143384847428,0.5078514199313705,0.491337523496371,0.43150625625311884,0.43568288607554656,0.5675586354158783,0.4207669036018618,0.4746177673721315
AAPL,0.3094203397092816,0.0,0.34463960309877184,0.42724128409237805,0.3356715113250052,0.3328959184374079,0.5177033158616882,0.3546029640641307,0.5755583747843034,0.44086974282571884,0.4210390695652568,0.4780700738830336,0.3033653180952671,0.43359332915377835,0.6464635242847125,0.4417392979708964,0.33564126933771393,0.4202356825379313,0.3526033971451578,0.6391966001197201,0.49104777078257117,0.36294536890854584,0.4743221279293141,0.5815954775752022,0.5508688924795928,0.48201242464034144,0.6336663227003618,0.45027833139093554,0.5528534706525369,0.37554363379284156,0.3749376152617669,0.5543713734934556,0.4361574461038888,0.3534451992222006,0.6092243124375333,0.5440100660965149,0.4619254296950218,0.35149804757488495,0.629474999384102,0.4915492999726938,0.4266817957434359,0.4654627565969403,0.45092156427259394,0.445690431802266,0.5589789367809481,0.4054113314158095,0.5096489059117495
AMZN,0.3189094950455864,0.34463960309877184,0.0,0.38326664647620434,0.2604524335664585,0.26439519803487244,0.5220648864286553,0.384166953162311,0.5527914675611735,0.43234611065970235,0.3924606042144457,0.4919458928037635,0.31157977428125855,0.40749909351798086,0.5915168970378544,0.3553941448658813,0.3164104732985128,0.43821108728907443,0.37338718049574754,0.5555539329653234,0.5259047173687132,0.3677655474429758,0.5211758323397505,0.5373689161368266,0.539398562274344,0.49528810933837053,0.6251060836856336,0.47011376535591015,0.4508927561857946,0.4012763990520844,0.3622477738398904,0.5243842973309857,0.4495224827175595,0.3937678978271992,0.5976140695091,0.4943424833023604,0.388486801337609,0.4123109918572711,0.5680464950828376,0.5222815018936154,0.524729725614556,0.541363838559229,0.5230237382316208,0.4911048167929351,0.5824755935662491,0.4299548803394021,0.4845935937807646
FB,0.49203608450623004,0.42724128409237805,0.38326664647620434,0.0,0.36974818436594814,0.3814553125219841,0.5712320993980708,0.49775337498843775,0.5731880159551072,0.5344935578467969,0.47663793266469373,0.5888234945085684,0.37484106607352313,0.4540002837215402,0.6062176040580401,0.4971450627219105,0.4418683770056894,0.4960496635504773,0.4992042343780035,0.6174752125783546,0.5300424135250755,0.4726546300227318,0.5447540545637444,0.5708940246337668,0.5572917722806422,0.5905328827918643,0.6267619672071187,0.5212508157612747,0.5835268504930959,0.4830057664848576,0.4641646639284042,0.5924078815004312,0.4888834818760815,0.5322065726004862,0.6942770819705726,0.540312361192819,0.525945153245514,0.5006049138428201,0.5937294124500494,0.5899483468097141,0.553746807948143,0.5768429776213155,0.5626296335856467,0.5467566619283163,0.581185121973007,0.5052914058435177,0.5902946251023218
GOOGL,0.307362039595538,0.3356715113250052,0.2604524335664585,0.36974818436594814,0.0,0.05282238950448417,0.520664429682636,0.3453502316704062,0.5188155034648639,0.42595232478871414,0.3829119801796805,0.4924262888338654,0.29395177630559444,0.42197809185413654,0.5969903819953468,0.36921673724885284,0.29151642930675903,0.42549093124401083,0.34788478303328685,0.5719302046121013,0.48923971921302745,0.35606677666510517,0.44446437137245526,0.5133863083370049,0.502998167867046,0.48357775350832655,0.6051653039739047,0.46044091336184145,0.4902524349126733,0.3852284873022892,0.31516834224716617,0.49073395536386827,0.4249202093322375,0.41588413900364674,0.6049619001031785,0.44959467591861796,0.40519472151526303,0.39670766560682713,0.5767838127094446,0.46242008837101567,0.4836615864243398,0.533862846672491,0.4747355971034984,0.4856980622627098,0.5691941832624604,0.4382980382848945,0.4988900838544084
GOOG,0.3115722720238356,0.3328959184374079,0.26439519803487244,0.3814553125219841,0.05282238950448417,0.0,0.5315469665577744,0.3430269463937157,0.5313404779876281,0.425157262686832,0.38531201426744577,0.49140697880775297,0.2879080591039877,0.427363876055608,0.6081035576840615,0.3730826006454059,0.29943473816359417,0.42918153401161313,0.352722355630922,0.5738941269938004,0.4942332149141764,0.3566447418794883,0.4488729148605087,0.5078102694269658,0.5219140643259984,0.48214145362503197,0.617149636184045,0.4502628002288598,0.4931158150592855,0.38739552377024994,0.32087064821826516,0.497473846667626,0.41808836089515167,0.414918360938957,0.6100810913346424,0.46079650826636753,0.4045561981074854,0.4070005964043996,0.5897263912116877,0.461697257262446,0.492259137995363,0.5290961736716321,0.4772243327092903,0.49536010724188645,0.558207873303114,0.4455804728982459,0.4968769518308917
JNJ,0.4967538080706534,0.5177033158616882,0.5220648864286553,0.5712320993980708,0.520664429682636,0.5315469665577744,0.0,0.531944638697795,0.5367228552873498,0.5499534596160951,0.5329671842318221,0.528985409557623,0.5318469016530433,0.6217482303424374,0.578743576714362,0.5487358349591018,0.42837237002932593,0.5523951120593752,0.5518611286587272,0.6426339281524751,0.48312738466175253,0.42615408265684673,0.4226027990676106,0.5943856138668986,0.38110537834752245,0.635421557822215,0.5842172077399346,0.49509048730725336,0.5929132677348683,0.5038576024202305,0.49458356712954793,0.5435013940718169,0.5190862446239476,0.47056324047917414,0.5579238001198051,0.5140762433895896,0.33299115404377394,0.47463692482204217,0.5469351575830086,0.473118311702403,0.5280585302152035,0.5588091947811357,0.5065152406518804,0.5111837050353971,0.5878821859947067,0.5453202090945745,0.5257859243936043
V,0.31788050938648105,0.3546029640641307,0.384166953162311,0.49775337498843775,0.3453502316704062,0.3430269463937157,0.531944638697795,0.0,0.5566271582227009,0.37163069730209836,0.30173729368170354,0.48106222457226067,0.25230445474990226,0.4150352319232302,0.6075014077741454,0.4027530345567705,0.31899212705474195,0.335291494784974,0.22455608064961413,0.5418100247500902,0.47874967042767064,0.3314591577120884,0.419326666792059,0.5518673240012748,0.5547869848780632,0.4412343296448621,0.6023650007118425,0.37547865510491313,0.5077262895353192,0.3870835634612111,0.2860541021910521,0.4941752145370725,0.350778850673348,0.358555359213028,0.5256172439875965,0.45175718745565907,0.4467516641402789,0.35115811444325384,0.6063866957966796,0.4883580480967276,0.462732262626907,0.4692289761558061,0.4872631413731064,0.4970049449567524,0.610500918439886,0.3696955887892287,0.47967169298625933
PG,0.497491908524771,0.5755583747843034,0.5527914675611735,0.5731880159551072,0.5188155034648639,0.5313404779876281,0.5367228552873498,0.5566271582227009,0.0,0.5685032992762725,0.5216346500162666,0.5450870825833539,0.5623177887493511,0.6041823766410579,0.4624296148683089,0.5636000271820135,0.5131461200966949,0.5384659457463659,0.5577611448450808,0.56599928262667,0.46778750373812245,0.44790289637352093,0.45983960357688525,0.5184842535668578,0.4351841449368421,0.634112806622756,0.4652094586440682,0.5215553721175562,0.5297323358646844,0.5664575531638382,0.46576907296930226,0.5437038149707663,0.538891157150653,0.5426766559311822,0.5339061394334143,0.5344696034652963,0.5560123923449569,0.5283742749208936,0.43133569286519496,0.49364996069222633,0.5693843151631421,0.6188772186469996,0.5219970755223543,0.5683254986263824,0.5958924233644451,0.5719809735250893,0.5367255605243844
JPM,0.4222132833079203,0.44086974282571884,0.43234611065970235,0.5344935578467969,0.42595232478871414,0.425157262686832,0.5499534596160951,0.37163069730209836,0.5685032992762725,0.0,0.3521540640363455,0.45217645599698225,0.3916558905854131,0.49529170624808616,0.6383428670488928,0.46800825381026095,0.46402742764245963,0.42898411021176264,0.40485701758152776,0.4724213746890075,0.5284449179703458,0.4143905763125008,0.4752789535624048,0.49730548199107294,0.5241043955173577,0.29862677783576946,0.6045391378990969,0.36977600683046824,0.4906672508193887,0.47100375460147503,0.44559337199697396,0.5607323169273878,0.37851253061608275,0.43070730790646733,0.563868634039755,0.4915572591882528,0.48675259763198503,0.396937914102533,0.6414574981790884,0.5338075906309011,0.5310473539313353,0.4558056415587531,0.5157346895147435,0.4847725186122406,0.5413705565456338,0.45503080512732286,0.5011064204895506
HD,0.38189084159891235,0.4210390695652568,0.3924606042144457,0.47663793266469373,0.3829119801796805,0.38531201426744577,0.5329671842318221,0.30173729368170354,0.5216346500162666,0.3521540640363455,0.0,0.43348014688662556,0.31047006640647384,0.442417332291083,0.5759377475271924,0.46287716668481094,0.3900932565998746,0.4314716784319274,0.37781726353881523,0.493633003105146,0.4871043334080337,0.389655961462707,0.45810527342203633,0.5285210024504674,0.5117182320635923,0.44841974222437636,0.5924749792390201,0.4295870056392887,0.44895680350328976,0.42308244903166436,0.3529651818510086,0.5188664481270799,0.3855681451290001,0.40967241630523354,0.5391766859345034,0.4938422704736015,0.45218864848967294,0.38212330662247973,0.5980007561107941,0.5297242477779108,0.5059966065821366,0.4967725176213586,0.5225420535319014,0.5275285746911506,0.5888304418788148,0.40994404137143975,0.48525955670216364
UNH,0.46169904196482586,0.4780700738830336,0.4919458928037635,0.5888234945085684,0.4924262888338654,0.49140697880775297,0.528985409557623,0.48106222457226067,0.5450870825833539,0.45217645599698225,0.43348014688662556,0.0,0.47037296044970367,0.5526147033922781,0.6160130649557805,0.4938667831426253,0.4532999409574797,0.5362725353950404,0.5000272205468913,0.5595754126268895,0.5303908025081999,0.44185336922488755,0.4823703629278112,0.5556468879262139,0.5343285505368143,0.5042541880030587,0.6607917213516471,0.5062851288905347,0.48670464677556036,0.46998279959523254,0.45850044223656783,0.5508596777029011,0.470024871979603,0.46689877711399325,0.5240780972423037,0.5392457822701276,0.47284068943990254,0.4311369805412724,0.5937212473714084,0.5143636966291093,0.547879241865563,0.5537595362809987,0.47106178671717047,0.5501356412302855,0.5644532209157097,0.512848267652624,0.502377788430516
MA,0.3524218087951532,0.3033653180952671,0.31157977428125855,0.37484106607352313,0.29395177630559444,0.2879080591039877,0.5318469016530433,0.25230445474990226,0.5623177887493511,0.3916558905854131,0.31047006640647384,0.47037296044970367,0.0,0.3717327881175398,0.6254913591632152,0.43081547148496785,0.28987093689090565,0.3805976889920043,0.3154363325628801,0.5309252881111169,0.4625509462676067,0.3145900324611654,0.4368111762741523,0.5150429386695423,0.5523622104285668,0.4617458320188734,0.6158708003302731,0.38847053452675284,0.4991769116161436,0.3533854297198316,0.29611224281617005,0.49574513124805086,0.37067156147302527,0.3575607558897889,0.5983375568159107,0.45470062136649814,0.42548313043974756,0.348907161405089,0.5773443842954334,0.4852968636453403,0.4575143294616094,0.4625171795743091,0.4423787595744612,0.485408434062858,0.5301030905318401,0.38280759601570336,0.4849382332201035
NVDA,0.4515197407862976,0.43359332915377835,0.40749909351798086,0.4540002837215402,0.42197809185413654,0.427363876055608,0.6217482303424374,0.4150352319232302,0.6041823766410579,0.49529170624808616,0.442417332291083,0.5526147033922781,0.3717327881175398,0.0,0.6073395190676475,0.46937885968233595,0.4552471508313175,0.40754569045824673,0.4281553175920815,0.5784007689595246,0.5266922564034414,0.44766492827641563,0.5772323958956733,0.5777601902749282,0.5911002632654465,0.5370805262859627,0.6693029068112923,0.5082475201400757,0.5767488466182046,0.4277313721157792,0.45506693111359353,0.5307501451960405,0.46536839056951446,0.4652834352104379,0.6120754825247645,0.4933645354419369,0.5519085292320741,0.5001780740662084,0.6164486885027416,0.6079147342257655,0.49799184298793586,0.5518674637727352,0.5736151620686295,0.5560591971736242,0.6333934183002803,0.36543273865241177,0.5591979895866438
VZ,0.5449839197836838,0.6464635242847125,0.5915168970378544,0.6062176040580401,0.5969903819953468,0.6081035576840615,0.578743576714362,0.6075014077741454,0.4624296148683089,0.6383428670488928,0.5759377475271924,0.6160130649557805,0.6254913591632152,0.6073395190676475,0.0,0.6048570880115449,0.567891549082447,0.6194606162284845,0.6088190513205426,0.5665892490356621,0.534236540127653,0.555657105115637,0.5625660751904341,0.6136014446583169,0.45411753078843187,0.6697110966720843,0.53255292041893,0.5876461410877036,0.5532378280700101,0.5763973607314564,0.5407113240845322,0.5348676190285655,0.6029806332171241,0.5398748209738833,0.48700153886588704,0.5228267236414338,0.5881620652769486,0.583806120160203,0.4910240334434982,0.5294395031266761,0.6375755443735298,0.6546102404483775,0.6007123548294573,0.529245459441202,0.6274485322780005,0.6505648410963731,0.5833163863991433
NFLX,0.368815015363745,0.4417392979708964,0.3553941448658813,0.4971450627219105,0.36921673724885284,0.3730826006454059,0.5487358349591018,0.4027530345567705,0.5636000271820135,0.46800825381026095,0.46287716668481094,0.4938667831426253,0.43081547148496785,0.46937885968233595,0.6048570880115449,0.0,0.3588657773190173,0.4739971008997714,0.3733046051309877,0.5506866381236833,0.5216749836112029,0.39581733402201313,0.4934341696208522,0.570829222992614,0.5709752694815897,0.5035832102827881,0.6599313608443852,0.5224479927466809,0.5264473564527458,0.44571650958051856,0.3531595575511024,0.5834956006780864,0.5091338105868511,0.4353949765890333,0.5524600210543974,0.4926338181023633,0.4584509587713063,0.45388052909704085,0.6126746301936664,0.5188865649116032,0.5721895543988614,0.5538264308682458,0.5540016030746836,0.5169398918822615,0.6136074180198943,0.45251293054019004,0.5383493504885244
ADBE,0.25632676232670215,0.33564126933771393,0.3164104732985128,0.4418683770056894,0.29151642930675903,0.29943473816359417,0.42837237002932593,0.31899212705474195,0.5131461200966949,0.46402742764245963,0.3900932565998746,0.4532999409574797,0.28987093689090565,0.4552471508313175,0.567891549082447,0.3588657773190173,0.0,0.4370267059710656,0.3063229949441169,0.5720147094928493,0.4676364757429985,0.2846624202349483,0.39941230973063213,0.5240499246944375,0.4809761530099183,0.504680614264885,0.5891945697812728,0.47384138204751786,0.457843023890568,0.3636593188588434,0.24392363201791598,0.49462799759475407,0.4381422552935049,0.3366921892823213,0.5062669240084301,0.41036922049527164,0.3046012522350336,0.35615003220743835,0.5466389894584539,0.4331561212841568,0.4783473413150552,0.5255272130463441,0.4581312709833326,0.4518924787622408,0.5498046405625239,0.43341150179451504,0.49383272819576424
INTC,0.4046343335017913,0.4202356825379313,0.43821108728907443,0.4960496635504773,0.42549093124401083,0.42918153401161313,0.5523951120593752,0.335291494784974,0.5384659457463659,0.42898411021176264,0.4314716784319274,0.5362725353950404,0.3805976889920043,0.40754569045824673,0.6194606162284845,0.4739971008997714,0.4370267059710656,0.0,0.373651197211087,0.5878477746663306,0.4909967957742829,0.38567408579883844,0.4564612969173095,0.5710577855465235,0.5257400451439903,0.5159747796656444,0.60010510726914,0.4450427168929303,0.5345231327888642,0.4047619408502164,0.4351649618215398,0.4340893129620681,0.4166871070355884,0.42365054058015794,0.5348280685967953,0.451031907043634,0.4901801258155758,0.447040262032631,0.5329112510157171,0.5531519369705605,0.46818392812768794,0.47803284162354764,0.48253362280838247,0.5003774247024089,0.6343468173404333,0.3206176846693441,0.4925699339100443
PYPL,0.28777401481416154,0.3526033971451578,0.37338718049574754,0.4992042343780035,0.34788478303328685,0.352722355630922,0.5518611286587272,0.22455608064961413,0.5577611448450808,0.40485701758152776,0.37781726353881523,0.5000272205468913,0.3154363325628801,0.4281553175920815,0.6088190513205426,0.3733046051309877,0.3063229949441169,0.373651197211087,0.0,0.5584036719585886,0.5358379449784894,0.3439590101980472,0.4847641836091154,0.5678543227670483,0.5702321168399742,0.4615334574022894,0.6164319315804079,0.4624302714274319,0.5179080670805751,0.42231574545588685,0.3015638870386417,0.5590871389281482,0.4365881077110772,0.37771598193670225,0.5213113821946167,0.4454288951436195,0.4597372523812193,0.354888240282014,0.6442499879648712,0.5401294188394136,0.49329673530493584,0.4822288821381807,0.49408674402771013,0.49662805717676317,0.6026079649164174,0.3604916244928347,0.5317751889928043
T,0.5956197316028907,0.6391966001197201,0.5555539329653234,0.6174752125783546,0.5719302046121013,0.5738941269938004,0.6426339281524751,0.5418100247500902,0.56599928262667,0.4724213746890075,0.493633003105146,0.5595754126268895,0.5309252881111169,0.5784007689595246,0.5665892490356621,0.5506866381236833,0.5720147094928493,0.5878477746663306,0.5584036719585886,0.0,0.5703349510787635,0.5197861484751667,0.5593494474207897,0.48779279856080854,0.5938904965721963,0.5273889878474871,0.6333842479341512,0.49414451399478704,0.4615263234798913,0.6296596837661883,0.5207516710923823,0.5979650275629813,0.5382233379323366,0.554002012522847,0.5574679015832139,0.5263225183362146,0.5726703797846573,0.5272985190009456,0.5964693544219452,0.5751270003894923,0.6077712534338938,0.540577401920441,0.6526444410473707,0.6012516768604559,0.5550149936513794,0.6029353790806095,0.5414988061584541
PFE,0.47842958695095483,0.49104777078257117,0.5259047173687132,0.5300424135250755,0.48923971921302745,0.4942332149141764,0.48312738466175253,0.47874967042767064,0.46778750373812245,0.5284449179703458,0.4871043334080337,0.5303908025081999,0.4625509462676067,0.5266922564034414,0.534236540127653,0.5216749836112029,0.4676364757429985,0.4909967957742829,0.5358379449784894,0.5703349510787635,0.0,0.3789246661926079,0.31857781951623687,0.526975619694899,0.4428979211191666,0.6063014001299959,0.590611203669932,0.45996527145762345,0.5507214384599314,0.3919875790206678,0.4271287216225783,0.40462586267638684,0.49338698134099407,0.4512109684184874,0.5593503401572776,0.44874328399035035,0.5016007216252616,0.5170367247867171,0.507667138908823,0.3450029743555888,0.4854096257891122,0.5182492544195836,0.5026930055713456,0.4770221487667237,0.562678394363215,0.5414741241721859,0.5149310386419969
CSCO,0.3052409101058998,0.36294536890854584,0.3677655474429758,0.4726546300227318,0.35606677666510517,0.3566447418794883,0.42615408265684673,0.3314591577120884,0.44790289637352093,0.4143905763125008,0.389655961462707,0.44185336922488755,0.3145900324611654,0.44766492827641563,0.555657105115637,0.39581733402201313,0.2846624202349483,0.38567408579883844,0.3439590101980472,0.5197861484751667,0.3789246661926079,0.0,0.38358560407691106,0.5127347025466424,0.4466815722166249,0.4932679857662664,0.6127039684441201,0.40736857724965464,0.4659034110711401,0.34081340402854093,0.29872547072398875,0.47392543572733203,0.42997722100080293,0.33337649017844667,0.4841522890633688,0.41151813416892097,0.3304625884530728,0.39186628339128,0.5098060496074032,0.4164166278224706,0.44587699178593976,0.4754705355686829,0.43279659103196666,0.41999836790635836,0.5284579275575026,0.3826628115052339,0.4302354957592515
MRK,0.42604491912833375,0.4743221279293141,0.5211758323397505,0.5447540545637444,0.44446437137245526,0.4488729148605087,0.4226027990676106,0.419326666792059,0.45983960357688525,0.4752789535624048,0.45810527342203633,0.4823703629278112,0.4368111762741523,0.5772323958956733,0.5625660751904341,0.4934341696208522,0.39941230973063213,0.4564612969173095,0.4847641836091154,0.5593494474207897,0.31857781951623687,0.38358560407691106,0.0,0.5223486232062879,0.393162248569199,0.542310012996203,0.5307753368506101,0.4308246587396166,0.5441903927602163,0.43165740740356273,0.3819665073902993,0.4288996590567003,0.45932703966591726,0.4388034344660291,0.5251777382861379,0.40938752287470465,0.4485861001095441,0.44112905756854276,0.5102781692965457,0.3287252548697577,0.4875687236707906,0.4858336181085266,0.4322821554615892,0.5024197253430852,0.5036479831321953,0.5344520216470128,0.5132708462471114
CMCSA,0.5319122955431536,0.5815954775752022,0.5373689161368266,0.5708940246337668,0.5133863083370049,0.5078102694269658,0.5943856138668986,0.5518673240012748,0.5184842535668578,0.49730548199107294,0.5285210024504674,0.5556468879262139,0.5150429386695423,0.5777601902749282,0.6136014446583169,0.570829222992614,0.5240499246944375,0.5710577855465235,0.5678543227670483,0.48779279856080854,0.526975619694899,0.5127347025466424,0.5223486232062879,0.0,0.5729629543140595,0.5664877862435884,0.6373552691621751,0.5083589785712823,0.5173958081656379,0.6074772901497586,0.5313987180790157,0.5884218342548468,0.5158595353422878,0.5499868319682873,0.599176541587271,0.5435429580788235,0.5487636595601462,0.5660235609198123,0.5819964988316286,0.5376733740451013,0.6542559334125387,0.596473680189821,0.5557960552148383,0.6059253513209814,0.47865176025586,0.6393386744402371,0.6201221744131379
PEP,0.4865448059597956,0.5508688924795928,0.539398562274344,0.5572917722806422,0.502998167867046,0.5219140643259984,0.38110537834752245,0.5547869848780632,0.4351841449368421,0.5241043955173577,0.5117182320635923,0.5343285505368143,0.5523622104285668,0.5911002632654465,0.45411753078843187,0.5709752694815897,0.4809761530099183,0.5257400451439903,0.5702321168399742,0.5938904965721963,0.4428979211191666,0.4466815722166249,0.393162248569199,0.5729629543140595,0.0,0.6006700203755612,0.4589465135077732,0.5334012264370335,0.5532968459098662,0.4837601320131138,0.498610486587546,0.4498220500124313,0.548900129250327,0.49158249502313567,0.5058166318382756,0.4731373282545362,0.4493438326171624,0.49445559852940557,0.44451566112971697,0.4760117595099046,0.5097042786267875,0.5975227222460624,0.50147199749136,0.5131638502851573,0.540885842406482,0.5742573442768009,0.5576410609872563
BAC,0.4670555240522182,0.48201242464034144,0.49528810933837053,0.5905328827918643,0.48357775350832655,0.48214145362503197,0.635421557822215,0.4412343296448621,0.634112806622756,0.29862677783576946,0.44841974222437636,0.5042541880030587,0.4617458320188734,0.5370805262859627,0.6697110966720843,0.5035832102827881,0.504680614264885,0.5159747796656444,0.4615334574022894,0.5273889878474871,0.6063014001299959,0.4932679857662664,0.542310012996203,0.5664877862435884,0.6006700203755612,0.0,0.6395111870396689,0.488609699920022,0.5339644383943535,0.5195332657006719,0.5050069661535603,0.5969331279468135,0.4884516967462483,0.49097144596513864,0.6004555103798705,0.5138133541351707,0.5524398650620554,0.46774697934990095,0.6741628837032976,0.5750159880032306,0.5897126043703428,0.547660779033879,0.5311209126982782,0.5377860568564129,0.5807999705750807,0.5012898450413795,0.5395247507029282
KO,0.5824421044359609,0.6336663227003618,0.6251060836856336,0.6267619672071187,0.6051653039739047,0.617149636184045,0.5842172077399346,0.6023650007118425,0.4652094586440682,0.6045391378990969,0.5924749792390201,0.6607917213516471,0.6158708003302731,0.6693029068112923,0.53255292041893,0.6599313608443852,0.5891945697812728,0.60010510726914,0.6164319315804079,0.6333842479341512,0.590611203669932,0.6127039684441201,0.5307753368506101,0.6373552691621751,0.4589465135077732,0.6395111870396689,0.0,0.6000190519991012,0.6445220793418034,0.5956806709189476,0.5677117282671377,0.5812138582921573,0.6023435692898306,0.5844320699513789,0.6219523401997219,0.5935607744702954,0.6372302596474919,0.5807028644024566,0.5226624687481163,0.619642179956304,0.6062434366035225,0.6138899590438036,0.5924678109527299,0.582763764090969,0.6485441899423171,0.6272515474640937,0.5690012407469348
XOM,0.4700541016115556,0.45027833139093554,0.47011376535591015,0.5212508157612747,0.46044091336184145,0.4502628002288598,0.49509048730725336,0.37547865510491313,0.5215553721175562,0.36977600683046824,0.4295870056392887,0.5062851288905347,0.38847053452675284,0.5082475201400757,0.5876461410877036,0.5224479927466809,0.47384138204751786,0.4450427168929303,0.4624302714274319,0.49414451399478704,0.45996527145762345,0.40736857724965464,0.4308246587396166,0.5083589785712823,0.5334012264370335,0.488609699920022,0.6000190519991012,0.0,0.5216477432928216,0.48701169429970054,0.44812353076237477,0.5535138107001656,0.25358984075822133,0.427273291203439,0.5680340167704222,0.5101906999598268,0.48554154045438136,0.3842272869380587,0.5910439349441913,0.478439069096874,0.5470074711948079,0.4631665085509532,0.5155919569170677,0.5134463358629178,0.49630576600990256,0.49293908633241257,0.458284276169431
WMT,0.4690827746651692,0.5528534706525369,0.4508927561857946,0.5835268504930959,0.4902524349126733,0.4931158150592855,0.5929132677348683,0.5077262895353192,0.5297323358646844,0.4906672508193887,0.44895680350328976,0.48670464677556036,0.4991769116161436,0.5767488466182046,0.5532378280700101,0.5264473564527458,0.457843023890568,0.5345231327888642,0.5179080670805751,0.4615263234798913,0.5507214384599314,0.4659034110711401,0.5441903927602163,0.5173958081656379,0.5532968459098662,0.5339644383943535,0.6445220793418034,0.5216477432928216,0.0,0.5208372041152664,0.4928932442867397,0.5477170998108132,0.49469086990669925,0.5108231860075544,0.5034800627379152,0.5108812371790267,0.4497427296494142,0.4924308689163637,0.5484312392479596,0.5612890240995,0.5981618050372982,0.5799532906763318,0.5565322137812632,0.5549563269585757,0.6086702468694641,0.5639261016534403,0.4837944020434361
ABT,0.35516202886852977,0.37554363379284156,0.4012763990520844,0.4830057664848576,0.3852284873022892,0.38739552377024994,0.5038576024202305,0.3870835634612111,0.5664575531638382,0.47100375460147503,0.42308244903166436,0.46998279959523254,0.3533854297198316,0.4277313721157792,0.5763973607314564,0.44571650958051856,0.3636593188588434,0.4047619408502164,0.42231574545588685,0.6296596837661883,0.3919875790206678,0.34081340402854093,0.43165740740356273,0.6074772901497586,0.4837601320131138,0.5195332657006719,0.5956806709189476,0.48701169429970054,0.5208372041152664,0.0,0.38342990244390696,0.4369001873583468,0.4307223807622133,0.3262549148022791,0.5426329443194389,0.41425697210518386,0.4461982126130534,0.4314929243332781,0.5202965965272496,0.4555360708748188,0.45267657460828076,0.48430118405570655,0.43550590510283776,0.4052816322668501,0.6090932172492036,0.3746459312430636,0.45996642688935213
CRM,0.3192813969956302,0.3749376152617669,0.3622477738398904,0.4641646639284042,0.31516834224716617,0.32087064821826516,0.49458356712954793,0.2860541021910521,0.46576907296930226,0.44559337199697396,0.3529651818510086,0.45850044223656783,0.29611224281617005,0.45506693111359353,0.5407113240845322,0.3531595575511024,0.24392363201791598,0.4351649618215398,0.3015638870386417,0.5207516710923823,0.4271287216225783,0.29872547072398875,0.3819665073902993,0.5313987180790157,0.498610486587546,0.5050069661535603,0.5677117282671377,0.44812353076237477,0.4928932442867397,0.38342990244390696,0.0,0.46938196581118036,0.440318357993267,0.3319336047884514,0.5203543725488342,0.40972029800727783,0.40766368651044693,0.3687465664957946,0.5636893570222846,0.4342364159028823,0.4729643829041827,0.5011907399547675,0.500172856108745,0.448881923418821,0.5738802839972935,0.4354312056811588,0.4851780673824822
ABBV,0.5109153514859605,0.5543713734934556,0.5243842973309857,0.5924078815004312,0.49073395536386827,0.497473846667626,0.5435013940718169,0.4941752145370725,0.5437038149707663,0.5607323169273878,0.5188664481270799,0.5508596777029011,0.49574513124805086,0.5307501451960405,0.5348676190285655,0.5834956006780864,0.49462799759475407,0.4340893129620681,0.5590871389281482,0.5979650275629813,0.40462586267638684,0.47392543572733203,0.4288996590567003,0.5884218342548468,0.4498220500124313,0.5969331279468135,0.5812138582921573,0.5535138107001656,0.5477170998108132,0.4369001873583468,0.46938196581118036,0.0,0.5473800819845139,0.5007330360907867,0.5746648482786648,0.40186405653730256,0.5212816787382218,0.5627215347579371,0.464308169645129,0.4639735809692814,0.5134407505266463,0.5613861673169446,0.5415210615663859,0.5089931031557557,0.6352341951326346,0.5490762052899093,0.5320690276408266
CVX,0.4457111995077162,0.4361574461038888,0.4495224827175595,0.4888834818760815,0.4249202093322375,0.41808836089515167,0.5190862446239476,0.350778850673348,0.538891157150653,0.37851253061608275,0.3855681451290001,0.470024871979603,0.37067156147302527,0.46536839056951446,0.6029806332171241,0.5091338105868511,0.4381422552935049,0.4166871070355884,0.4365881077110772,0.5382233379323366,0.49338698134099407,0.42997722100080293,0.45932703966591726,0.5158595353422878,0.548900129250327,0.4884516967462483,0.6023435692898306,0.25358984075822133,0.49469086990669925,0.4307223807622133,0.440318357993267,0.5473800819845139,0.0,0.4333860507883035,0.5472141414633869,0.49752203458211175,0.47745923532920603,0.39216515159298954,0.5971498165637213,0.5150783247022344,0.5248009571599472,0.48043641147263844,0.5325736334769124,0.5009937340736652,0.558719706593578,0.4412878198964227,0.454022592434592
TMO,0.3279181420759627,0.3534451992222006,0.3937678978271992,0.5322065726004862,0.41588413900364674,0.414918360938957,0.47056324047917414,0.358555359213028,0.5426766559311822,0.43070730790646733,0.40967241630523354,0.46689877711399325,0.3575607558897889,0.4652834352104379,0.5398748209738833,0.4353949765890333,0.3366921892823213,0.42365054058015794,0.37771598193670225,0.554002012522847,0.4512109684184874,0.33337649017844667,0.4388034344660291,0.5499868319682873,0.49158249502313567,0.49097144596513864,0.5844320699513789,0.427273291203439,0.5108231860075544,0.3262549148022791,0.3319336047884514,0.5007330360907867,0.4333860507883035,0.0,0.4446111666625307,0.44852324994656906,0.4002531146004021,0.3319268830186285,0.5437130750829738,0.43280078803086797,0.4923363333629655,0.4536707572864207,0.4396046978412814,0.3589324005536972,0.5523550402370538,0.42284119476876675,0.4471275294961311
MCD,0.4790719833997062,0.6092243124375333,0.5976140695091,0.6942770819705726,0.6049619001031785,0.6100810913346424,0.5579238001198051,0.5256172439875965,0.5339061394334143,0.563868634039755,0.5391766859345034,0.5240780972423037,0.5983375568159107,0.6120754825247645,0.48700153886588704,0.5524600210543974,0.5062669240084301,0.5348280685967953,0.5213113821946167,0.5574679015832139,0.5593503401572776,0.4841522890633688,0.5251777382861379,0.599176541587271,0.5058166318382756,0.6004555103798705,0.6219523401997219,0.5680340167704222,0.5034800627379152,0.5426329443194389,0.5203543725488342,0.5746648482786648,0.5472141414633869,0.4446111666625307,0.0,0.5137105604304804,0.5048454504732611,0.4910290292430381,0.5527892321567401,0.5277361447746068,0.5826441351250881,0.6278738917004456,0.5730707976680174,0.5270389939032375,0.6088484351728857,0.5807912478010242,0.5463113546160996
AMGN,0.4595691827204081,0.5440100660965149,0.4943424833023604,0.540312361192819,0.44959467591861796,0.46079650826636753,0.5140762433895896,0.45175718745565907,0.5344696034652963,0.4915572591882528,0.4938422704736015,0.5392457822701276,0.45470062136649814,0.4933645354419369,0.5228267236414338,0.4926338181023633,0.41036922049527164,0.451031907043634,0.4454288951436195,0.5263225183362146,0.44874328399035035,0.41151813416892097,0.40938752287470465,0.5435429580788235,0.4731373282545362,0.5138133541351707,0.5935607744702954,0.5101906999598268,0.5108812371790267,0.41425697210518386,0.40972029800727783,0.40186405653730256,0.49752203458211175,0.44852324994656906,0.5137105604304804,0.0,0.45415710412243865,0.478117031563382,0.5455058152235359,0.46302885529375226,0.5246926634182816,0.5460337126793242,0.5347936046125654,0.47769584024963285,0.5891937061073659,0.4677623220954364,0.5618776181414634
COST,0.39976088733673326,0.4619254296950218,0.388486801337609,0.525945153245514,0.40519472151526303,0.4045561981074854,0.33299115404377394,0.4467516641402789,0.5560123923449569,0.48675259763198503,0.45218864848967294,0.47284068943990254,0.42548313043974756,0.5519085292320741,0.5881620652769486,0.4584509587713063,0.3046012522350336,0.4901801258155758,0.4597372523812193,0.5726703797846573,0.5016007216252616,0.3304625884530728,0.4485861001095441,0.5487636595601462,0.4493438326171624,0.5524398650620554,0.6372302596474919,0.48554154045438136,0.4497427296494142,0.4461982126130534,0.40766368651044693,0.5212816787382218,0.47745923532920603,0.4002531146004021,0.5048454504732611,0.45415710412243865,0.0,0.45081861811021595,0.5649195310269123,0.4598310794686396,0.5006545513956322,0.5632886748287599,0.4987088760030369,0.48073206388153544,0.5514229394631315,0.49451752801804083,0.49492004030933
ACN,0.3529620234337473,0.35149804757488495,0.4123109918572711,0.5006049138428201,0.39670766560682713,0.4070005964043996,0.47463692482204217,0.35115811444325384,0.5283742749208936,0.396937914102533,0.38212330662247973,0.4311369805412724,0.348907161405089,0.5001780740662084,0.583806120160203,0.45388052909704085,0.35615003220743835,0.447040262032631,0.354888240282014,0.5272985190009456,0.5170367247867171,0.39186628339128,0.44112905756854276,0.5660235609198123,0.49445559852940557,0.46774697934990095,0.5807028644024566,0.3842272869380587,0.4924308689163637,0.4314929243332781,0.3687465664957946,0.5627215347579371,0.39216515159298954,0.3319268830186285,0.4910290292430381,0.478117031563382,0.45081861811021595,0.0,0.5644127371518053,0.48301208319350447,0.4884105609651797,0.48131512655536424,0.44026226656649436,0.459164798957696,0.5220102266957242,0.4506170300037357,0.5280940113736565
NEE,0.5615810744754842,0.629474999384102,0.5680464950828376,0.5937294124500494,0.5767838127094446,0.5897263912116877,0.5469351575830086,0.6063866957966796,0.43133569286519496,0.6414574981790884,0.5980007561107941,0.5937212473714084,0.5773443842954334,0.6164486885027416,0.4910240334434982,0.6126746301936664,0.5466389894584539,0.5329112510157171,0.6442499879648712,0.5964693544219452,0.507667138908823,0.5098060496074032,0.5102781692965457,0.5819964988316286,0.44451566112971697,0.6741628837032976,0.5226624687481163,0.5910439349441913,0.5484312392479596,0.5202965965272496,0.5636893570222846,0.464308169645129,0.5971498165637213,0.5437130750829738,0.5527892321567401,0.5455058152235359,0.5649195310269123,0.5644127371518053,0.0,0.5201337935464719,0.5959357424260397,0.6430582546870928,0.5103197083768812,0.5647875084901959,0.6190131361196128,0.6109406934571642,0.5542458088415162
LLY,0.4570143384847428,0.4915492999726938,0.5222815018936154,0.5899483468097141,0.46242008837101567,0.461697257262446,0.473118311702403,0.4883580480967276,0.49364996069222633,0.5338075906309011,0.5297242477779108,0.5143636966291093,0.4852968636453403,0.6079147342257655,0.5294395031266761,0.5188865649116032,0.4331561212841568,0.5531519369705605,0.5401294188394136,0.5751270003894923,0.3450029743555888,0.4164166278224706,0.3287252548697577,0.5376733740451013,0.4760117595099046,0.5750159880032306,0.619642179956304,0.478439069096874,0.5612890240995,0.4555360708748188,0.4342364159028823,0.4639735809692814,0.5150783247022344,0.43280078803086797,0.5277361447746068,0.46302885529375226,0.4598310794686396,0.48301208319350447,0.5201337935464719,0.0,0.48843404763288845,0.5683807704311548,0.4835927495179643,0.5014600048010712,0.5266213947873413,0.5968373071652024,0.5182697454062949
BMY,0.5078514199313705,0.4266817957434359,0.524729725614556,0.553746807948143,0.4836615864243398,0.492259137995363,0.5280585302152035,0.462732262626907,0.5693843151631421,0.5310473539313353,0.5059966065821366,0.547879241865563,0.4575143294616094,0.49799184298793586,0.6375755443735298,0.5721895543988614,0.4783473413150552,0.46818392812768794,0.49329673530493584,0.6077712534338938,0.4854096257891122,0.44587699178593976,0.4875687236707906,0.6542559334125387,0.5097042786267875,0.5897126043703428,0.6062434366035225,0.5470074711948079,0.5981618050372982,0.45267657460828076,0.4729643829041827,0.5134407505266463,0.5248009571599472,0.4923363333629655,0.5826441351250881,0.5246926634182816,0.5006545513956322,0.4884105609651797,0.5959357424260397,0.48843404763288845,0.0,0.5999436640701585,0.561074398205376,0.5558147357826064,0.6223279243463874,0.46847405500239636,0.5394330593596206
LIN,0.491337523496371,0.4654627565969403,0.541363838559229,0.5768429776213155,0.533862846672491,0.5290961736716321,0.5588091947811357,0.4692289761558061,0.6188772186469996,0.4558056415587531,0.4967725176213586,0.5537595362809987,0.4625171795743091,0.5518674637727352,0.6546102404483775,0.5538264308682458,0.5255272130463441,0.47803284162354764,0.4822288821381807,0.540577401920441,0.5182492544195836,0.4754705355686829,0.4858336181085266,0.596473680189821,0.5975227222460624,0.547660779033879,0.6138899590438036,0.4631665085509532,0.5799532906763318,0.48430118405570655,0.5011907399547675,0.5613861673169446,0.48043641147263844,0.4536707572864207,0.6278738917004456,0.5460337126793242,0.5632886748287599,0.48131512655536424,0.6430582546870928,0.5683807704311548,0.5999436640701585,0.0,0.5319353883099803,0.5079407673427396,0.6035573367670597,0.5072167050060972,0.5206513459002935
MDT,0.43150625625311884,0.45092156427259394,0.5230237382316208,0.5626296335856467,0.4747355971034984,0.4772243327092903,0.5065152406518804,0.4872631413731064,0.5219970755223543,0.5157346895147435,0.5225420535319014,0.47106178671717047,0.4423787595744612,0.5736151620686295,0.6007123548294573,0.5540016030746836,0.4581312709833326,0.48253362280838247,0.49408674402771013,0.6526444410473707,0.5026930055713456,0.43279659103196666,0.4322821554615892,0.5557960552148383,0.50147199749136,0.5311209126982782,0.5924678109527299,0.5155919569170677,0.5565322137812632,0.43550590510283776,0.500172856108745,0.5415210615663859,0.5325736334769124,0.4396046978412814,0.5730707976680174,0.5347936046125654,0.4987088760030369,0.44026226656649436,0.5103197083768812,0.4835927495179643,0.561074398205376,0.5319353883099803,0.0,0.5335950350338927,0.5421892490799287,0.5012041852011097,0.530056229360446
DHR,0.43568288607554656,0.445690431802266,0.4911048167929351,0.5467566619283163,0.4856980622627098,0.49536010724188645,0.5111837050353971,0.4970049449567524,0.5683254986263824,0.4847725186122406,0.5275285746911506,0.5501356412302855,0.485408434062858,0.5560591971736242,0.529245459441202,0.5169398918822615,0.4518924787622408,0.5003774247024089,0.49662805717676317,0.6012516768604559,0.4770221487667237,0.41999836790635836,0.5024197253430852,0.6059253513209814,0.5131638502851573,0.5377860568564129,0.582763764090969,0.5134463358629178,0.5549563269585757,0.4052816322668501,0.448881923418821,0.5089931031557557,0.5009937340736652,0.3589324005536972,0.5270389939032375,0.47769584024963285,0.48073206388153544,0.459164798957696,0.5647875084901959,0.5014600048010712,0.5558147357826064,0.5079407673427396,0.5335950350338927,0.0,0.6084397978294285,0.5025213497748594,0.48593805213357627
