,MSFT,AAPL,AMZN,FB,GOOGL,GOOG,JNJ,V,PG,JPM,HD,UNH,MA,NVDA,VZ,NFLX,ADBE,INTC,PYPL,T,PFE,CSCO,MRK,CMCSA,PEP,BAC,KO,XOM,WMT,ABT,CRM,ABBV,CVX,TMO,MCD,AMGN,COST,ACN,NEE,LLY,BMY,LIN,MDT,DHR,PM,TXN,NKE
MSFT,0.0,0.3909460572460069,0.34236401552761164,0.4282445183305493,0.2746073801987589,0.2629854884685977,0.3991517036330404,0.27608539588578396,0.5222135024758899,0.3160763111806141,0.358638828835797,0.4284434434475898,0.3189036283311209,0.31628216599212183,0.46982946380031787,0.3755567415516629,0.24477983221419938,0.3334735832800855,0.3859255960692777,0.5381899713490982,0.4099290135868232,0.2752686340729326,0.5260232460480126,0.495959922066565,0.5249215124450133,0.2948262128237131,0.4660201200480553,0.517935425528019,0.5513894953012752,0.3208575007077483,0.32245890222797496,0.48590107982405945,0.396086081968203,0.36188220108601077,0.5590162688644262,0.38314701127381234,0.34254729144760426,0.3225032013508342,0.5881934949482364,0.3966847421842332,0.5506966404373449,0.35188133245237113,0.35513650134937363,0.3210737646725288,0.6174980692729328,0.316470653620799,0.41280583908436713
AAPL,0.3909460572460069,0.0,0.4481956779090167,0.512989866102661,0.4221199159978275,0.40600818919186105,0.5112996865811241,0.40577289366219194,0.4971515828367286,0.4516275470621437,0.472937022421148,0.5155201492090026,0.34281751326706517,0.45191698078477555,0.6082689177347416,0.41880783848942005,0.40022047092902163,0.4592940689357189,0.49657259366439915,0.5574091306538823,0.5212235870128423,0.3969857964708471,0.5940951646394824,0.540809573969982,0.5397311683724547,0.4516386010691337,0.5241296752445788,0.5440753783519335,0.5679414615556724,0.452433409054698,0.4276741584484172,0.5747272630034318,0.4958454647304118,0.42687217995862575,0.5381554862157548,0.4620078557874701,0.4455233078232283,0.4453766465147508,0.6127543794057426,0.5136497653688195,0.5791378817214933,0.4323033747329018,0.47218041812815237,0.45396219570406726,0.5509965101276771,0.3756788206223594,0.514971929958227
AMZN,0.34236401552761164,0.4481956779090167,0.0,0.4386535419115553,0.36937279692529335,0.35614385350399674,0.5064342113951787,0.35220522919673153,0.5919934188301741,0.4015184797742806,0.4291825984646985,0.4966375412343117,0.3661829544696341,0.42122698234657857,0.5788352913225437,0.3309973909945807,0.3713928469011455,0.3897684387899404,0.4199373066201782,0.6380554670862085,0.5170949003611425,0.3305627808796435,0.6103145881263472,0.6003694634582653,0.602626536145088,0.3764593599884698,0.5175218318156468,0.5550366611526268,0.5913839461126177,0.37895258500727336,0.39623014990543876,0.5224316733503072,0.4168128813868456,0.40750588434150714,0.5789737497931177,0.43974375521041414,0.4422675099552931,0.38542391712502594,0.6360835476977014,0.5219373074617925,0.6133558443818413,0.3932230487709737,0.4228052630401429,0.42388868638932226,0.6787572982466465,0.4461243588016096,0.4761188087186184
FB,0.4282445183305493,0.512989866102661,0.4386535419115553,0.0,0.3401447404809909,0.3480200211965941,0.495450563364786,0.35725571862049527,0.5997542378945939,0.46182335527310703,0.42713156128136986,0.5511490261553194,0.38605561224999774,0.4393543626356676,0.5957816846197463,0.445892049912874,0.46939985943572415,0.46319798140093404,0.42830867323745686,0.670125137590529,0.5362887434923083,0.4488534730554709,0.5904881178484531,0.5699888821519169,0.5700899919465925,0.46472669337931843,0.5498933688353055,0.47833951214856635,0.5702258698162137,0.44894764753640676,0.45069119189317774,0.47867625291287585,0.450789692751841,0.4933483536835215,0.5520880966891707,0.4696707692904334,0.5247078429744099,0.4622483518256229,0.5846840827753043,0.4375029502346287,0.6023160886158372,0.3867509484825396,0.44268010121915846,0.4070833317402206,0.662890183806557,0.5084304183932893,0.5183889933721391
GOOGL,0.2746073801987589,0.4221199159978275,0.36937279692529335,0.3401447404809909,0.0,0.046742598108323714,0.4094349587577704,0.29344136805374726,0.5589442046365642,0.33539050186038294,0.4196038983010979,0.4712724859198307,0.32919748264674786,0.3541393738633338,0.5529828372871015,0.36024559114752186,0.34477257353535695,0.39010099470189524,0.3546238611532219,0.5500437228488368,0.4532343318155333,0.30924186472214393,0.5266087403955088,0.45518556922230813,0.5287753280594687,0.34494313807959126,0.49471368704586444,0.4777696057127158,0.5746095593239691,0.31246872517307145,0.3378653266733415,0.43855636856657665,0.4384314891929972,0.35091885058114497,0.5554439833751393,0.4159497579522734,0.4109642161418452,0.32719986856542477,0.6074110842807408,0.4190618059842999,0.5859059082066711,0.31050534236645294,0.347708227025775,0.28188666229706705,0.6505327216323536,0.3731771120564454,0.44810501666696534
GOOG,0.2629854884685977,0.40600818919186105,0.35614385350399674,0.3480200211965941,0.046742598108323714,0.0,0.4070818036105915,0.2896246389593405,0.5527635802299545,0.3285690989729555,0.4161491391815423,0.4606389186580766,0.321279309995114,0.3583626671456392,0.5477218715122937,0.3503456406277305,0.332980655837547,0.3891526669674676,0.3588162768182007,0.547756778318279,0.4444087274493342,0.3002176582774153,0.5274212296005386,0.4636577729878072,0.5281816360318813,0.3357282639407158,0.491548498336167,0.48441917522679456,0.5686411040143605,0.30956092579173694,0.33794501336383204,0.44249621250439564,0.43624224324962196,0.34649688296484127,0.5472870389064695,0.4072392396749658,0.40665732091549056,0.3269297865324306,0.6015357489028013,0.4139257084702513,0.5805570241184436,0.31095955231156247,0.35051899745674087,0.27816664957199516,0.6496156290804791,0.3612668659162118,0.4482596825945867
JNJ,0.3991517036330404,0.5112996865811241,0.5064342113951787,0.495450563364786,0.4094349587577704,0.4070818036105915,0.0,0.39804876773545533,0.42612880880084064,0.37051560026252983,0.4145470047942663,0.3857277498362418,0.4400782167543508,0.4492390664947214,0.423666728319991,0.5200123580690217,0.44756661678280324,0.4354102851950043,0.48930269731054377,0.44546625076946406,0.28721939780356265,0.38831933249277495,0.42091132308020757,0.4933254014829428,0.3589416747267068,0.38789107794533145,0.36048431282924936,0.4632945715349217,0.45648859891658256,0.2928662354966324,0.4954488336331215,0.4568361900459913,0.4242777147502561,0.40214584740901177,0.5286140681868682,0.400620880750613,0.4208820527371256,0.3958402005597241,0.5623312054617684,0.2773904678409317,0.5168173054157419,0.39837500482055377,0.3117285714028916,0.3072875548533452,0.5848509633870069,0.4289193127534812,0.3744496666292668
V,0.27608539588578396,0.40577289366219194,0.35220522919673153,0.35725571862049527,0.29344136805374726,0.2896246389593405,0.39804876773545533,0.0,0.5204794552899539,0.31956300916915137,0.30539859200156505,0.4266529419789284,0.2261833061783743,0.33126794000235393,0.5469838160093476,0.38174785888436646,0.29985437511361135,0.35172275019756316,0.32902452263056337,0.5910222625097667,0.4047663659752144,0.3017255942115616,0.5275259094525246,0.5149546749726889,0.509294018983056,0.32210306042320785,0.4751827290778269,0.46753300449455976,0.5249318460005132,0.3266226136796485,0.32648246512780815,0.4468647650240408,0.39837488415198,0.35252396703433014,0.48566106594105346,0.4201291841204523,0.3785644258668206,0.3126706810332956,0.5804699034218294,0.40537872510895817,0.5478760623885973,0.31118502216165644,0.35732898361842674,0.31806084947450675,0.6344375522610156,0.3883904279652774,0.4259465607910687
PG,0.5222135024758899,0.4971515828367286,0.5919934188301741,0.5997542378945939,0.5589442046365642,0.5527635802299545,0.42612880880084064,0.5204794552899539,0.0,0.5540968597913956,0.46211292208695853,0.5025880922730006,0.5378745406636496,0.5597196626610803,0.4625006689909446,0.5452747775692813,0.5528418434970294,0.5428306376391993,0.5990023781545416,0.46594117809543273,0.4410360317539018,0.4846345141946504,0.5142199414200058,0.5261257143604724,0.35464746154306254,0.5724526072259956,0.3465040976574793,0.5188062663469007,0.4725108617041495,0.4977542481081938,0.5596522771565839,0.553642413853025,0.5150220889258722,0.5001351704813513,0.5542435351002039,0.4900184672023235,0.48092558983560596,0.5390533854480025,0.5561459031891378,0.4591790331946423,0.539951673963971,0.5052127613513646,0.45989601269774527,0.47120006240051115,0.41353890375003494,0.5154763163281897,0.5162788651601589
JPM,0.3160763111806141,0.4516275470621437,0.4015184797742806,0.46182335527310703,0.33539050186038294,0.3285690989729555,0.37051560026252983,0.31956300916915137,0.5540968597913956,0.0,0.38694662412868935,0.41937705897346617,0.33108889030124894,0.38381921865774227,0.49862893045077483,0.41972564283695313,0.38992707947959654,0.3738589267573975,0.43492167938355547,0.48447971461538963,0.3640729972798342,0.3174432295582932,0.5218247423990012,0.45531244239046564,0.5509418815628158,0.15342408835759697,0.49355117185095576,0.47843973220756114,0.5291842844512039,0.3115490108790954,0.40759745123392666,0.477042666707384,0.39377193770413976,0.33297394053292384,0.5286639627350802,0.39032742934101894,0.39152780624883304,0.3178007155802882,0.6514835707742632,0.3909312195491658,0.5180133380452779,0.3885793672661533,0.33211360041017574,0.34224053327117987,0.6851580919439512,0.40514486872432937,0.38481961481437427
HD,0.358638828835797,0.472937022421148,0.4291825984646985,0.42713156128136986,0.4196038983010979,0.4161491391815423,0.4145470047942663,0.30539859200156505,0.46211292208695853,0.38694662412868935,0.0,0.4525741785794353,0.32944921492138185,0.40449123638520473,0.4889004295714689,0.4503322901281883,0.44287659687754655,0.41301049488583813,0.4812869462365795,0.5750783434016375,0.4091258449871281,0.39870471531399204,0.5711328937987289,0.49720358216328797,0.5067689229948273,0.41763894388600464,0.45792691768437527,0.4634572408913393,0.49509497538728997,0.3900029589668223,0.4564864002429201,0.4712997065554138,0.35229792255686165,0.4275313817404634,0.5175075756718668,0.3937767976051318,0.38176440367030756,0.39886323979567634,0.5782480896152596,0.40272563580472204,0.5725802974684657,0.4086194975970611,0.3940916203317989,0.38417108304754305,0.6104783220775277,0.44044189640551384,0.4034700064553417
UNH,0.4284434434475898,0.5155201492090026,0.4966375412343117,0.5511490261553194,0.4712724859198307,0.4606389186580766,0.3857277498362418,0.4266529419789284,0.5025880922730006,0.41937705897346617,0.4525741785794353,0.0,0.4560823406691468,0.49266270475551743,0.4157148020880856,0.5176788821651973,0.46972220651889257,0.505745337264451,0.5050535439702462,0.492388213366636,0.40066134695008604,0.454845292272678,0.5069542962118745,0.5586407847200265,0.5206760546765491,0.4249935684913545,0.46071957647153366,0.5392266587622498,0.5310623712531186,0.4256195946890655,0.4910680765970778,0.49856991399152595,0.458623616246089,0.4167585820710988,0.5269300093089784,0.43346797320868186,0.49361636237784223,0.43716715848096765,0.6261716639219896,0.42351060053044653,0.6279871460457622,0.429684191455393,0.44194806972792783,0.3851652203438485,0.6025396153794541,0.4713383047817091,0.45060310579517404
MA,0.3189036283311209,0.34281751326706517,0.3661829544696341,0.38605561224999774,0.32919748264674786,0.321279309995114,0.4400782167543508,0.2261833061783743,0.5378745406636496,0.33108889030124894,0.32944921492138185,0.4560823406691468,0.0,0.3350710182408244,0.5624767440075563,0.3522450476475264,0.34684278757881326,0.3577830658224465,0.3927478796698175,0.5798416718977046,0.44945245909165576,0.320428596235413,0.5747891741310205,0.5296416208300967,0.5413111189835471,0.3452103235669906,0.5034567931319612,0.4743581328849512,0.5164697753829975,0.3452566158026047,0.3401832449529168,0.47041044983595637,0.398093598391564,0.383778028032902,0.530715408123683,0.4330016091531776,0.4091443984512892,0.305286251640515,0.5668513256069256,0.4370953029806331,0.5471188458219189,0.3566878513725738,0.3885565584274323,0.355803979879636,0.6501163540638043,0.382182504601327,0.442759548068185
NVDA,0.31628216599212183,0.45191698078477555,0.42122698234657857,0.4393543626356676,0.3541393738633338,0.3583626671456392,0.4492390664947214,0.33126794000235393,0.5597196626610803,0.38381921865774227,0.40449123638520473,0.49266270475551743,0.3350710182408244,0.0,0.5530742984424513,0.4119839998231533,0.3435909458655924,0.33991002714263285,0.4028192076071651,0.5812995143632061,0.4513519111390843,0.32463754111592474,0.5768780166887358,0.5721788242041558,0.56695130261687,0.3840716536369418,0.5521918314016387,0.5257799437879745,0.5655338815037433,0.3797197590003342,0.3811703008263873,0.5008288701089397,0.4538232950137291,0.43938044115218655,0.5869976927366547,0.4426325071443014,0.4099594427967729,0.3574863755704127,0.6527313402486611,0.4694493835250459,0.5523806561065894,0.40918601567786,0.4229876133234038,0.39810816682023487,0.619850018603878,0.37749557600749417,0.44655683595844536
VZ,0.46982946380031787,0.6082689177347416,0.5788352913225437,0.5957816846197463,0.5529828372871015,0.5477218715122937,0.423666728319991,0.5469838160093476,0.4625006689909446,0.49862893045077483,0.4889004295714689,0.4157148020880856,0.5624767440075563,0.5530742984424513,0.0,0.593614851852139,0.5654340537905144,0.5313068772159772,0.5961588299416484,0.39439283166630434,0.4030264489763543,0.4686270414155435,0.4412495770764117,0.5266530880096494,0.47724386977784916,0.4815683474656559,0.42499841006244704,0.5680882368296578,0.5056163800919836,0.4366709807020612,0.5717971323477691,0.5454048203276752,0.4736711397549634,0.47315870835259705,0.6296602019708762,0.4537335184095652,0.49773888610176076,0.524679842922127,0.5491922923210176,0.3851404147846731,0.5953803680623106,0.5443118665219183,0.4263555112432356,0.45369280301835446,0.5865106351580325,0.5155626550555816,0.47199825330495787
NFLX,0.3755567415516629,0.41880783848942005,0.3309973909945807,0.445892049912874,0.36024559114752186,0.3503456406277305,0.5200123580690217,0.38174785888436646,0.5452747775692813,0.41972564283695313,0.4503322901281883,0.5176788821651973,0.3522450476475264,0.4119839998231533,0.593614851852139,0.0,0.37010938323909776,0.36672655281490885,0.4126564618844176,0.6224353760303312,0.5290438120287451,0.3136381792861473,0.5950110523607368,0.551261972005019,0.5940551916965886,0.4161042259883954,0.5086504405097164,0.5326262084600012,0.5530703922908472,0.39852640111904125,0.3446184379296823,0.5441126399312373,0.452743008663204,0.399598103355752,0.5823600860313655,0.38953468609130426,0.41936604137498046,0.4055633269975713,0.6141340861804251,0.5282223784835594,0.5723898042779525,0.43686497712673583,0.45821872864798385,0.42936321461068433,0.6246482855381134,0.4117495205837302,0.5050893625381796
ADBE,0.24477983221419938,0.40022047092902163,0.3713928469011455,0.46939985943572415,0.34477257353535695,0.332980655837547,0.44756661678280324,0.29985437511361135,0.5528418434970294,0.38992707947959654,0.44287659687754655,0.46972220651889257,0.34684278757881326,0.3435909458655924,0.5654340537905144,0.37010938323909776,0.0,0.3662378142310331,0.39136145665473854,0.5777293931387938,0.4694717734234489,0.34908043976536934,0.5412203368256244,0.5360516558121349,0.5437085637069005,0.3768868340976416,0.5030882953804994,0.539205646203238,0.5593888147689912,0.3724402918472704,0.32131032397317794,0.504386768949251,0.4823165225300946,0.378658852003357,0.5536542500390081,0.41686160720173415,0.3877744936435354,0.36632808000412037,0.5958709899120074,0.45424618918176385,0.5383571457917923,0.39856351302355614,0.4452953643209835,0.3749926285381076,0.6067880552475348,0.3272205855140928,0.500098288477771
INTC,0.3334735832800855,0.4592940689357189,0.3897684387899404,0.46319798140093404,0.39010099470189524,0.3891526669674676,0.4354102851950043,0.35172275019756316,0.5428306376391993,0.3738589267573975,0.41301049488583813,0.505745337264451,0.3577830658224465,0.33991002714263285,0.5313068772159772,0.36672655281490885,0.3662378142310331,0.0,0.41179663308015907,0.5772391674347966,0.47738774204885825,0.30858582455430067,0.5671158648854109,0.5739082843306873,0.543750949598125,0.3659071019169138,0.5411192047877884,0.5105729570127723,0.5826263960663136,0.31222337151076823,0.38166742311126567,0.5115876196415516,0.44021129829614325,0.38500080035705886,0.6191659967180384,0.4582141894322733,0.42188640860923204,0.3556473795902402,0.6073887852893203,0.4787360645056157,0.5513190616637915,0.4015350965776024,0.356779999718513,0.35445755578739785,0.6186345112773195,0.34126173200556426,0.45131594191567703
PYPL,0.3859255960692777,0.49657259366439915,0.4199373066201782,0.42830867323745686,0.3546238611532219,0.3588162768182007,0.48930269731054377,0.32902452263056337,0.5990023781545416,0.43492167938355547,0.4812869462365795,0.5050535439702462,0.3927478796698175,0.4028192076071651,0.5961588299416484,0.4126564618844176,0.39136145665473854,0.41179663308015907,0.0,0.6155734546437074,0.5230278841164168,0.37441771010900793,0.5485311537300573,0.5588208610579182,0.5456788974396733,0.4319696136849603,0.5258543502017541,0.5271702435193368,0.5454094270226292,0.393138010266174,0.37061303214024105,0.5079391503231012,0.4904236881247768,0.42060274179388235,0.5319671005607979,0.4869241732423891,0.4792541175904983,0.3966238562117778,0.5613546872501096,0.50972163693464,0.5865077161759223,0.3937016634041464,0.4536405288018784,0.42200981642445806,0.6510047170009926,0.4682696877531953,0.5150251952254681
T,0.5381899713490982,0.5574091306538823,0.6380554670862085,0.670125137590529,0.5500437228488368,0.547756778318279,0.44546625076946406,0.5910222625097667,0.46594117809543273,0.48447971461538963,0.5750783434016375,0.492388213366636,0.5798416718977046,0.5812995143632061,0.39439283166630434,0.6224353760303312,0.5777293931387938,0.5772391674347966,0.6155734546437074,0.0,0.42145534914911204,0.5023656732187253,0.45395257490510216,0.44000080827122745,0.49253432109470807,0.48323240595966754,0.4756042968460641,0.5544136772075154,0.5434054509664306,0.49077436071993663,0.593289297615588,0.5861617293634539,0.5490130262200896,0.4620367075632388,0.6033714507254734,0.4885639316754803,0.5115883211286882,0.5310614071547834,0.6230614972260894,0.46041990690315443,0.5840834613960811,0.5668214333147938,0.4592806169408871,0.47623413010863763,0.5727849335709008,0.5104513361511971,0.5335306702369059
PFE,0.4099290135868232,0.5212235870128423,0.5170949003611425,0.5362887434923083,0.4532343318155333,0.4444087274493342,0.28721939780356265,0.4047663659752144,0.4410360317539018,0.3640729972798342,0.4091258449871281,0.40066134695008604,0.44945245909165576,0.4513519111390843,0.4030264489763543,0.5290438120287451,0.4694717734234489,0.47738774204885825,0.5230278841164168,0.42145534914911204,0.0,0.39889920530552864,0.41651621513797465,0.5364454425330175,0.426553677975971,0.3692832582795731,0.38114903069190453,0.4729727314439791,0.4958823071090261,0.3731227185652578,0.5017940833544731,0.5239212246532086,0.4383580607065836,0.40986282838511484,0.5313166627955977,0.37184060268554114,0.42116322430309494,0.429040415894505,0.5744199274468568,0.26549821762339026,0.5302547080680745,0.45911401437137506,0.3695061609564884,0.3500912006211881,0.5954789345455163,0.46348295510297854,0.42691974649762277
CSCO,0.2752686340729326,0.3969857964708471,0.3305627808796435,0.4488534730554709,0.30924186472214393,0.3002176582774153,0.38831933249277495,0.3017255942115616,0.4846345141946504,0.3174432295582932,0.39870471531399204,0.454845292272678,0.320428596235413,0.32463754111592474,0.4686270414155435,0.3136381792861473,0.34908043976536934,0.30858582455430067,0.37441771010900793,0.5023656732187253,0.39889920530552864,0.0,0.4996912899299771,0.4886204897480383,0.5202844836160369,0.30872939791210946,0.45315947400374806,0.4822925272558969,0.4979243380997545,0.2748363644151521,0.3647053437632414,0.4635453020092241,0.3731105872860273,0.3475743554969852,0.5683898254639781,0.37401124466892366,0.32787516531558597,0.2881915851216167,0.5844032033245216,0.42674253074257273,0.4946221728576661,0.386287998500032,0.3084999775144199,0.32925510963169735,0.6138041571148037,0.3577894572011227,0.41150608768002356
MRK,0.5260232460480126,0.5940951646394824,0.6103145881263472,0.5904881178484531,0.5266087403955088,0.5274212296005386,0.42091132308020757,0.5275259094525246,0.5142199414200058,0.5218247423990012,0.5711328937987289,0.5069542962118745,0.5747891741310205,0.5768780166887358,0.4412495770764117,0.5950110523607368,0.5412203368256244,0.5671158648854109,0.5485311537300573,0.45395257490510216,0.41651621513797465,0.4996912899299771,0.0,0.5397152723597295,0.4651952105119871,0.5229836887141965,0.4382774594296273,0.5243684498672331,0.4913742636093956,0.456735661567327,0.5771587930129554,0.5575755470035544,0.5481538332330005,0.44594876051852356,0.5804359696112513,0.45997176762327513,0.4927031783839553,0.5328147293864817,0.5608076532765175,0.4071685926837328,0.6154003929393903,0.5540028833942816,0.43088878063570785,0.4536809335682973,0.589739199618947,0.5567208226935769,0.5257367717116975
CMCSA,0.495959922066565,0.540809573969982,0.6003694634582653,0.5699888821519169,0.45518556922230813,0.4636577729878072,0.4933254014829428,0.5149546749726889,0.5261257143604724,0.45531244239046564,0.49720358216328797,0.5586407847200265,0.5296416208300967,0.5721788242041558,0.5266530880096494,0.551261972005019,0.5360516558121349,0.5739082843306873,0.5588208610579182,0.44000080827122745,0.5364454425330175,0.4886204897480383,0.5397152723597295,0.0,0.5458522744316395,0.4953949240446787,0.5152259644060913,0.4800269452330105,0.5354424523910183,0.5012817201992714,0.524516952304164,0.5181375128968984,0.5456899736893399,0.4780229708771359,0.5860211501722671,0.4885936031342676,0.46741311366458876,0.4936324983480961,0.6123833745746106,0.4885743757655297,0.5811411352884143,0.5089333151293784,0.4659733434206971,0.48992042599458746,0.6394481160481033,0.5013515063575092,0.49947466819362085
PEP,0.5249215124450133,0.5397311683724547,0.602626536145088,0.5700899919465925,0.5287753280594687,0.5281816360318813,0.3589416747267068,0.509294018983056,0.35464746154306254,0.5509418815628158,0.5067689229948273,0.5206760546765491,0.5413111189835471,0.56695130261687,0.47724386977784916,0.5940551916965886,0.5437085637069005,0.543750949598125,0.5456788974396733,0.49253432109470807,0.426553677975971,0.5202844836160369,0.4651952105119871,0.5458522744316395,0.0,0.5632516959363753,0.329145519553735,0.5079819893857712,0.49414379460246083,0.45208701036464644,0.5446334290259927,0.5540914342683686,0.5648562368307046,0.5187792765189926,0.5115126662646345,0.508871422132637,0.5167418523546292,0.5422046182097939,0.5078459577544284,0.4296797297827616,0.5829080098804803,0.4836991786462412,0.45155629539216297,0.4646816755162979,0.5404669686904271,0.5539342609995388,0.5228907342209344
BAC,0.2948262128237131,0.4516386010691337,0.3764593599884698,0.46472669337931843,0.34494313807959126,0.3357282639407158,0.38789107794533145,0.32210306042320785,0.5724526072259956,0.15342408835759697,0.41763894388600464,0.4249935684913545,0.3452103235669906,0.3840716536369418,0.4815683474656559,0.4161042259883954,0.3768868340976416,0.3659071019169138,0.4319696136849603,0.48323240595966754,0.3692832582795731,0.30872939791210946,0.5229836887141965,0.4953949240446787,0.5632516959363753,0.0,0.49841128881408514,0.5104748387979806,0.5355594829470667,0.3183329930126259,0.3878903808207995,0.5015240405715797,0.4245676649751154,0.3505555774981663,0.558865707773268,0.3876972767612391,0.39132600124636946,0.3354064490360518,0.6418014887951868,0.4061675002732243,0.5311586031551725,0.3918164745699701,0.33228030463855324,0.3584687190148355,0.6833413447771175,0.3968059827401667,0.4120817452155193
KO,0.4660201200480553,0.5241296752445788,0.5175218318156468,0.5498933688353055,0.49471368704586444,0.491548498336167,0.36048431282924936,0.4751827290778269,0.3465040976574793,0.49355117185095576,0.45792691768437527,0.46071957647153366,0.5034567931319612,0.5521918314016387,0.42499841006244704,0.5086504405097164,0.5030882953804994,0.5411192047877884,0.5258543502017541,0.4756042968460641,0.38114903069190453,0.45315947400374806,0.4382774594296273,0.5152259644060913,0.329145519553735,0.49841128881408514,0.0,0.5037341507476325,0.4386348627324868,0.43302230046443735,0.5039189050951896,0.5456170408090313,0.48283718742933585,0.43368073408493507,0.5066003350315706,0.4151687347582761,0.4477871363652866,0.5040759553957137,0.4856444638865755,0.3989081183398707,0.5608031017699069,0.497288546718291,0.4074900175556521,0.426185684974334,0.5334886648298828,0.5525488609787877,0.436788196546502
XOM,0.517935425528019,0.5440753783519335,0.5550366611526268,0.47833951214856635,0.4777696057127158,0.48441917522679456,0.4632945715349217,0.46753300449455976,0.5188062663469007,0.47843973220756114,0.4634572408913393,0.5392266587622498,0.4743581328849512,0.5257799437879745,0.5680882368296578,0.5326262084600012,0.539205646203238,0.5105729570127723,0.5271702435193368,0.5544136772075154,0.4729727314439791,0.4822925272558969,0.5243684498672331,0.4800269452330105,0.5079819893857712,0.5104748387979806,0.5037341507476325,0.0,0.514294370580839,0.4568969843982686,0.5714483141856626,0.5702843233482109,0.4188965830329739,0.46429606629041736,0.5611963839530372,0.4663507848091589,0.4639101415627906,0.4706058602372358,0.5755592299758526,0.4163387318692741,0.5955293795929839,0.4592257559127037,0.46713200309380426,0.43129372669085353,0.638932318923149,0.49761032581778086,0.5131581137906386
WMT,0.5513894953012752,0.5679414615556724,0.5913839461126177,0.5702258698162137,0.5746095593239691,0.5686411040143605,0.45648859891658256,0.5249318460005132,0.4725108617041495,0.5291842844512039,0.49509497538728997,0.5310623712531186,0.5164697753829975,0.5655338815037433,0.5056163800919836,0.5530703922908472,0.5593888147689912,0.5826263960663136,0.5454094270226292,0.5434054509664306,0.4958823071090261,0.4979243380997545,0.4913742636093956,0.5354424523910183,0.49414379460246083,0.5355594829470667,0.4386348627324868,0.514294370580839,0.0,0.4740229027736698,0.609124636380635,0.5816126763117238,0.5392859448075628,0.5342779873046628,0.5636039021015282,0.506151469723775,0.4354882362204638,0.5152161622804375,0.5382517606268601,0.46523277756428183,0.5370854786025523,0.5673675507599948,0.4525593145366511,0.5301603465084911,0.6312023363762642,0.573412296228979,0.5372352372263252
ABT,0.3208575007077483,0.452433409054698,0.37895258500727336,0.44894764753640676,0.31246872517307145,0.30956092579173694,0.2928662354966324,0.3266226136796485,0.4977542481081938,0.3115490108790954,0.3900029589668223,0.4256195946890655,0.3452566158026047,0.3797197590003342,0.4366709807020612,0.39852640111904125,0.3724402918472704,0.31222337151076823,0.393138010266174,0.49077436071993663,0.3731227185652578,0.2748363644151521,0.456735661567327,0.5012817201992714,0.45208701036464644,0.3183329930126259,0.43302230046443735,0.4568969843982686,0.4740229027736698,0.0,0.4099229088537578,0.4520640879450819,0.3962647847566596,0.29468821213539403,0.576192744908064,0.3819017375409976,0.36578777308005467,0.32808390107383106,0.5521926004072504,0.3538562151595992,0.519770347466666,0.36765320023669573,0.25131837522709605,0.2493943909119575,0.6441275549327098,0.36612156668245216,0.40082645890525875
CRM,0.32245890222797496,0.4276741584484172,0.39623014990543876,0.45069119189317774,0.3378653266733415,0.33794501336383204,0.4954488336331215,0.32648246512780815,0.5596522771565839,0.40759745123392666,0.4564864002429201,0.4910680765970778,0.3401832449529168,0.3811703008263873,0.5717971323477691,0.3446184379296823,0.32131032397317794,0.38166742311126567,0.37061303214024105,0.593289297615588,0.5017940833544731,0.3647053437632414,0.5771587930129554,0.524516952304164,0.5446334290259927,0.3878903808207995,0.5039189050951896,0.5714483141856626,0.609124636380635,0.4099229088537578,0.0,0.4728311437646521,0.5117175145262365,0.416325055779045,0.5795663820541411,0.4422300249643989,0.4619806368479564,0.4025386932344333,0.6032678848481594,0.4968390782486575,0.5700400845118183,0.40930168504263115,0.44936633955197586,0.4102959242094061,0.6357939307584345,0.38995831457307545,0.49632902876377166
ABBV,0.48590107982405945,0.5747272630034318,0.5224316733503072,0.47867625291287585,0.43855636856657665,0.44249621250439564,0.4568361900459913,0.4468647650240408,0.553642413853025,0.477042666707384,0.4712997065554138,0.49856991399152595,0.47041044983595637,0.5008288701089397,0.5454048203276752,0.5441126399312373,0.504386768949251,0.5115876196415516,0.5079391503231012,0.5861617293634539,0.5239212246532086,0.4635453020092241,0.5575755470035544,0.5181375128968984,0.5540914342683686,0.5015240405715797,0.5456170408090313,0.5702843233482109,0.5816126763117238,0.4520640879450819,0.4728311437646521,0.0,0.5114756225255552,0.47379624586145913,0.6384834407916212,0.501538143286545,0.5315774929986397,0.3852495559192638,0.6621092597447376,0.4838174938927232,0.5445678350966696,0.469764924091658,0.44173699469787475,0.4570648721074129,0.6363846055569051,0.4886163842648386,0.4956393774260866
CVX,0.396086081968203,0.4958454647304118,0.4168128813868456,0.450789692751841,0.4384314891929972,0.43624224324962196,0.4242777147502561,0.39837488415198,0.5150220889258722,0.39377193770413976,0.35229792255686165,0.458623616246089,0.398093598391564,0.4538232950137291,0.4736711397549634,0.452743008663204,0.4823165225300946,0.44021129829614325,0.4904236881247768,0.5490130262200896,0.4383580607065836,0.3731105872860273,0.5481538332330005,0.5456899736893399,0.5648562368307046,0.4245676649751154,0.48283718742933585,0.4188965830329739,0.5392859448075628,0.3962647847566596,0.5117175145262365,0.5114756225255552,0.0,0.39208066040362205,0.5551241149883902,0.4165283103913116,0.44547827058393075,0.3946229449252413,0.6345084349576278,0.42346899206067695,0.5743804881237858,0.4106176358533657,0.4116575437681202,0.3700279370017908,0.628530611596897,0.4622511576817346,0.4453726401471016
TMO,0.36188220108601077,0.42687217995862575,0.40750588434150714,0.4933483536835215,0.35091885058114497,0.34649688296484127,0.40214584740901177,0.35252396703433014,0.5001351704813513,0.33297394053292384,0.4275313817404634,0.4167585820710988,0.383778028032902,0.43938044115218655,0.47315870835259705,0.399598103355752,0.378658852003357,0.38500080035705886,0.42060274179388235,0.4620367075632388,0.40986282838511484,0.3475743554969852,0.44594876051852356,0.4780229708771359,0.5187792765189926,0.3505555774981663,0.43368073408493507,0.46429606629041736,0.5342779873046628,0.29468821213539403,0.416325055779045,0.47379624586145913,0.39208066040362205,0.0,0.5383023882007396,0.37342918607639447,0.4146443235080046,0.3490351808363679,0.6224515304694022,0.39375055750458343,0.5433025828223256,0.3966245500123008,0.33467032169087024,0.2606235651194308,0.5902382044119023,0.3811749682016541,0.40712375771247755
MCD,0.5590162688644262,0.5381554862157548,0.5789737497931177,0.5520880966891707,0.5554439833751393,0.5472870389064695,0.5286140681868682,0.48566106594105346,0.5542435351002039,0.5286639627350802,0.5175075756718668,0.5269300093089784,0.530715408123683,0.5869976927366547,0.6296602019708762,0.5823600860313655,0.5536542500390081,0.6191659967180384,0.5319671005607979,0.6033714507254734,0.5313166627955977,0.5683898254639781,0.5804359696112513,0.5860211501722671,0.5115126662646345,0.558865707773268,0.5066003350315706,0.5611963839530372,0.5636039021015282,0.576192744908064,0.5795663820541411,0.6384834407916212,0.5551241149883902,0.5383023882007396,0.0,0.5501287127119421,0.5745813823635569,0.5837919908702901,0.5762720481008751,0.5524661185528104,0.6259639041486913,0.5268951817851693,0.5585360663290958,0.5091458476996296,0.6177149390231339,0.6005774751073766,0.5588638748335819
AMGN,0.38314701127381234,0.4620078557874701,0.43974375521041414,0.4696707692904334,0.4159497579522734,0.4072392396749658,0.400620880750613,0.4201291841204523,0.4900184672023235,0.39032742934101894,0.3937767976051318,0.43346797320868186,0.4330016091531776,0.4426325071443014,0.4537335184095652,0.38953468609130426,0.41686160720173415,0.4582141894322733,0.4869241732423891,0.4885639316754803,0.37184060268554114,0.37401124466892366,0.45997176762327513,0.4885936031342676,0.508871422132637,0.3876972767612391,0.4151687347582761,0.4663507848091589,0.506151469723775,0.3819017375409976,0.4422300249643989,0.501538143286545,0.4165283103913116,0.37342918607639447,0.5501287127119421,0.0,0.3965774456190418,0.4125075501863672,0.5789373146366367,0.3421440123518974,0.49965602247976554,0.4562475246409143,0.41147931534091803,0.37237854165813444,0.5615637480223731,0.41302313357295195,0.4472378082038864
COST,0.34254729144760426,0.4455233078232283,0.4422675099552931,0.5247078429744099,0.4109642161418452,0.40665732091549056,0.4208820527371256,0.3785644258668206,0.48092558983560596,0.39152780624883304,0.38176440367030756,0.49361636237784223,0.4091443984512892,0.4099594427967729,0.49773888610176076,0.41936604137498046,0.3877744936435354,0.42188640860923204,0.4792541175904983,0.5115883211286882,0.42116322430309494,0.32787516531558597,0.4927031783839553,0.46741311366458876,0.5167418523546292,0.39132600124636946,0.4477871363652866,0.4639101415627906,0.4354882362204638,0.36578777308005467,0.4619806368479564,0.5315774929986397,0.44547827058393075,0.4146443235080046,0.5745813823635569,0.3965774456190418,0.0,0.36789789775527904,0.566734217471546,0.43447664298652416,0.583217836430191,0.4438794972566945,0.3629413847677919,0.41116252154350025,0.5940137584420387,0.3689474725974353,0.42693235317850714
ACN,0.3225032013508342,0.4453766465147508,0.38542391712502594,0.4622483518256229,0.32719986856542477,0.3269297865324306,0.3958402005597241,0.3126706810332956,0.5390533854480025,0.3178007155802882,0.39886323979567634,0.43716715848096765,0.305286251640515,0.3574863755704127,0.524679842922127,0.4055633269975713,0.36632808000412037,0.3556473795902402,0.3966238562117778,0.5310614071547834,0.429040415894505,0.2881915851216167,0.5328147293864817,0.4936324983480961,0.5422046182097939,0.3354064490360518,0.5040759553957137,0.4706058602372358,0.5152161622804375,0.32808390107383106,0.4025386932344333,0.3852495559192638,0.3946229449252413,0.3490351808363679,0.5837919908702901,0.4125075501863672,0.36789789775527904,0.0,0.6286282704797317,0.42981255458971995,0.5261407335569921,0.3855391675081547,0.3285776842721715,0.3438289011536693,0.6330314246726891,0.37721897235293983,0.41770167490576576
NEE,0.5881934949482364,0.6127543794057426,0.6360835476977014,0.5846840827753043,0.6074110842807408,0.6015357489028013,0.5623312054617684,0.5804699034218294,0.5561459031891378,0.6514835707742632,0.5782480896152596,0.6261716639219896,0.5668513256069256,0.6527313402486611,0.5491922923210176,0.6141340861804251,0.5958709899120074,0.6073887852893203,0.5613546872501096,0.6230614972260894,0.5744199274468568,0.5844032033245216,0.5608076532765175,0.6123833745746106,0.5078459577544284,0.6418014887951868,0.4856444638865755,0.5755592299758526,0.5382517606268601,0.5521926004072504,0.6032678848481594,0.6621092597447376,0.6345084349576278,0.6224515304694022,0.5762720481008751,0.5789373146366367,0.566734217471546,0.6286282704797317,0.0,0.5341201973168347,0.5970004726571163,0.6135279823974665,0.5818045315753434,0.5619397701726073,0.6336237835293922,0.6213473218338011,0.5902846845487452
LLY,0.3966847421842332,0.5136497653688195,0.5219373074617925,0.4375029502346287,0.4190618059842999,0.4139257084702513,0.2773904678409317,0.40537872510895817,0.4591790331946423,0.3909312195491658,0.40272563580472204,0.42351060053044653,0.4370953029806331,0.4694493835250459,0.3851404147846731,0.5282223784835594,0.45424618918176385,0.4787360645056157,0.50972163693464,0.46041990690315443,0.26549821762339026,0.42674253074257273,0.4071685926837328,0.4885743757655297,0.4296797297827616,0.4061675002732243,0.3989081183398707,0.4163387318692741,0.46523277756428183,0.3538562151595992,0.4968390782486575,0.4838174938927232,0.42346899206067695,0.39375055750458343,0.5524661185528104,0.3421440123518974,0.43447664298652416,0.42981255458971995,0.5341201973168347,0.0,0.5168347659716088,0.4217387935147216,0.34907066011225485,0.3155664210697913,0.5874246505580957,0.4303104997828101,0.3930248618167198
BMY,0.5506966404373449,0.5791378817214933,0.6133558443818413,0.6023160886158372,0.5859059082066711,0.5805570241184436,0.5168173054157419,0.5478760623885973,0.539951673963971,0.5180133380452779,0.5725802974684657,0.6279871460457622,0.5471188458219189,0.5523806561065894,0.5953803680623106,0.5723898042779525,0.5383571457917923,0.5513190616637915,0.5865077161759223,0.5840834613960811,0.5302547080680745,0.4946221728576661,0.6154003929393903,0.5811411352884143,0.5829080098804803,0.5311586031551725,0.5608031017699069,0.5955293795929839,0.5370854786025523,0.519770347466666,0.5700400845118183,0.5445678350966696,0.5743804881237858,0.5433025828223256,0.6259639041486913,0.49965602247976554,0.583217836430191,0.5261407335569921,0.5970004726571163,0.5168347659716088,0.0,0.6391601809915237,0.5336455917502748,0.5278261922104688,0.6214498904784387,0.564896683700536,0.5582941591442451
LIN,0.35188133245237113,0.4323033747329018,0.3932230487709737,0.3867509484825396,0.31050534236645294,0.31095955231156247,0.39837500482055377,0.31118502216165644,0.5052127613513646,0.3885793672661533,0.4086194975970611,0.429684191455393,0.3566878513725738,0.40918601567786,0.5443118665219183,0.43686497712673583,0.39856351302355614,0.4015350965776024,0.3937016634041464,0.5668214333147938,0.45911401437137506,0.386287998500032,0.5540028833942816,0.5089333151293784,0.4836991786462412,0.3918164745699701,0.497288546718291,0.4592257559127037,0.5673675507599948,0.36765320023669573,0.40930168504263115,0.469764924091658,0.4106176358533657,0.3966245500123008,0.5268951817851693,0.4562475246409143,0.4438794972566945,0.3855391675081547,0.6135279823974665,0.4217387935147216,0.6391601809915237,0.0,0.36338029751650514,0.3258649725037036,0.6001523390338516,0.3699465268945432,0.46834141063015466
MDT,0.35513650134937363,0.47218041812815237,0.4228052630401429,0.44268010121915846,0.347708227025775,0.35051899745674087,0.3117285714028916,0.35732898361842674,0.45989601269774527,0.33211360041017574,0.3940916203317989,0.44194806972792783,0.3885565584274323,0.4229876133234038,0.4263555112432356,0.45821872864798385,0.4452953643209835,0.356779999718513,0.4536405288018784,0.4592806169408871,0.3695061609564884,0.3084999775144199,0.43088878063570785,0.4659733434206971,0.45155629539216297,0.33228030463855324,0.4074900175556521,0.46713200309380426,0.4525593145366511,0.25131837522709605,0.44936633955197586,0.44173699469787475,0.4116575437681202,0.33467032169087024,0.5585360663290958,0.41147931534091803,0.3629413847677919,0.3285776842721715,0.5818045315753434,0.34907066011225485,0.5336455917502748,0.36338029751650514,0.0,0.2779641385480189,0.6055993368029693,0.4049973729887977,0.36489190905352753
DHR,0.3210737646725288,0.45396219570406726,0.42388868638932226,0.4070833317402206,0.28188666229706705,0.27816664957199516,0.3072875548533452,0.31806084947450675,0.47120006240051115,0.34224053327117987,0.38417108304754305,0.3851652203438485,0.355803979879636,0.39810816682023487,0.45369280301835446,0.42936321461068433,0.3749926285381076,0.35445755578739785,0.42200981642445806,0.47623413010863763,0.3500912006211881,0.32925510963169735,0.4536809335682973,0.48992042599458746,0.4646816755162979,0.3584687190148355,0.426185684974334,0.43129372669085353,0.5301603465084911,0.2493943909119575,0.4102959242094061,0.4570648721074129,0.3700279370017908,0.2606235651194308,0.5091458476996296,0.37237854165813444,0.41116252154350025,0.3438289011536693,0.5619397701726073,0.3155664210697913,0.5278261922104688,0.3258649725037036,0.2779641385480189,0.0,0.5829369811899784,0.36630129507549475,0.40327386555455474
