,MSFT,AAPL,AMZN,FB,GOOGL,GOOG,JNJ,V,PG,JPM,HD,UNH,MA,NVDA,VZ,NFLX,ADBE,INTC,PYPL,T,PFE,CSCO,MRK,CMCSA,PEP,BAC,KO,XOM,WMT,ABT,CRM,ABBV,CVX,TMO,MCD,AMGN,COST,ACN,NEE,LLY,BMY,LIN,MDT,DHR,PM,TXN,NKE
MSFT,0.0,0.3242450413233132,0.25217520770607194,0.3917824853389432,0.2370160537053042,0.2504068763081985,0.5387999866956465,0.21471842513314654,0.6183135632161912,0.4306553703193263,0.42556813868061066,0.3249963013322075,0.24779932431036267,0.4579416909331718,0.6457485665004131,0.29469242257887845,0.22902220424390077,0.39507468695790127,0.2999749315492743,0.5123346002396645,0.4201383588311447,0.25295955056074565,0.4053339883233275,0.40820672504921524,0.602082947952811,0.42146490316445356,0.5859757996804302,0.4396173292036339,0.46895214699727555,0.3062407235656605,0.24922560810123526,0.4824622254272285,0.41489032698358874,0.259156332322346,0.5980641316590115,0.41130353722155866,0.4540165656324383,0.32037712231441534,0.6620130116818177,0.5220462533044609,0.5338475207782499,0.477006835820622,0.40025680283093484,0.33115801860696215,0.6663662087561516,0.41811247765099196,0.43151430597396456
AAPL,0.3242450413233132,0.0,0.3186012480183593,0.42604752988406824,0.32129610966887784,0.32363580657559576,0.5674404945594093,0.30506567703992027,0.6236481784784892,0.4271247498274859,0.434023363662292,0.3794590739458495,0.31315323669868217,0.4866674555168981,0.671321323786288,0.35046133419951264,0.34248521012389754,0.4056121400746505,0.32671250472441155,0.5279724305018912,0.45425713711377,0.34335414764344446,0.4336595879153166,0.4513569688471631,0.6199249229194318,0.42893725024960877,0.6130719184070775,0.4563298616076135,0.48125161170578645,0.340039624664533,0.3401220262638944,0.5396459930765594,0.5003048434887546,0.3784032534814622,0.5960256280488708,0.45156686746538277,0.48284271950011115,0.37067799243449406,0.6524988329311736,0.5919753463858286,0.5437889400599295,0.4956252486727148,0.45456200323803736,0.4248430946488741,0.6392631683639937,0.4092343720200773,0.4768268074490754
AMZN,0.25217520770607194,0.3186012480183593,0.0,0.33926722430746464,0.22317277517297354,0.2256086313049786,0.5580738076103129,0.1925038616430788,0.6391346108267135,0.4413993871701076,0.38536342920372874,0.3484375357580616,0.2005590512397134,0.4052235480282218,0.7063005335689647,0.28316478538382833,0.27046289992306016,0.440446173340051,0.31247391141642333,0.5323529889041351,0.4608017638201131,0.30656101721134993,0.49548206075576806,0.45456322135703964,0.6403444751170557,0.42897791007084773,0.631806677352549,0.4516184725195975,0.4995187749788102,0.337479206656561,0.24594912890186924,0.5124312192889476,0.47822577613165784,0.33383249873810955,0.628978038131334,0.4585486218275233,0.4773366097996274,0.37448035676302716,0.6844628496766388,0.5735870390526512,0.5365800458784418,0.5314495488312698,0.3815600695973677,0.38337508670591075,0.6542821976658422,0.40819554535988956,0.4489831238355598
FB,0.3917824853389432,0.42604752988406824,0.33926722430746464,0.0,0.31297759744780895,0.32982003951996314,0.6227005013649728,0.3715620199896899,0.6567513569042851,0.5068311439895422,0.4690322752113816,0.4991647192064007,0.3691518359511988,0.41486201337400297,0.7019693820143237,0.38441536096586804,0.37921338491379025,0.4654851097513101,0.3815976225955124,0.5654033279065074,0.5617601806804734,0.4499147530975228,0.5445616201600136,0.4853920561436491,0.6603632507680898,0.4996930590254593,0.6475203384227939,0.5388047376633129,0.5651188647926384,0.44857121117403853,0.3760431320256764,0.5716376618857251,0.5414160031077139,0.4480339193902415,0.6518603499554321,0.4909622460510878,0.5575044093481845,0.4925659174979988,0.6868624712425947,0.673671318615367,0.575829679663826,0.5827890628775972,0.47789066052245516,0.4919884669003783,0.6998360002683376,0.4128871305603689,0.5136817782075433
GOOGL,0.2370160537053042,0.32129610966887784,0.22317277517297354,0.31297759744780895,0.0,0.05168961244021868,0.589629450797708,0.21400617837017563,0.6448673404449605,0.4620092967138469,0.41890955772839794,0.3763067704018462,0.23428105916997988,0.40851015852626393,0.6971017515481219,0.30051572790573516,0.24546230926298196,0.4126363234722003,0.2774816511555278,0.5258945554061478,0.49253819024887796,0.3317744410159301,0.483499445278953,0.44519123942461825,0.6589654645205857,0.43901820845612977,0.6353622191280404,0.4885549114241172,0.532143871214962,0.34162133070306333,0.23637496230094043,0.5135085615300985,0.4852792130615055,0.3240434331268003,0.6270405927096888,0.41736017587819174,0.4983002189397905,0.38671091669896285,0.6959375486578213,0.5979068145038516,0.5245975085955035,0.5298942856611388,0.4168032382098137,0.3753195783987059,0.7054230459635393,0.38227970536308364,0.4651613956931272
GOOG,0.2504068763081985,0.32363580657559576,0.2256086313049786,0.32982003951996314,0.05168961244021868,0.0,0.5965093130528718,0.2226978522812704,0.6459654048915944,0.4637127635337965,0.42737861945802574,0.3739272894603464,0.23509212043463326,0.41143691869594207,0.6994174717153926,0.310756610302181,0.2589468013686952,0.42549672384392967,0.2848571132615687,0.530851374928869,0.5040958578548924,0.3316315090544482,0.4925167382441851,0.4451560219562228,0.6670566543641326,0.44181975368255205,0.6412941197513635,0.4840104055702293,0.5318214056399886,0.34758330182839103,0.24558383022180466,0.5231600644888929,0.4811100323907004,0.3278850731881578,0.6289623163615993,0.42833653045030373,0.497633286813912,0.39537390031990516,0.6946187321264133,0.6017237842700561,0.5333171177204503,0.5322577764002479,0.4218214733084,0.3841575556470725,0.6953552303283622,0.39119757801014465,0.4659023183994613
JNJ,0.5387999866956465,0.5674404945594093,0.5580738076103129,0.6227005013649728,0.589629450797708,0.5965093130528718,0.0,0.5754988773073951,0.5709805139681641,0.5312896985221852,0.563029714148777,0.49422395362155674,0.5997350437594253,0.6375343621412822,0.5626929338093515,0.5474780174188388,0.5355860141339536,0.548847477471209,0.6110045970710699,0.6114793185566679,0.47204943800124755,0.49169063047643624,0.43117392538049815,0.5575487903159634,0.4333988220974228,0.5811095146824745,0.47042362106951385,0.5067963749303235,0.530687074293209,0.4947301206374909,0.5898376652754552,0.5240261238649804,0.5341596318028574,0.4978409616068091,0.5201644842103311,0.4870042857611658,0.3937951004940754,0.49435860050632974,0.5274925319362763,0.4782610696228795,0.5248589247134704,0.6025512980984604,0.5093811918246254,0.5197698672018954,0.5765250572340009,0.5574505231315575,0.5651505746026415
V,0.21471842513314654,0.30506567703992027,0.1925038616430788,0.3715620199896899,0.21400617837017563,0.2226978522812704,0.5754988773073951,0.0,0.611370776646467,0.4253479518198302,0.38797331373710015,0.3669828773832416,0.1419453395197187,0.40345672946874056,0.6936931505251887,0.2821717368239169,0.23950299061856117,0.4132456418739144,0.25717329844453035,0.5267004831346681,0.4392244594421119,0.27598930065848665,0.4535807657446966,0.4374654241087261,0.6240467373677318,0.3849500316439761,0.611049790852512,0.4644866243253568,0.4811217686696126,0.3060849331120458,0.21501701060620476,0.486756207014888,0.4601009207197163,0.3004732954563661,0.6335897065920214,0.4285276534241431,0.4843393776856327,0.34214358377069043,0.6692048893448626,0.5607506237494698,0.5095219170121766,0.5212928884504469,0.3710154433597695,0.33614510600096453,0.6680453024977278,0.39268184716083576,0.43854916914178527
PG,0.6183135632161912,0.6236481784784892,0.6391346108267135,0.6567513569042851,0.6448673404449605,0.6459654048915944,0.5709805139681641,0.611370776646467,0.0,0.5919332373310376,0.5666796974115896,0.6054396049707351,0.6458640209233931,0.6826243106917782,0.5294744438814941,0.6639329486250318,0.6601469106581414,0.6446982434283863,0.5310850617593434,0.6096713923327308,0.5456357542823688,0.5879461330445013,0.5464103381822034,0.6262456323517248,0.42193266048568684,0.610123710741033,0.37147293870843323,0.5622917811915445,0.5396275196812115,0.5953627105965761,0.6586483538297847,0.630370325129538,0.5844310146506837,0.6021891689737707,0.5347655431977675,0.6021842391678027,0.5964199066567442,0.5462689694738662,0.4502414585980806,0.6180591991619818,0.6389642767160773,0.6824627894456171,0.6120610619672314,0.5920458986413021,0.5910674338876373,0.6464917843142395,0.6139674822919401
JPM,0.4306553703193263,0.4271247498274859,0.4413993871701076,0.5068311439895422,0.4620092967138469,0.4637127635337965,0.5312896985221852,0.4253479518198302,0.5919332373310376,0.0,0.4546943556774063,0.39775410222970503,0.4398366228603077,0.5336936030012183,0.607592616863242,0.4605028359615345,0.4920248553733001,0.4468457016267354,0.4758539082490689,0.46653075476893835,0.4129849348371138,0.36935849433572376,0.3932464232956095,0.41855711022096315,0.5470671499147621,0.1930505595362802,0.5003322275979468,0.38078182923870646,0.4766525944935047,0.40763471836609366,0.4818855467411415,0.49014289421231777,0.41855715541521266,0.40855686818375536,0.5834626484826072,0.41894777051961746,0.5231896265339822,0.3863252509833219,0.5715563603943724,0.4775042372879629,0.5006497410100761,0.512486481345162,0.49394216741328434,0.4186675296617247,0.581028088631131,0.4892855774036192,0.514501832024373
HD,0.42556813868061066,0.434023363662292,0.38536342920372874,0.4690322752113816,0.41890955772839794,0.42737861945802574,0.563029714148777,0.38797331373710015,0.5666796974115896,0.4546943556774063,0.0,0.3858914719535757,0.4026952813080985,0.5080221097276107,0.6137538946007536,0.4547092288539727,0.4347376886193172,0.4438646916997686,0.42264600526578444,0.5032296259146462,0.4749048586381696,0.41879499677521376,0.4777061692380043,0.4663786314839582,0.5201418018649968,0.44776217034474064,0.5122795549748255,0.48008836505355956,0.4269938689790467,0.3302316403112995,0.41000490839975307,0.4565864107490522,0.49364316514672657,0.38782300070914166,0.5771928874323436,0.4640878435095105,0.43064818655493264,0.40868159929593817,0.5999334284591592,0.5868728029522969,0.549230231566641,0.5810931051940641,0.4185151087551718,0.39254962831826107,0.6363031022202901,0.4508297633252323,0.432901546088609
UNH,0.3249963013322075,0.3794590739458495,0.3484375357580616,0.4991647192064007,0.3763067704018462,0.3739272894603464,0.49422395362155674,0.3669828773832416,0.6054396049707351,0.39775410222970503,0.3858914719535757,0.0,0.363625688257925,0.5388579007139874,0.6060688889731196,0.40529270953329394,0.34513160097140816,0.4611399684580101,0.42746437938743975,0.46770094936329,0.39265188473480733,0.3485254872035623,0.37924104366586503,0.401293303137493,0.5593887064539854,0.4285862155832481,0.5348502356832443,0.3783855367695633,0.43758647805696443,0.32636204168082794,0.3721186350708556,0.45521204180336183,0.4188297137219615,0.2900552526377805,0.519159934040147,0.3915396724068769,0.4393573023331116,0.32483012156425684,0.6064407020589963,0.4947589173488757,0.5314567313090057,0.5022694870636473,0.3784191519137808,0.3439587445130125,0.531367090069932,0.48471912497779174,0.4578252668935058
MA,0.24779932431036267,0.31315323669868217,0.2005590512397134,0.3691518359511988,0.23428105916997988,0.23509212043463326,0.5997350437594253,0.1419453395197187,0.6458640209233931,0.4398366228603077,0.4026952813080985,0.363625688257925,0.0,0.41181924330997566,0.7066440240643387,0.3144217225621732,0.26369145443277364,0.43419322330082244,0.2712013034956645,0.5349601777749647,0.480618639108766,0.3059182555088373,0.4749562269196336,0.46636261677029034,0.6434651434934174,0.4199556627731353,0.6383286932314747,0.4768506048266678,0.5175741062852541,0.3428449795689808,0.22811854734188106,0.5123039903370663,0.47153836209162664,0.3320131455198406,0.6451193081497859,0.44713437243394943,0.5076558312271484,0.35674787282468606,0.6808158331966025,0.5938304729535051,0.5415441049721018,0.517960005471349,0.40673107313154633,0.3827030440235354,0.6678698217167991,0.425145142978439,0.44855536890397185
NVDA,0.4579416909331718,0.4866674555168981,0.4052235480282218,0.41486201337400297,0.40851015852626393,0.41143691869594207,0.6375343621412822,0.40345672946874056,0.6826243106917782,0.5336936030012183,0.5080221097276107,0.5388579007139874,0.41181924330997566,0.0,0.6777813298474534,0.4256497255246722,0.42922698730441844,0.4492258523813356,0.46999986453437237,0.5828964487394082,0.5794672284506776,0.4482318592187174,0.5746022942737223,0.5195468025966593,0.7057921605404959,0.5174408298094505,0.6661785056733017,0.5770117730661831,0.5374674034195385,0.5022586004915695,0.42058118262567695,0.5744138520357366,0.5899349308772838,0.4616364364740836,0.6866885828257409,0.5384213644958589,0.5796474765860149,0.5143399928576171,0.6945224362650907,0.6392522246580397,0.5876130585543579,0.6152788158224362,0.47657346024616015,0.5148369329408232,0.7002248557893799,0.40972069180282095,0.5202068211296846
VZ,0.6457485665004131,0.671321323786288,0.7063005335689647,0.7019693820143237,0.6971017515481219,0.6994174717153926,0.5626929338093515,0.6936931505251887,0.5294744438814941,0.607592616863242,0.6137538946007536,0.6060688889731196,0.7066440240643387,0.6777813298474534,0.0,0.689474756673776,0.6875855509927848,0.6411274137573795,0.6678963615624747,0.535746177065588,0.5825668664668032,0.6089117106497749,0.515382852960586,0.5976259228563013,0.4856463760651555,0.634461641719433,0.3862686364382544,0.5808761483553523,0.5475552636709986,0.604537138338931,0.6994726334503277,0.6207895855464605,0.5982437855208856,0.6312497220411973,0.37514113736295085,0.5781863674161184,0.5858416618719056,0.6059856409235613,0.5017825230345403,0.5532444332680938,0.6898184755496549,0.6963613612614241,0.6248939402590492,0.6264617364700088,0.573270384925323,0.6552735969925269,0.647381525818203
NFLX,0.29469242257887845,0.35046133419951264,0.28316478538382833,0.38441536096586804,0.30051572790573516,0.310756610302181,0.5474780174188388,0.2821717368239169,0.6639329486250318,0.4605028359615345,0.4547092288539727,0.40529270953329394,0.3144217225621732,0.4256497255246722,0.689474756673776,0.0,0.31226504560089385,0.4319262349481854,0.3794018200640671,0.5176254354329729,0.42388069684857554,0.3517155212987948,0.44441126511846946,0.4362825105670211,0.6516718906968484,0.433051400972366,0.620782137158676,0.49686586787672077,0.5127309873771312,0.35428637292790316,0.2978214020600566,0.4864466730922553,0.5038828212675669,0.3524760702899653,0.5950035038250365,0.40146631018847717,0.46745295244144364,0.4148413734840449,0.6963178657788655,0.5352434327077544,0.4703842726731258,0.5349077342017898,0.38322021752464674,0.3700523652850785,0.6831077943279534,0.3750881963924519,0.4687348403956752
ADBE,0.22902220424390077,0.34248521012389754,0.27046289992306016,0.37921338491379025,0.24546230926298196,0.2589468013686952,0.5355860141339536,0.23950299061856117,0.6601469106581414,0.4920248553733001,0.4347376886193172,0.34513160097140816,0.26369145443277364,0.42922698730441844,0.6875855509927848,0.31226504560089385,0.0,0.43677750761162026,0.32302227158218094,0.5854525817494993,0.4769931885170966,0.32340516957573606,0.45583685191254997,0.4683336098955152,0.6185896665505309,0.4798764998450651,0.6405794005934254,0.5225028586386671,0.4960733578008034,0.32099416326799995,0.20256315097582644,0.5006321279586798,0.5148059000557809,0.29336369088867487,0.6148589935112195,0.4220888197582008,0.46154005292255396,0.38227921378706226,0.6879757512488073,0.5725247422793146,0.5507031779718694,0.5059480105894227,0.3479355393262391,0.3560225254857206,0.6902981066773337,0.41248744327279696,0.4554575131662176
INTC,0.39507468695790127,0.4056121400746505,0.440446173340051,0.4654851097513101,0.4126363234722003,0.42549672384392967,0.548847477471209,0.4132456418739144,0.6446982434283863,0.4468457016267354,0.4438646916997686,0.4611399684580101,0.43419322330082244,0.4492258523813356,0.6411274137573795,0.4319262349481854,0.43677750761162026,0.0,0.4722354952930332,0.5337056699578102,0.4755685257587808,0.3898292325319471,0.4378762474228074,0.4446163269946239,0.6141177355327402,0.4607425349934898,0.5753133115137031,0.5039503135877204,0.4936215116294561,0.39456948462519076,0.4339234001884521,0.45234093030421674,0.5042369052064148,0.39264731802448183,0.6258001182197571,0.44962566510496293,0.511590680849479,0.45356676086253195,0.6449466370827639,0.5524045827780059,0.4822190298680961,0.5512974097578076,0.4627388189939761,0.45069923791591765,0.6539478171923016,0.3250015023600436,0.4479457727316803
PYPL,0.2999749315492743,0.32671250472441155,0.31247391141642333,0.3815976225955124,0.2774816511555278,0.2848571132615687,0.6110045970710699,0.25717329844453035,0.5310850617593434,0.4758539082490689,0.42264600526578444,0.42746437938743975,0.2712013034956645,0.46999986453437237,0.6678963615624747,0.3794018200640671,0.32302227158218094,0.4722354952930332,0.0,0.523438997083301,0.4933204184226961,0.3508933287465642,0.49318536175759436,0.47691597764469784,0.6021030941486246,0.44815698947161214,0.6046109030500302,0.5234882017369515,0.5126335359463916,0.38156281713543705,0.31041961583136035,0.548878100390379,0.5174175472628637,0.40776433848426175,0.6097092116108684,0.4667059998603255,0.5044451670954826,0.3808628767550561,0.6815493774404063,0.6305916864930079,0.5949813779854718,0.5673354781394477,0.4719875470223298,0.43828681869346287,0.6730708304317613,0.4327317117895144,0.5137023359798495
T,0.5123346002396645,0.5279724305018912,0.5323529889041351,0.5654033279065074,0.5258945554061478,0.530851374928869,0.6114793185566679,0.5267004831346681,0.6096713923327308,0.46653075476893835,0.5032296259146462,0.46770094936329,0.5349601777749647,0.5828964487394082,0.535746177065588,0.5176254354329729,0.5854525817494993,0.5337056699578102,0.523438997083301,0.0,0.47377574714053083,0.4954798149497759,0.4471828485667436,0.41513004531658226,0.6261432462985882,0.4794868710698236,0.5108952068893828,0.42554823130916697,0.5100482626964083,0.5033622639666584,0.5647948210992568,0.5560140234305855,0.4886142318508591,0.5343314104761768,0.5246716337777937,0.4959748586236361,0.5304713500876033,0.46553558974224063,0.6359578063732997,0.5275248884211409,0.5848799814316933,0.5754867563729879,0.5330419666771246,0.5267956043179466,0.6106756602261272,0.5042577907420539,0.5364012903718506
PFE,0.4201383588311447,0.45425713711377,0.4608017638201131,0.5617601806804734,0.49253819024887796,0.5040958578548924,0.47204943800124755,0.4392244594421119,0.5456357542823688,0.4129849348371138,0.4749048586381696,0.39265188473480733,0.480618639108766,0.5794672284506776,0.5825668664668032,0.42388069684857554,0.4769931885170966,0.4755685257587808,0.4933204184226961,0.47377574714053083,0.0,0.38524639122986365,0.3254065620504707,0.4422347522173875,0.49124334093609434,0.42234040329307193,0.4822569698378109,0.4197395127892936,0.4799746280796575,0.4091637714360207,0.4843602399381739,0.3751831814396517,0.4526382859430952,0.4368686937785672,0.5537315018677849,0.32814062071525,0.49180651853593316,0.40189461562750256,0.5408999244507136,0.32798921889728544,0.4796456450529616,0.5336659137667833,0.4589245925536207,0.38554714416669444,0.55735144430265,0.508028634599316,0.5068122581592824
CSCO,0.25295955056074565,0.34335414764344446,0.30656101721134993,0.4499147530975228,0.3317744410159301,0.3316315090544482,0.49169063047643624,0.27598930065848665,0.5879461330445013,0.36935849433572376,0.41879499677521376,0.3485254872035623,0.3059182555088373,0.4482318592187174,0.6089117106497749,0.3517155212987948,0.32340516957573606,0.3898292325319471,0.3508933287465642,0.4954798149497759,0.38524639122986365,0.0,0.3472839521588121,0.4107039100895584,0.5554118442738777,0.390981257845998,0.5384968923682588,0.40111417954346373,0.47442512253090896,0.3112741054519643,0.3255728377085807,0.4724535832070235,0.40952187960206243,0.3132799318783771,0.558615303208562,0.3901705409389345,0.4334546475497181,0.3493676065338396,0.5863508493479416,0.47848655481240404,0.5220513978826319,0.48255410953909816,0.3836727913318643,0.35842882612049,0.6105252911032486,0.39940897274796905,0.4333793200111206
MRK,0.4053339883233275,0.4336595879153166,0.49548206075576806,0.5445616201600136,0.483499445278953,0.4925167382441851,0.43117392538049815,0.4535807657446966,0.5464103381822034,0.3932464232956095,0.4777061692380043,0.37924104366586503,0.4749562269196336,0.5746022942737223,0.515382852960586,0.44441126511846946,0.45583685191254997,0.4378762474228074,0.49318536175759436,0.4471828485667436,0.3254065620504707,0.3472839521588121,0.0,0.41779666611022326,0.46435986990339845,0.44551041869054714,0.4301404896761258,0.3918388306447353,0.45493523423580023,0.37149262845232056,0.47599999268180937,0.4514435488479646,0.41477520867853124,0.39940028639046804,0.49151392673524713,0.3033820406731909,0.43472925774294735,0.38582516177608656,0.5152999242119516,0.407515759371544,0.49330155357413935,0.49161758929389315,0.4377982880349684,0.40503951632912627,0.5701790728164212,0.47251395412503394,0.4779654904909955
CMCSA,0.40820672504921524,0.4513569688471631,0.45456322135703964,0.4853920561436491,0.44519123942461825,0.4451560219562228,0.5575487903159634,0.4374654241087261,0.6262456323517248,0.41855711022096315,0.4663786314839582,0.401293303137493,0.46636261677029034,0.5195468025966593,0.5976259228563013,0.4362825105670211,0.4683336098955152,0.4446163269946239,0.47691597764469784,0.41513004531658226,0.4422347522173875,0.4107039100895584,0.41779666611022326,0.0,0.5747735917104125,0.45402002425278537,0.5362859489552454,0.4285460836647903,0.4330029784482053,0.4132680147428679,0.4785482227208541,0.515621418689833,0.45927735207292764,0.40181766306778616,0.5686753435668779,0.47517612977344836,0.4305549301101024,0.43311072913828186,0.662031773321105,0.5153668404632299,0.546649131099453,0.5504801862771452,0.4865422141959266,0.438610418739783,0.5690169919566863,0.510902398355909,0.5124033454202891
PEP,0.602082947952811,0.6199249229194318,0.6403444751170557,0.6603632507680898,0.6589654645205857,0.6670566543641326,0.4333988220974228,0.6240467373677318,0.42193266048568684,0.5470671499147621,0.5201418018649968,0.5593887064539854,0.6434651434934174,0.7057921605404959,0.4856463760651555,0.6516718906968484,0.6185896665505309,0.6141177355327402,0.6021030941486246,0.6261432462985882,0.49124334093609434,0.5554118442738777,0.46435986990339845,0.5747735917104125,0.0,0.5858877853943186,0.3300301396721391,0.5631696372451883,0.5124153193117005,0.531083998078356,0.6477014546895695,0.5216706957062481,0.568463586291836,0.5700978830945393,0.4600022868572496,0.5167553680624397,0.4691983060583295,0.5453376995096579,0.4092230217874804,0.5563314077057365,0.600501839797142,0.6475739759105604,0.5803729972340589,0.5513698845956084,0.5493210734200457,0.6535440362593551,0.6009287971639666
BAC,0.42146490316445356,0.42893725024960877,0.42897791007084773,0.4996930590254593,0.43901820845612977,0.44181975368255205,0.5811095146824745,0.3849500316439761,0.610123710741033,0.1930505595362802,0.44776217034474064,0.4285862155832481,0.4199556627731353,0.5174408298094505,0.634461641719433,0.433051400972366,0.4798764998450651,0.4607425349934898,0.44815698947161214,0.4794868710698236,0.42234040329307193,0.390981257845998,0.44551041869054714,0.45402002425278537,0.5858877853943186,0.0,0.5463793710202236,0.41523213487871324,0.4853877136061108,0.395616476980761,0.4586422942425779,0.4615968016767145,0.4320368153418159,0.420242475593676,0.6145243047079855,0.4173162593485541,0.5459764268538378,0.42053787812712895,0.6304747576167417,0.5066175194898198,0.49605562511687223,0.5473202332509977,0.47265722926603043,0.3789686436183714,0.6204252507633765,0.46798627652000124,0.5181041347082869
KO,0.5859757996804302,0.6130719184070775,0.631806677352549,0.6475203384227939,0.6353622191280404,0.6412941197513635,0.47042362106951385,0.611049790852512,0.37147293870843323,0.5003322275979468,0.5122795549748255,0.5348502356832443,0.6383286932314747,0.6661785056733017,0.3862686364382544,0.620782137158676,0.6405794005934254,0.5753133115137031,0.6046109030500302,0.5108952068893828,0.4822569698378109,0.5384968923682588,0.4301404896761258,0.5362859489552454,0.3300301396721391,0.5463793710202236,0.0,0.49190369151157726,0.4765151536455738,0.5126515858580141,0.6491919928822654,0.553745899685988,0.5346278652985146,0.5515878116038528,0.4381435463421507,0.5086280139387769,0.5144911506851737,0.4954792663814994,0.3592151880233754,0.5193070965285241,0.5646312521614192,0.6417041755140691,0.5707212169107128,0.5356728741132498,0.5765090995762655,0.6119206036018808,0.5478763475724501
XOM,0.4396173292036339,0.4563298616076135,0.4516184725195975,0.5388047376633129,0.4885549114241172,0.4840104055702293,0.5067963749303235,0.4644866243253568,0.5622917811915445,0.38078182923870646,0.48008836505355956,0.3783855367695633,0.4768506048266678,0.5770117730661831,0.5808761483553523,0.49686586787672077,0.5225028586386671,0.5039503135877204,0.5234882017369515,0.42554823130916697,0.4197395127892936,0.40111417954346373,0.3918388306447353,0.4285460836647903,0.5631696372451883,0.41523213487871324,0.49190369151157726,0.0,0.44312091195174036,0.42470463427754424,0.5145155640561685,0.5220949244649155,0.2493376463716109,0.42589745541673246,0.5346464008568405,0.48402846593339305,0.49653465699301086,0.3882260234608367,0.5889580537296784,0.5005502548293017,0.5340832422932762,0.5051612524382812,0.47119079566328786,0.42323202552219297,0.5204388234770729,0.5288880055396693,0.45750027054906306
WMT,0.46895214699727555,0.48125161170578645,0.4995187749788102,0.5651188647926384,0.532143871214962,0.5318214056399886,0.530687074293209,0.4811217686696126,0.5396275196812115,0.4766525944935047,0.4269938689790467,0.43758647805696443,0.5175741062852541,0.5374674034195385,0.5475552636709986,0.5127309873771312,0.4960733578008034,0.4936215116294561,0.5126335359463916,0.5100482626964083,0.4799746280796575,0.47442512253090896,0.45493523423580023,0.4330029784482053,0.5124153193117005,0.4853877136061108,0.4765151536455738,0.44312091195174036,0.0,0.4299692466906751,0.5278342776032658,0.5243374499528907,0.4628474936515305,0.417627107507657,0.48501338051870696,0.5329361709685433,0.42833456674184706,0.4542430331257099,0.5928236688287954,0.5504054373699394,0.5842712554417392,0.5574770237412792,0.4801121896234033,0.4542768137489843,0.5549202148940019,0.5309023862958231,0.46882192014113744
ABT,0.3062407235656605,0.340039624664533,0.337479206656561,0.44857121117403853,0.34162133070306333,0.34758330182839103,0.4947301206374909,0.3060849331120458,0.5953627105965761,0.40763471836609366,0.3302316403112995,0.32636204168082794,0.3428449795689808,0.5022586004915695,0.604537138338931,0.35428637292790316,0.32099416326799995,0.39456948462519076,0.38156281713543705,0.5033622639666584,0.4091637714360207,0.3112741054519643,0.37149262845232056,0.4132680147428679,0.531083998078356,0.395616476980761,0.5126515858580141,0.42470463427754424,0.4299692466906751,0.0,0.33527965048153197,0.44445961898883746,0.4259496293110452,0.2987016176927765,0.5511336245892233,0.38881692366578613,0.4284573739276982,0.35175446292932233,0.6166605646888326,0.5168241904239075,0.5073514876852689,0.47080134451389366,0.31683125113240024,0.2998933020551932,0.6301320364906075,0.3744045316303884,0.40867157170867274
CRM,0.24922560810123526,0.3401220262638944,0.24594912890186924,0.3760431320256764,0.23637496230094043,0.24558383022180466,0.5898376652754552,0.21501701060620476,0.6586483538297847,0.4818855467411415,0.41000490839975307,0.3721186350708556,0.22811854734188106,0.42058118262567695,0.6994726334503277,0.2978214020600566,0.20256315097582644,0.4339234001884521,0.31041961583136035,0.5647948210992568,0.4843602399381739,0.3255728377085807,0.47599999268180937,0.4785482227208541,0.6477014546895695,0.4586422942425779,0.6491919928822654,0.5145155640561685,0.5278342776032658,0.33527965048153197,0.0,0.5146339908342645,0.503449876191354,0.31932918441068314,0.6288998451277685,0.44681898911032597,0.5009153714124436,0.3951817195202031,0.6997444707177793,0.5749551369622797,0.5435788395329788,0.5381766819200027,0.3710943765859695,0.3573240062448155,0.6918670143220172,0.4045959876972999,0.43452413389984434
ABBV,0.4824622254272285,0.5396459930765594,0.5124312192889476,0.5716376618857251,0.5135085615300985,0.5231600644888929,0.5240261238649804,0.486756207014888,0.630370325129538,0.49014289421231777,0.4565864107490522,0.45521204180336183,0.5123039903370663,0.5744138520357366,0.6207895855464605,0.4864466730922553,0.5006321279586798,0.45234093030421674,0.548878100390379,0.5560140234305855,0.3751831814396517,0.4724535832070235,0.4514435488479646,0.515621418689833,0.5216706957062481,0.4615968016767145,0.553745899685988,0.5220949244649155,0.5243374499528907,0.44445961898883746,0.5146339908342645,0.0,0.5026085093637731,0.4532737005639858,0.6069544744149603,0.382425252565511,0.5302124424353397,0.4920679622843157,0.598236104001647,0.4560922348362568,0.44530258985979543,0.6069899877293963,0.4402802716986898,0.42414327588978396,0.6210422287064693,0.48120270964360856,0.5328662425032866
CVX,0.41489032698358874,0.5003048434887546,0.47822577613165784,0.5414160031077139,0.4852792130615055,0.4811100323907004,0.5341596318028574,0.4601009207197163,0.5844310146506837,0.41855715541521266,0.49364316514672657,0.4188297137219615,0.47153836209162664,0.5899349308772838,0.5982437855208856,0.5038828212675669,0.5148059000557809,0.5042369052064148,0.5174175472628637,0.4886142318508591,0.4526382859430952,0.40952187960206243,0.41477520867853124,0.45927735207292764,0.568463586291836,0.4320368153418159,0.5346278652985146,0.2493376463716109,0.4628474936515305,0.4259496293110452,0.503449876191354,0.5026085093637731,0.0,0.4171649829802874,0.5586193406995418,0.4985120228371883,0.5290005378275436,0.40783722876966166,0.6106443476617505,0.4906781444627111,0.5245017203231116,0.48855223706925277,0.4850988488964803,0.4096477317924739,0.5646120353107263,0.5448724783290084,0.46689039182461883
TMO,0.259156332322346,0.3784032534814622,0.33383249873810955,0.4480339193902415,0.3240434331268003,0.3278850731881578,0.4978409616068091,0.3004732954563661,0.6021891689737707,0.40855686818375536,0.38782300070914166,0.2900552526377805,0.3320131455198406,0.4616364364740836,0.6312497220411973,0.3524760702899653,0.29336369088867487,0.39264731802448183,0.40776433848426175,0.5343314104761768,0.4368686937785672,0.3132799318783771,0.39940028639046804,0.40181766306778616,0.5700978830945393,0.420242475593676,0.5515878116038528,0.42589745541673246,0.417627107507657,0.2987016176927765,0.31932918441068314,0.4532737005639858,0.4171649829802874,0.0,0.5527874773155327,0.4282800325013448,0.44803819358805136,0.3018887650716944,0.6398634317780282,0.5291114232089552,0.4871170014148582,0.472795263643789,0.32071503669151985,0.2561681653167866,0.6206006211562926,0.42608937555306187,0.40911201582163065
MCD,0.5980641316590115,0.5960256280488708,0.628978038131334,0.6518603499554321,0.6270405927096888,0.6289623163615993,0.5201644842103311,0.6335897065920214,0.5347655431977675,0.5834626484826072,0.5771928874323436,0.519159934040147,0.6451193081497859,0.6866885828257409,0.37514113736295085,0.5950035038250365,0.6148589935112195,0.6258001182197571,0.6097092116108684,0.5246716337777937,0.5537315018677849,0.558615303208562,0.49151392673524713,0.5686753435668779,0.4600022868572496,0.6145243047079855,0.4381435463421507,0.5346464008568405,0.48501338051870696,0.5511336245892233,0.6288998451277685,0.6069544744149603,0.5586193406995418,0.5527874773155327,0.0,0.5585422078847444,0.5425017196598751,0.5493383977400413,0.5906256834638394,0.5687952567372365,0.597679906180722,0.6597591169551837,0.556964455935794,0.5548210465538888,0.5516426827006649,0.6190517618720742,0.6109449793955775
AMGN,0.41130353722155866,0.45156686746538277,0.4585486218275233,0.4909622460510878,0.41736017587819174,0.42833653045030373,0.4870042857611658,0.4285276534241431,0.6021842391678027,0.41894777051961746,0.4640878435095105,0.3915396724068769,0.44713437243394943,0.5384213644958589,0.5781863674161184,0.40146631018847717,0.4220888197582008,0.44962566510496293,0.4667059998603255,0.4959748586236361,0.32814062071525,0.3901705409389345,0.3033820406731909,0.47517612977344836,0.5167553680624397,0.4173162593485541,0.5086280139387769,0.48402846593339305,0.5329361709685433,0.38881692366578613,0.44681898911032597,0.382425252565511,0.4985120228371883,0.4282800325013448,0.5585422078847444,0.0,0.48139106692594646,0.42734034199955145,0.5910437518354339,0.43704789765180924,0.46514411178608794,0.5549911824820855,0.44006800447844496,0.4027642089340863,0.5793409676378161,0.4326454812012582,0.551915937119949
COST,0.4540165656324383,0.48284271950011115,0.4773366097996274,0.5575044093481845,0.4983002189397905,0.497633286813912,0.3937951004940754,0.4843393776856327,0.5964199066567442,0.5231896265339822,0.43064818655493264,0.4393573023331116,0.5076558312271484,0.5796474765860149,0.5858416618719056,0.46745295244144364,0.46154005292255396,0.511590680849479,0.5044451670954826,0.5304713500876033,0.49180651853593316,0.4334546475497181,0.43472925774294735,0.4305549301101024,0.4691983060583295,0.5459764268538378,0.5144911506851737,0.49653465699301086,0.42833456674184706,0.4284573739276982,0.5009153714124436,0.5302124424353397,0.5290005378275436,0.44803819358805136,0.5425017196598751,0.48139106692594646,0.0,0.4862208275940056,0.6144042900165744,0.5546317024719812,0.5891716600490218,0.5954986473223902,0.500994790089784,0.49761129188443537,0.5830341272938797,0.5058724334571548,0.5138978175700227
ACN,0.32037712231441534,0.37067799243449406,0.37448035676302716,0.4925659174979988,0.38671091669896285,0.39537390031990516,0.49435860050632974,0.34214358377069043,0.5462689694738662,0.3863252509833219,0.40868159929593817,0.32483012156425684,0.35674787282468606,0.5143399928576171,0.6059856409235613,0.4148413734840449,0.38227921378706226,0.45356676086253195,0.3808628767550561,0.46553558974224063,0.40189461562750256,0.3493676065338396,0.38582516177608656,0.43311072913828186,0.5453376995096579,0.42053787812712895,0.4954792663814994,0.3882260234608367,0.4542430331257099,0.35175446292932233,0.3951817195202031,0.4920679622843157,0.40783722876966166,0.3018887650716944,0.5493383977400413,0.42734034199955145,0.4862208275940056,0.0,0.5848111021763719,0.48630335025732235,0.5199685870021136,0.47681118628815633,0.414820583805357,0.3628545497665166,0.5867519582836723,0.4890073322149011,0.5063203810815433
NEE,0.6620130116818177,0.6524988329311736,0.6844628496766388,0.6868624712425947,0.6959375486578213,0.6946187321264133,0.5274925319362763,0.6692048893448626,0.4502414585980806,0.5715563603943724,0.5999334284591592,0.6064407020589963,0.6808158331966025,0.6945224362650907,0.5017825230345403,0.6963178657788655,0.6879757512488073,0.6449466370827639,0.6815493774404063,0.6359578063732997,0.5408999244507136,0.5863508493479416,0.5152999242119516,0.662031773321105,0.4092230217874804,0.6304747576167417,0.3592151880233754,0.5889580537296784,0.5928236688287954,0.6166605646888326,0.6997444707177793,0.598236104001647,0.6106443476617505,0.6398634317780282,0.5906256834638394,0.5910437518354339,0.6144042900165744,0.5848111021763719,0.0,0.515716060538823,0.6182565115398257,0.6678971972744431,0.6241465368552298,0.6425301812175169,0.5822951972355606,0.6967985269563158,0.6218267201467211
LLY,0.5220462533044609,0.5919753463858286,0.5735870390526512,0.673671318615367,0.5979068145038516,0.6017237842700561,0.4782610696228795,0.5607506237494698,0.6180591991619818,0.4775042372879629,0.5868728029522969,0.4947589173488757,0.5938304729535051,0.6392522246580397,0.5532444332680938,0.5352434327077544,0.5725247422793146,0.5524045827780059,0.6305916864930079,0.5275248884211409,0.32798921889728544,0.47848655481240404,0.407515759371544,0.5153668404632299,0.5563314077057365,0.5066175194898198,0.5193070965285241,0.5005502548293017,0.5504054373699394,0.5168241904239075,0.5749551369622797,0.4560922348362568,0.4906781444627111,0.5291114232089552,0.5687952567372365,0.43704789765180924,0.5546317024719812,0.48630335025732235,0.515716060538823,0.0,0.5012169108509462,0.5964833352016371,0.5311736608605812,0.5024017350796289,0.5608293163853746,0.6067453058642212,0.5868875487400721
BMY,0.5338475207782499,0.5437889400599295,0.5365800458784418,0.575829679663826,0.5245975085955035,0.5333171177204503,0.5248589247134704,0.5095219170121766,0.6389642767160773,0.5006497410100761,0.549230231566641,0.5314567313090057,0.5415441049721018,0.5876130585543579,0.6898184755496549,0.4703842726731258,0.5507031779718694,0.4822190298680961,0.5949813779854718,0.5848799814316933,0.4796456450529616,0.5220513978826319,0.49330155357413935,0.546649131099453,0.600501839797142,0.49605562511687223,0.5646312521614192,0.5340832422932762,0.5842712554417392,0.5073514876852689,0.5435788395329788,0.44530258985979543,0.5245017203231116,0.4871170014148582,0.597679906180722,0.46514411178608794,0.5891716600490218,0.5199685870021136,0.6182565115398257,0.5012169108509462,0.0,0.6566791500169438,0.5103214369310131,0.4559354886648852,0.6834553287255706,0.5091685226832775,0.5446699367502021
LIN,0.477006835820622,0.4956252486727148,0.5314495488312698,0.5827890628775972,0.5298942856611388,0.5322577764002479,0.6025512980984604,0.5212928884504469,0.6824627894456171,0.512486481345162,0.5810931051940641,0.5022694870636473,0.517960005471349,0.6152788158224362,0.6963613612614241,0.5349077342017898,0.5059480105894227,0.5512974097578076,0.5673354781394477,0.5754867563729879,0.5336659137667833,0.48255410953909816,0.49161758929389315,0.5504801862771452,0.6475739759105604,0.5473202332509977,0.6417041755140691,0.5051612524382812,0.5574770237412792,0.47080134451389366,0.5381766819200027,0.6069899877293963,0.48855223706925277,0.472795263643789,0.6597591169551837,0.5549911824820855,0.5954986473223902,0.47681118628815633,0.6678971972744431,0.5964833352016371,0.6566791500169438,0.0,0.5125820387882749,0.5288763537392622,0.6536037135321974,0.5563916380763657,0.524915678142155
MDT,0.40025680283093484,0.45456200323803736,0.3815600695973677,0.47789066052245516,0.4168032382098137,0.4218214733084,0.5093811918246254,0.3710154433597695,0.6120610619672314,0.49394216741328434,0.4185151087551718,0.3784191519137808,0.40673107313154633,0.47657346024616015,0.6248939402590492,0.38322021752464674,0.3479355393262391,0.4627388189939761,0.4719875470223298,0.5330419666771246,0.4589245925536207,0.3836727913318643,0.4377982880349684,0.4865422141959266,0.5803729972340589,0.47265722926603043,0.5707212169107128,0.47119079566328786,0.4801121896234033,0.31683125113240024,0.3710943765859695,0.4402802716986898,0.4850988488964803,0.32071503669151985,0.556964455935794,0.44006800447844496,0.500994790089784,0.414820583805357,0.6241465368552298,0.5311736608605812,0.5103214369310131,0.5125820387882749,0.0,0.30580391215815256,0.641210882554687,0.3881713278898091,0.45213039487289636
DHR,0.33115801860696215,0.4248430946488741,0.38337508670591075,0.4919884669003783,0.3753195783987059,0.3841575556470725,0.5197698672018954,0.33614510600096453,0.5920458986413021,0.4186675296617247,0.39254962831826107,0.3439587445130125,0.3827030440235354,0.5148369329408232,0.6264617364700088,0.3700523652850785,0.3560225254857206,0.45069923791591765,0.43828681869346287,0.5267956043179466,0.38554714416669444,0.35842882612049,0.40503951632912627,0.438610418739783,0.5513698845956084,0.3789686436183714,0.5356728741132498,0.42323202552219297,0.4542768137489843,0.2998933020551932,0.3573240062448155,0.42414327588978396,0.4096477317924739,0.2561681653167866,0.5548210465538888,0.4027642089340863,0.49761129188443537,0.3628545497665166,0.6425301812175169,0.5024017350796289,0.4559354886648852,0.5288763537392622,0.30580391215815256,0.0,0.6668778456125225,0.44419745838127694,0.40695284786609465
