,MSFT,AAPL,AMZN,FB,GOOGL,GOOG,JNJ,V,PG,JPM,HD,UNH,MA,NVDA,VZ,NFLX,ADBE,INTC,PYPL,T,PFE,CSCO,MRK,CMCSA,PEP,BAC,KO,XOM,WMT,ABT,CRM,ABBV,CVX,TMO,MCD,AMGN,COST,ACN,NEE,LLY,BMY,LIN,MDT,DHR,PM,TXN,NKE
MSFT,0.0,0.31321735613739304,0.4066579440744899,0.45444192910852355,0.27273553158303276,0.2559470997282411,0.4567881097424425,0.25687919434027306,0.5369373200049314,0.27971059869288734,0.322548733500316,0.45604380947846435,0.2676435830610241,0.31699375054172213,0.4488168178429342,0.4369872318541965,0.2409407689678671,0.38696614003924873,0.40936864422935576,0.4943288295352617,0.4139995901157031,0.3096244654487176,0.5749360279462228,0.45628476544206964,0.49750851940340113,0.27658540560808753,0.46358901008602355,0.46867809482704315,0.5277352646832456,0.3866950228557855,0.307915975538945,0.539901742428001,0.41124121704362565,0.35559363696152285,0.4890420495879969,0.393134072790762,0.3425876534954297,0.33256137903058397,0.5667911183920459,0.44480521358065545,0.48404469265627253,0.3379812514297437,0.39193380157036245,0.3907924101625383,0.5813027753261657,0.33775210046587895,0.4271589865615572
AAPL,0.31321735613739304,0.0,0.4757764069108226,0.5155031823050574,0.3652911137779451,0.3448924262306566,0.4865548744224344,0.2988101590337655,0.5006150959482306,0.36781351582570493,0.4135878782241297,0.4709217786142281,0.35191797373595374,0.4466521222148942,0.521483204942533,0.5049127246986033,0.3353227549232933,0.4639994793408789,0.46910440056843933,0.5010065531643311,0.4536333878069703,0.33240379585649465,0.5568465655959466,0.5145860095322797,0.5097076904194885,0.3538488478834186,0.47595255984713697,0.4850505161551699,0.5680745203043946,0.46695832399424625,0.3860209364791456,0.5986462201121753,0.4166447577354807,0.41887499720145,0.5054021945081,0.4620221515233806,0.41720846413119905,0.40867768088743894,0.608853232999226,0.487064692967819,0.5232505131160089,0.3750334895834962,0.4476098713620741,0.4725134250415735,0.5382959895608298,0.382830990822486,0.4884871486733175
AMZN,0.4066579440744899,0.4757764069108226,0.0,0.5245052569258887,0.4538110519661159,0.4389517339160928,0.5657414547918407,0.4561898677683437,0.6262914727878377,0.4295389024962034,0.4710451829176027,0.5656625816459527,0.4342392988734319,0.43605056705289647,0.5986131657586797,0.3555948802488963,0.41805472409185584,0.45733973629624275,0.4349290375556908,0.636892871986102,0.538040502685846,0.3958610922168346,0.6393010358293314,0.5503919749395916,0.6067499033239196,0.40654903757745187,0.5628052867214147,0.5981486590273138,0.5843467732630058,0.4561155375146401,0.46043602304303805,0.6060407498298184,0.5284853502643233,0.4510001718847175,0.5832246142551023,0.4556576874169019,0.44175517452773866,0.4478157975309261,0.6197751749161744,0.5774996460983746,0.5587907004929469,0.44817188581374273,0.4606062515949207,0.4774174915949889,0.6320531006884142,0.482849041263119,0.49687444323690455
FB,0.45444192910852355,0.5155031823050574,0.5245052569258887,0.0,0.3711121079771306,0.37333576051262785,0.518896496998506,0.40036132157435866,0.6083538999142498,0.43015676109936773,0.47466167382234203,0.58624462008294,0.4059977475318917,0.4504144172717544,0.5235539843543405,0.5011427032236909,0.500884922218436,0.49114144579175023,0.5281865988360522,0.504341581488583,0.5168294434181171,0.4608316274399098,0.5917335642344369,0.5129852898292255,0.5801228716754739,0.42270966379954195,0.5574817937599096,0.5002207156868426,0.5765335383463663,0.48850150974872075,0.48985820292445864,0.5568666860634476,0.4903667630159951,0.5174544343402652,0.5393724686839286,0.4984105105630428,0.5133688486353435,0.47799306356852966,0.6033997723918773,0.4848216176686575,0.5586270038815992,0.44587929637310725,0.4626231736253811,0.4481477071540823,0.6042741606052637,0.5028155966942967,0.5331197711415544
GOOGL,0.27273553158303276,0.3652911137779451,0.4538110519661159,0.3711121079771306,0.0,0.0509163235024429,0.4330057295079061,0.2675889190904697,0.5454700478090252,0.28539333832469466,0.358358436499421,0.4912860666792736,0.304315173590714,0.33268895920167785,0.46582822554807485,0.4346233131150605,0.3565042901553,0.4288834450347023,0.4244409645196845,0.4605120624880532,0.42807102126250723,0.3187324287504068,0.5204670437955595,0.45746208366326074,0.4998894299878449,0.30221653056088593,0.48214885470247487,0.425360941645985,0.5625308431116267,0.3778468794502398,0.3635107881188476,0.5053620212804151,0.39603016559309784,0.36679111296365213,0.5020179666694096,0.4197368650241985,0.3850319593080378,0.330187737377351,0.5962116170895281,0.4281050151394497,0.5207529865947612,0.3230910427387711,0.38380314137076194,0.35700120722851025,0.5724050704750979,0.37756899075272415,0.43981238883302387
GOOG,0.2559470997282411,0.3448924262306566,0.4389517339160928,0.37333576051262785,0.0509163235024429,0.0,0.4336309876158259,0.25958405436059817,0.5403527468049394,0.2816687081003566,0.35359498589837834,0.47830440320133577,0.2974489864769533,0.33209359362525254,0.46783675351149645,0.42584229075926966,0.33857060222425334,0.4253674961891837,0.41963002649478537,0.46795584701123843,0.41868051704731657,0.3065953070188958,0.5226377857835192,0.4611976093400024,0.4965584180144805,0.29316077269193414,0.4770748978175944,0.43526512190536576,0.5564064550784972,0.3752509288961521,0.3582252555188798,0.5056954174752482,0.39992875775186215,0.35905731365344806,0.48769863985502293,0.40842674800388074,0.38366587424811105,0.3273538896786405,0.5891955495782747,0.4257241671496263,0.5108848265489035,0.3187517506480074,0.3804124454539896,0.34708390143746537,0.56236682834763,0.3660634442767938,0.4361378485863393
JNJ,0.4567881097424425,0.4865548744224344,0.5657414547918407,0.518896496998506,0.4330057295079061,0.4336309876158259,0.0,0.4037979426793596,0.4059222851101833,0.38648579945464534,0.4015107895974718,0.43750743398090985,0.3836096678348591,0.4955098953435999,0.41997282833871447,0.5858218475447061,0.4874058660077829,0.4989371356115429,0.5584886908065037,0.3935625862703347,0.3389542689145789,0.42398727139368836,0.4537421168589573,0.5070711561296701,0.397908567037299,0.40867986229921627,0.39155878738216154,0.4627920663896794,0.48576785943227807,0.35495036425073523,0.5094651920052382,0.46952316414303225,0.43259647619198993,0.47735009899046543,0.4946132190573865,0.40725920203767974,0.42825139159371733,0.4197839944222739,0.6303461290967953,0.30188410152843737,0.5005689265865496,0.4060315494714862,0.3632059952805214,0.34144322857598103,0.5515009369601568,0.4813816468985548,0.4745859047308675
V,0.25687919434027306,0.2988101590337655,0.4561898677683437,0.40036132157435866,0.2675889190904697,0.25958405436059817,0.4037979426793596,0.0,0.5108574108872392,0.227496392468777,0.29447207774436,0.4172841433808639,0.1775794187944453,0.3458272441887196,0.4227062685708513,0.4539529021396764,0.313742959929463,0.38644451071822444,0.433630601349108,0.42384588207930046,0.38790425460336886,0.2872715914396325,0.5234325134885938,0.46492831481665703,0.49363015385212566,0.23650678696606722,0.44576494999007843,0.42436606611644995,0.5163918065472474,0.3536508953687412,0.3506569997518615,0.5071764308460465,0.349919401163209,0.3446117861201984,0.4552966655213813,0.42554575986129245,0.3590214518000679,0.30414413427126485,0.5836924748782688,0.42529062861863826,0.4891730968204749,0.34485505164793495,0.36429640122342066,0.3794429237987528,0.5999490986589895,0.38207286702837023,0.4354528408261207
PG,0.5369373200049314,0.5006150959482306,0.6262914727878377,0.6083538999142498,0.5454700478090252,0.5403527468049394,0.4059222851101833,0.5108574108872392,0.0,0.5137835809296658,0.44756908877269175,0.5294765806357792,0.5073677144437168,0.5889573915206541,0.4066357296498237,0.6409519581571012,0.588593680993061,0.5813263653880723,0.6204993939288773,0.4108669565406649,0.47436440224727733,0.507363585604944,0.5313898420851928,0.5039539023795008,0.3709018534762777,0.5330090924609292,0.36805626916887973,0.49636959308280426,0.48549756548092826,0.5222660790985815,0.5621267480137276,0.598006363589782,0.506658878668635,0.5386372478789201,0.5691380424566552,0.5166817895622177,0.4807498606564184,0.5480484756052515,0.6097386305729047,0.4803827856400046,0.5371819669716401,0.512639403064101,0.46913034704475676,0.5317983432900931,0.46686905923321304,0.5412222386699632,0.5285869750427988
JPM,0.27971059869288734,0.36781351582570493,0.4295389024962034,0.43015676109936773,0.28539333832469466,0.2816687081003566,0.38648579945464534,0.227496392468777,0.5137835809296658,0.0,0.28484897193775066,0.41419661299434835,0.24473246806320487,0.3738849781351778,0.4203962658921181,0.4269262473980934,0.3617243859140826,0.4273194543317286,0.4629045096727305,0.44243370562594736,0.38490401895014137,0.28994847144474534,0.5239420515873142,0.414094923746516,0.5025390861135283,0.16429004813918693,0.4399141120327815,0.4158723336536159,0.5114814062638353,0.3227867958562916,0.3845508868542696,0.4823125533480369,0.3408228034598842,0.3186083776956512,0.4500605424311998,0.3571171370698041,0.35812746086251257,0.2815730067850116,0.6457635763856746,0.40436333914174133,0.4605229727950918,0.33071678804870663,0.3363661841397415,0.33987924513338913,0.5727334410144814,0.4371545486651033,0.39379767327652515
HD,0.322548733500316,0.4135878782241297,0.4710451829176027,0.47466167382234203,0.358358436499421,0.35359498589837834,0.4015107895974718,0.29447207774436,0.44756908877269175,0.28484897193775066,0.0,0.4141179727936997,0.29528489065144,0.3753848969325063,0.3671412650444907,0.46151816515022503,0.4078138004866329,0.4175722799090434,0.46179698679799475,0.45417173921761966,0.3874840745643466,0.34767328724595103,0.5507694771880345,0.40431909040993946,0.44907119516076616,0.3337350542678301,0.3907641528584953,0.42543420163058143,0.4716543957555827,0.3779038409642831,0.4401212210308289,0.5145281585900768,0.337713724749483,0.40801059081239416,0.44832324934335654,0.3843980756905938,0.34702883263444556,0.3764982958101266,0.5954331542271292,0.42763808007498777,0.503685707216449,0.38276787666294493,0.39989481261828663,0.406020781756431,0.5408207969298732,0.4336578777331087,0.4001225109544005
UNH,0.45604380947846435,0.4709217786142281,0.5656625816459527,0.58624462008294,0.4912860666792736,0.47830440320133577,0.43750743398090985,0.4172841433808639,0.5294765806357792,0.41419661299434835,0.4141179727936997,0.0,0.4383978451514769,0.5180355428823248,0.4654622398471489,0.5568992470046239,0.4792103129745927,0.5220211745563266,0.5203566127220597,0.5085641646249066,0.37165260570282527,0.4864817804562613,0.5198485928869435,0.5525061537604691,0.49634132053089874,0.4266557253242738,0.43958012937522983,0.5080782248265696,0.5212450270144344,0.48031756135560066,0.49196645181806276,0.5000441072204432,0.4728049584278959,0.4419626453092525,0.42276713499843627,0.41935061750284963,0.5224725495234787,0.46648257397885284,0.6300829913089454,0.45886110417344744,0.5637758081297137,0.4671461895904756,0.4621302796879841,0.4266559476222939,0.5562583282082082,0.49406552062931436,0.48649414017734016
MA,0.2676435830610241,0.35191797373595374,0.4342392988734319,0.4059977475318917,0.304315173590714,0.2974489864769533,0.3836096678348591,0.1775794187944453,0.5073677144437168,0.24473246806320487,0.29528489065144,0.4383978451514769,0.0,0.3558533076231201,0.42590811595186817,0.45521763903445256,0.32678922106785085,0.3969788978510231,0.45756291204399796,0.4131340460702459,0.39538072567485083,0.2812968884814966,0.5500785235055761,0.4560500346609129,0.48564538073330044,0.23322336935855575,0.4449704017206381,0.4429845316471918,0.5041674153119731,0.32445162543343165,0.3606524488923051,0.4882518989714863,0.37747066730425427,0.3613410755794364,0.48959919191260937,0.4094276856758511,0.347966380141023,0.277090832011315,0.5724488714262773,0.42993140286799997,0.47573942219724874,0.3381318200999704,0.3473869854734714,0.35236631627315174,0.6142036783691718,0.38304238698923054,0.4159629637722797
NVDA,0.31699375054172213,0.4466521222148942,0.43605056705289647,0.4504144172717544,0.33268895920167785,0.33209359362525254,0.4955098953435999,0.3458272441887196,0.5889573915206541,0.3738849781351778,0.3753848969325063,0.5180355428823248,0.3558533076231201,0.0,0.5278592046449547,0.4505253118941131,0.37193701875041496,0.3939231326259204,0.4261217517282917,0.5580241632661869,0.4512710342736377,0.34254555408526416,0.5984802121872845,0.5153395408542659,0.5590028804634991,0.36979385317463404,0.5459424076135339,0.5099005554129136,0.5386889998034918,0.4256419430119692,0.38889808111472135,0.5442873685363933,0.46810408486955846,0.4482076434673592,0.5612235831935368,0.4182569169203726,0.3975600006825734,0.3666863267942573,0.6243311184623254,0.49204042925252556,0.49982629125591405,0.419757346128773,0.4471143727229805,0.44093862440947584,0.6122313185540396,0.4047942042155422,0.4250004113074705
VZ,0.4488168178429342,0.521483204942533,0.5986131657586797,0.5235539843543405,0.46582822554807485,0.46783675351149645,0.41997282833871447,0.4227062685708513,0.4066357296498237,0.4203962658921181,0.3671412650444907,0.4654622398471489,0.42590811595186817,0.5278592046449547,0.0,0.5529455076924144,0.5324530976351346,0.5240179293700843,0.558710869018937,0.36138256633538474,0.41980770898545205,0.46809868411574274,0.4956813993177857,0.40631151413015926,0.3480591321039766,0.4439573507236458,0.32214329044858775,0.4363200461123238,0.4533917239576484,0.4117358838657943,0.4904713540313242,0.5351401065286988,0.44256008432673166,0.45656997755833234,0.5019220569288919,0.48479944217017723,0.4473384167050459,0.5128687293122177,0.5518700272859325,0.4365987390938293,0.5279825247037176,0.4835812075842268,0.43178544590604395,0.46585723350866487,0.4962735802530772,0.5557387022519087,0.4703216769988655
NFLX,0.4369872318541965,0.5049127246986033,0.3555948802488963,0.5011427032236909,0.4346233131150605,0.42584229075926966,0.5858218475447061,0.4539529021396764,0.6409519581571012,0.4269262473980934,0.46151816515022503,0.5568992470046239,0.45521763903445256,0.4505253118941131,0.5529455076924144,0.0,0.4499156470792719,0.45326150981331476,0.5098091595194895,0.6349747986924389,0.5175113475399025,0.3571716325464062,0.5978896268679148,0.5402616092119643,0.625506707551643,0.4160143221142513,0.5504259226646288,0.5688015917098582,0.549860305792049,0.4197830510932158,0.43885464452134176,0.5800530622357929,0.5155948804581596,0.4981250536991314,0.5900780878559646,0.4189474370951979,0.41646662562158826,0.4761385808572463,0.6217912308560783,0.5347329505502131,0.5118927970591408,0.5017923882755612,0.48661197243139614,0.48015098182961563,0.617354418982927,0.53339879525456,0.5254528888214609
ADBE,0.2409407689678671,0.3353227549232933,0.41805472409185584,0.500884922218436,0.3565042901553,0.33857060222425334,0.4874058660077829,0.313742959929463,0.588593680993061,0.3617243859140826,0.4078138004866329,0.4792103129745927,0.32678922106785085,0.37193701875041496,0.5324530976351346,0.4499156470792719,0.0,0.4167161232445044,0.45176502679119734,0.5388333208764401,0.4596066437436935,0.36937134762347984,0.5669355445072018,0.5066321021891499,0.5351544118772197,0.3518136252448695,0.499209553266695,0.514897690180461,0.5502923373999637,0.43738007740359025,0.33726615599457116,0.546384842851834,0.47368427069705754,0.39294126154932013,0.5254659324269915,0.41131654411337215,0.3881852291158543,0.37446264642704064,0.5716054753534507,0.4690407714289454,0.46797950540265887,0.41267036870560936,0.4691050717620411,0.42505952822289284,0.6013197041669949,0.33515928795375943,0.4971209042761652
INTC,0.38696614003924873,0.4639994793408789,0.45733973629624275,0.49114144579175023,0.4288834450347023,0.4253674961891837,0.4989371356115429,0.38644451071822444,0.5813263653880723,0.4273194543317286,0.4175722799090434,0.5220211745563266,0.3969788978510231,0.3939231326259204,0.5240179293700843,0.45326150981331476,0.4167161232445044,0.0,0.46789645446568073,0.5415879464703647,0.39584958390297653,0.36772195214149495,0.5735617071312501,0.5550838992071805,0.5375346801869809,0.4258430898022513,0.507553108585798,0.4932659534849171,0.5530000008172392,0.43821898304430956,0.4185290676127344,0.466642216404109,0.4571722295286133,0.4640910782374707,0.5514378780023304,0.42504260355368895,0.4435372766325188,0.4093567834034958,0.5533934585997079,0.46570518257461013,0.5140967088635714,0.4444614858943358,0.4392921427663027,0.46930500593435504,0.5979498321932474,0.39443449848970685,0.5000122469507187
PYPL,0.40936864422935576,0.46910440056843933,0.4349290375556908,0.5281865988360522,0.4244409645196845,0.41963002649478537,0.5584886908065037,0.433630601349108,0.6204993939288773,0.4629045096727305,0.46179698679799475,0.5203566127220597,0.45756291204399796,0.4261217517282917,0.558710869018937,0.5098091595194895,0.45176502679119734,0.46789645446568073,0.0,0.6529422811688194,0.5441710685201865,0.45159541175739715,0.6044726530886367,0.5343961838519862,0.5742601430123067,0.4636886579881849,0.5366535212800836,0.5843263820238935,0.5441347382591546,0.46512160769822086,0.42074807107421497,0.5963505556471856,0.5010756654844728,0.4281115815186075,0.5613711760313325,0.49642357447921465,0.4899411066341724,0.4389900978602502,0.5199510866499231,0.5663280225088863,0.55395208245899,0.43736282255894754,0.4584128594612062,0.5039065376918005,0.6169627995882794,0.483396207119654,0.4753098331923901
T,0.4943288295352617,0.5010065531643311,0.636892871986102,0.504341581488583,0.4605120624880532,0.46795584701123843,0.3935625862703347,0.42384588207930046,0.4108669565406649,0.44243370562594736,0.45417173921761966,0.5085641646249066,0.4131340460702459,0.5580241632661869,0.36138256633538474,0.6349747986924389,0.5388333208764401,0.5415879464703647,0.6529422811688194,0.0,0.4415038192978907,0.4824117279590875,0.5089999618246507,0.5063838175827156,0.36106874086925306,0.4541721312637506,0.4070566547380568,0.4330384288248348,0.5232845363349901,0.4784636882060646,0.5182109519463701,0.49004467211824093,0.5023525648385053,0.5031509203920738,0.527083894086952,0.5089872359547271,0.4839836232646777,0.4929830785324231,0.6021113150890253,0.4360694445913341,0.5406521379245929,0.4913806847035072,0.44725897384311286,0.48548284665657726,0.5818912264304642,0.5187648545510056,0.5210813683601332
PFE,0.4139995901157031,0.4536333878069703,0.538040502685846,0.5168294434181171,0.42807102126250723,0.41868051704731657,0.3389542689145789,0.38790425460336886,0.47436440224727733,0.38490401895014137,0.3874840745643466,0.37165260570282527,0.39538072567485083,0.4512710342736377,0.41980770898545205,0.5175113475399025,0.4596066437436935,0.39584958390297653,0.5441710685201865,0.4415038192978907,0.0,0.3813648630025253,0.4589631906984452,0.5031178624573299,0.42683028941284956,0.39313841160709523,0.38158967964957546,0.47329846158913524,0.480043793782599,0.3792788238105636,0.473369098865691,0.37888472766786074,0.47017919338367825,0.459037402662485,0.45620878068947657,0.33098078036047013,0.43277673612128814,0.43695045212671324,0.5613624323289811,0.27849983163956304,0.46235084394349546,0.4152969281412835,0.3792527762520157,0.3630952189150112,0.49619162637413566,0.43155117315127633,0.4831391216514672
CSCO,0.3096244654487176,0.33240379585649465,0.3958610922168346,0.4608316274399098,0.3187324287504068,0.3065953070188958,0.42398727139368836,0.2872715914396325,0.507363585604944,0.28994847144474534,0.34767328724595103,0.4864817804562613,0.2812968884814966,0.34254555408526416,0.46809868411574274,0.3571716325464062,0.36937134762347984,0.36772195214149495,0.45159541175739715,0.4824117279590875,0.3813648630025253,0.0,0.5224616310303783,0.46896914075385193,0.5069254445351316,0.29080624920115933,0.458031978292178,0.448264581599571,0.47336384297543627,0.34529530390377494,0.37533168394397526,0.5017861850679471,0.38822823895063213,0.4184953817342312,0.5175051224848427,0.3493273364217218,0.31291703361799234,0.3102542925315913,0.587891594316432,0.40811670266559036,0.39072549673419843,0.4017601054164368,0.34750790872066895,0.3887920750809486,0.5661409994147536,0.4027813892045819,0.418909714950553
MRK,0.5749360279462228,0.5568465655959466,0.6393010358293314,0.5917335642344369,0.5204670437955595,0.5226377857835192,0.4537421168589573,0.5234325134885938,0.5313898420851928,0.5239420515873142,0.5507694771880345,0.5198485928869435,0.5500785235055761,0.5984802121872845,0.4956813993177857,0.5978896268679148,0.5669355445072018,0.5735617071312501,0.6044726530886367,0.5089999618246507,0.4589631906984452,0.5224616310303783,0.0,0.5791142682974182,0.474167236710144,0.5279629024659916,0.46158166073324186,0.5251690386494763,0.5205300936373333,0.5233347960426777,0.5984052160881205,0.5198764648888896,0.5643555993520026,0.5478102025566005,0.5382867462355618,0.4819987122388424,0.5278224655474036,0.5787644034011147,0.5998512437527795,0.4703745298654548,0.6070584915398382,0.5858388149821083,0.49696558771336474,0.5001612403529687,0.5535779452507011,0.5388463023102368,0.5963642301361394
CMCSA,0.45628476544206964,0.5145860095322797,0.5503919749395916,0.5129852898292255,0.45746208366326074,0.4611976093400024,0.5070711561296701,0.46492831481665703,0.5039539023795008,0.414094923746516,0.40431909040993946,0.5525061537604691,0.4560500346609129,0.5153395408542659,0.40631151413015926,0.5402616092119643,0.5066321021891499,0.5550838992071805,0.5343961838519862,0.5063838175827156,0.5031178624573299,0.46896914075385193,0.5791142682974182,0.0,0.5121314430994934,0.46328608249452485,0.42881311074129913,0.49748844010211596,0.5382971243115896,0.50440334935068,0.4655121685665214,0.5265695690073763,0.4753949974778075,0.4793222208538947,0.5414081547064601,0.48731357117606844,0.43738372361185934,0.4612847604229085,0.6003162178492193,0.49618830543590664,0.5093117926704874,0.47902961039947445,0.4583638865329053,0.5062256149695032,0.5022240688970495,0.5543430528130271,0.4268068551208358
PEP,0.49750851940340113,0.5097076904194885,0.6067499033239196,0.5801228716754739,0.4998894299878449,0.4965584180144805,0.397908567037299,0.49363015385212566,0.3709018534762777,0.5025390861135283,0.44907119516076616,0.49634132053089874,0.48564538073330044,0.5590028804634991,0.3480591321039766,0.625506707551643,0.5351544118772197,0.5375346801869809,0.5742601430123067,0.36106874086925306,0.42683028941284956,0.5069254445351316,0.474167236710144,0.5121314430994934,0.0,0.5105911421000657,0.27549861770459333,0.4909407011376998,0.49158401343106345,0.4623156285919271,0.5124610819436729,0.539315561733897,0.5388906260290144,0.5032639408973671,0.5017671889331303,0.5013345902056272,0.51324986548255,0.5303615869306034,0.5291373285001266,0.48022166452880444,0.5429357914017385,0.4916088773582423,0.4426880439981447,0.4737646408080932,0.4812743093099479,0.5181347251515603,0.502461334323539
BAC,0.27658540560808753,0.3538488478834186,0.40654903757745187,0.42270966379954195,0.30221653056088593,0.29316077269193414,0.40867986229921627,0.23650678696606722,0.5330090924609292,0.16429004813918693,0.3337350542678301,0.4266557253242738,0.23322336935855575,0.36979385317463404,0.4439573507236458,0.4160143221142513,0.3518136252448695,0.4258430898022513,0.4636886579881849,0.4541721312637506,0.39313841160709523,0.29080624920115933,0.5279629024659916,0.46328608249452485,0.5105911421000657,0.0,0.45788604939530353,0.4590370123258715,0.5186333130907607,0.3421872789397216,0.3547351955307265,0.5052337390621958,0.4013785184021451,0.3514416731468831,0.4804552024871018,0.35899400879363114,0.373477415596784,0.30704064576893,0.6449919193063778,0.42768310159366085,0.4769636890024334,0.3527488665521071,0.3445574874694307,0.35106483306448366,0.5780276113657582,0.4319124760963235,0.42464372551711826
KO,0.46358901008602355,0.47595255984713697,0.5628052867214147,0.5574817937599096,0.48214885470247487,0.4770748978175944,0.39155878738216154,0.44576494999007843,0.36805626916887973,0.4399141120327815,0.3907641528584953,0.43958012937522983,0.4449704017206381,0.5459424076135339,0.32214329044858775,0.5504259226646288,0.499209553266695,0.507553108585798,0.5366535212800836,0.4070566547380568,0.38158967964957546,0.458031978292178,0.46158166073324186,0.42881311074129913,0.27549861770459333,0.45788604939530353,0.0,0.4420661008478603,0.4256524366492586,0.42055671451657406,0.4788923583233995,0.5148220962755443,0.4785349640205424,0.42096307265853516,0.4916754505133015,0.4343602432257359,0.45176517190113885,0.4981986757631985,0.49461294697465363,0.4475786125127272,0.5113533386213927,0.4548876078872836,0.3997999905699207,0.4231870020459457,0.42722107900864253,0.5214626400356297,0.4461387897728845
XOM,0.46867809482704315,0.4850505161551699,0.5981486590273138,0.5002207156868426,0.425360941645985,0.43526512190536576,0.4627920663896794,0.42436606611644995,0.49636959308280426,0.4158723336536159,0.42543420163058143,0.5080782248265696,0.4429845316471918,0.5099005554129136,0.4363200461123238,0.5688015917098582,0.514897690180461,0.4932659534849171,0.5843263820238935,0.4330384288248348,0.47329846158913524,0.448264581599571,0.5251690386494763,0.49748844010211596,0.4909407011376998,0.4590370123258715,0.4420661008478603,0.0,0.5182194478801454,0.45938204684739076,0.5591929373672628,0.5709956603483357,0.3436566499098763,0.4646384363625951,0.5290365677990532,0.5002489046005805,0.43379009189675927,0.45142382461610114,0.5668285900977114,0.46237955727572344,0.5464614379578355,0.4579760242965629,0.4661027428454564,0.475249781262532,0.5552901867524953,0.487078333560809,0.4833057313790252
WMT,0.5277352646832456,0.5680745203043946,0.5843467732630058,0.5765335383463663,0.5625308431116267,0.5564064550784972,0.48576785943227807,0.5163918065472474,0.48549756548092826,0.5114814062638353,0.4716543957555827,0.5212450270144344,0.5041674153119731,0.5386889998034918,0.4533917239576484,0.549860305792049,0.5502923373999637,0.5530000008172392,0.5441347382591546,0.5232845363349901,0.480043793782599,0.47336384297543627,0.5205300936373333,0.5382971243115896,0.49158401343106345,0.5186333130907607,0.4256524366492586,0.5182194478801454,0.0,0.4751051142401336,0.5919464917631572,0.5598499923404272,0.5431362501160389,0.539095611471325,0.5651134634645537,0.4820837171758781,0.42935305430232323,0.5063114913738078,0.551343465869292,0.4656462465775299,0.46000081903510487,0.5792381458390908,0.435459518075563,0.5408268767087633,0.5679832540479758,0.5685006308798809,0.5284250906218313
ABT,0.3866950228557855,0.46695832399424625,0.4561155375146401,0.48850150974872075,0.3778468794502398,0.3752509288961521,0.35495036425073523,0.3536508953687412,0.5222660790985815,0.3227867958562916,0.3779038409642831,0.48031756135560066,0.32445162543343165,0.4256419430119692,0.4117358838657943,0.4197830510932158,0.43738007740359025,0.43821898304430956,0.46512160769822086,0.4784636882060646,0.3792788238105636,0.34529530390377494,0.5233347960426777,0.50440334935068,0.4623156285919271,0.3421872789397216,0.42055671451657406,0.45938204684739076,0.4751051142401336,0.0,0.4490873599873602,0.5137516896504516,0.4319328149655975,0.35994046345989206,0.5165143216726845,0.40390514998312876,0.3659790040265961,0.3733638897266992,0.5877813426483501,0.3970454092447107,0.44598118476965193,0.38032152020472504,0.29375195724088227,0.3016707495207783,0.6002397075158956,0.521753963480769,0.42164493280019477
CRM,0.307915975538945,0.3860209364791456,0.46043602304303805,0.48985820292445864,0.3635107881188476,0.3582252555188798,0.5094651920052382,0.3506569997518615,0.5621267480137276,0.3845508868542696,0.4401212210308289,0.49196645181806276,0.3606524488923051,0.38889808111472135,0.4904713540313242,0.43885464452134176,0.33726615599457116,0.4185290676127344,0.42074807107421497,0.5182109519463701,0.473369098865691,0.37533168394397526,0.5984052160881205,0.4655121685665214,0.5124610819436729,0.3547351955307265,0.4788923583233995,0.5591929373672628,0.5919464917631572,0.4490873599873602,0.0,0.5352164196424348,0.5016072769889662,0.4033471209645533,0.5560836489262531,0.4188328459772962,0.45784882601209254,0.40007219123019755,0.5802061041619482,0.49871632106258446,0.4955512997828716,0.4283682011134211,0.44366718465897786,0.4451480159973482,0.5837267999578535,0.4147075882011099,0.46874881131524493
ABBV,0.539901742428001,0.5986462201121753,0.6060407498298184,0.5568666860634476,0.5053620212804151,0.5056954174752482,0.46952316414303225,0.5071764308460465,0.598006363589782,0.4823125533480369,0.5145281585900768,0.5000441072204432,0.4882518989714863,0.5442873685363933,0.5351401065286988,0.5800530622357929,0.546384842851834,0.466642216404109,0.5963505556471856,0.49004467211824093,0.37888472766786074,0.5017861850679471,0.5198764648888896,0.5265695690073763,0.539315561733897,0.5052337390621958,0.5148220962755443,0.5709956603483357,0.5598499923404272,0.5137516896504516,0.5352164196424348,0.0,0.5645080004273494,0.5351725674472644,0.5657684789548194,0.43892602353039795,0.5397823018913118,0.4554757928106413,0.6308982329624792,0.45059528385992675,0.5295256997451333,0.516347879085283,0.5118776760524709,0.49624004301238056,0.5920893394305228,0.5006215500954693,0.55877663296209
CVX,0.41124121704362565,0.4166447577354807,0.5284853502643233,0.4903667630159951,0.39603016559309784,0.39992875775186215,0.43259647619198993,0.349919401163209,0.506658878668635,0.3408228034598842,0.337713724749483,0.4728049584278959,0.37747066730425427,0.46810408486955846,0.44256008432673166,0.5155948804581596,0.47368427069705754,0.4571722295286133,0.5010756654844728,0.5023525648385053,0.47017919338367825,0.38822823895063213,0.5643555993520026,0.4753949974778075,0.5388906260290144,0.4013785184021451,0.4785349640205424,0.3436566499098763,0.5431362501160389,0.4319328149655975,0.5016072769889662,0.5645080004273494,0.0,0.415052853450663,0.48484462352212365,0.4931577798281504,0.42641438209616583,0.41146748684544926,0.645272856636808,0.47275792761035934,0.5533984396812333,0.3578869570086077,0.4408790894532086,0.44702015049835564,0.5801761817324694,0.48465901632247466,0.47052049898689785
TMO,0.35559363696152285,0.41887499720145,0.4510001718847175,0.5174544343402652,0.36679111296365213,0.35905731365344806,0.47735009899046543,0.3446117861201984,0.5386372478789201,0.3186083776956512,0.40801059081239416,0.4419626453092525,0.3613410755794364,0.4482076434673592,0.45656997755833234,0.4981250536991314,0.39294126154932013,0.4640910782374707,0.4281115815186075,0.5031509203920738,0.459037402662485,0.4184953817342312,0.5478102025566005,0.4793222208538947,0.5032639408973671,0.3514416731468831,0.42096307265853516,0.4646384363625951,0.539095611471325,0.35994046345989206,0.4033471209645533,0.5351725674472644,0.415052853450663,0.0,0.5010103058019282,0.45466336152884257,0.44747258028839104,0.37462713373652856,0.5898426552206596,0.5180597365698075,0.5201479787524317,0.38458970538842685,0.36176684834795575,0.3498974729788182,0.5829316967411111,0.44979787760108086,0.4066560349682182
MCD,0.4890420495879969,0.5054021945081,0.5832246142551023,0.5393724686839286,0.5020179666694096,0.48769863985502293,0.4946132190573865,0.4552966655213813,0.5691380424566552,0.4500605424311998,0.44832324934335654,0.42276713499843627,0.48959919191260937,0.5612235831935368,0.5019220569288919,0.5900780878559646,0.5254659324269915,0.5514378780023304,0.5613711760313325,0.527083894086952,0.45620878068947657,0.5175051224848427,0.5382867462355618,0.5414081547064601,0.5017671889331303,0.4804552024871018,0.4916754505133015,0.5290365677990532,0.5651134634645537,0.5165143216726845,0.5560836489262531,0.5657684789548194,0.48484462352212365,0.5010103058019282,0.0,0.49128316154850843,0.5599300300189934,0.5506479421187193,0.575049911186466,0.48967657975146406,0.5854612377172507,0.48112089162539107,0.5140530420537963,0.4565350289802832,0.591659519191903,0.5416640344156288,0.5159837389981959
AMGN,0.393134072790762,0.4620221515233806,0.4556576874169019,0.4984105105630428,0.4197368650241985,0.40842674800388074,0.40725920203767974,0.42554575986129245,0.5166817895622177,0.3571171370698041,0.3843980756905938,0.41935061750284963,0.4094276856758511,0.4182569169203726,0.48479944217017723,0.4189474370951979,0.41131654411337215,0.42504260355368895,0.49642357447921465,0.5089872359547271,0.33098078036047013,0.3493273364217218,0.4819987122388424,0.48731357117606844,0.5013345902056272,0.35899400879363114,0.4343602432257359,0.5002489046005805,0.4820837171758781,0.40390514998312876,0.4188328459772962,0.43892602353039795,0.4931577798281504,0.45466336152884257,0.49128316154850843,0.0,0.39302743464589124,0.42808078031401153,0.596332392582372,0.36783666248309793,0.4017636752367749,0.46004233100679615,0.41663895116433514,0.37299735979013826,0.49584714240491634,0.4086677877559716,0.493439275629583
COST,0.3425876534954297,0.41720846413119905,0.44175517452773866,0.5133688486353435,0.3850319593080378,0.38366587424811105,0.42825139159371733,0.3590214518000679,0.4807498606564184,0.35812746086251257,0.34702883263444556,0.5224725495234787,0.347966380141023,0.3975600006825734,0.4473384167050459,0.41646662562158826,0.3881852291158543,0.4435372766325188,0.4899411066341724,0.4839836232646777,0.43277673612128814,0.31291703361799234,0.5278224655474036,0.43738372361185934,0.51324986548255,0.373477415596784,0.45176517190113885,0.43379009189675927,0.42935305430232323,0.3659790040265961,0.45784882601209254,0.5397823018913118,0.42641438209616583,0.44747258028839104,0.5599300300189934,0.39302743464589124,0.0,0.36421631853041014,0.5783720376021778,0.42067840941195656,0.45700024349930535,0.4454362694253962,0.3812855855902194,0.4482596965415652,0.5814021027984713,0.42865388504021773,0.44663707644421596
ACN,0.33256137903058397,0.40867768088743894,0.4478157975309261,0.47799306356852966,0.330187737377351,0.3273538896786405,0.4197839944222739,0.30414413427126485,0.5480484756052515,0.2815730067850116,0.3764982958101266,0.46648257397885284,0.277090832011315,0.3666863267942573,0.5128687293122177,0.4761385808572463,0.37446264642704064,0.4093567834034958,0.4389900978602502,0.4929830785324231,0.43695045212671324,0.3102542925315913,0.5787644034011147,0.4612847604229085,0.5303615869306034,0.30704064576893,0.4981986757631985,0.45142382461610114,0.5063114913738078,0.3733638897266992,0.40007219123019755,0.4554757928106413,0.41146748684544926,0.37462713373652856,0.5506479421187193,0.42808078031401153,0.36421631853041014,0.0,0.6252377505166381,0.45936824087930794,0.4523132800179946,0.37588464892926854,0.3346135390009291,0.39129495416055005,0.6040620430174338,0.4072636693234599,0.39885045863462654
NEE,0.5667911183920459,0.608853232999226,0.6197751749161744,0.6033997723918773,0.5962116170895281,0.5891955495782747,0.6303461290967953,0.5836924748782688,0.6097386305729047,0.6457635763856746,0.5954331542271292,0.6300829913089454,0.5724488714262773,0.6243311184623254,0.5518700272859325,0.6217912308560783,0.5716054753534507,0.5533934585997079,0.5199510866499231,0.6021113150890253,0.5613624323289811,0.587891594316432,0.5998512437527795,0.6003162178492193,0.5291373285001266,0.6449919193063778,0.49461294697465363,0.5668285900977114,0.551343465869292,0.5877813426483501,0.5802061041619482,0.6308982329624792,0.645272856636808,0.5898426552206596,0.575049911186466,0.596332392582372,0.5783720376021778,0.6252377505166381,0.0,0.5939026961119378,0.5845625733750638,0.6006026967007334,0.586255012791336,0.5925113159484313,0.619112749745513,0.5549609393363423,0.605426108022631
LLY,0.44480521358065545,0.487064692967819,0.5774996460983746,0.4848216176686575,0.4281050151394497,0.4257241671496263,0.30188410152843737,0.42529062861863826,0.4803827856400046,0.40436333914174133,0.42763808007498777,0.45886110417344744,0.42993140286799997,0.49204042925252556,0.4365987390938293,0.5347329505502131,0.4690407714289454,0.46570518257461013,0.5663280225088863,0.4360694445913341,0.27849983163956304,0.40811670266559036,0.4703745298654548,0.49618830543590664,0.48022166452880444,0.42768310159366085,0.4475786125127272,0.46237955727572344,0.4656462465775299,0.3970454092447107,0.49871632106258446,0.45059528385992675,0.47275792761035934,0.5180597365698075,0.48967657975146406,0.36783666248309793,0.42067840941195656,0.45936824087930794,0.5939026961119378,0.0,0.42474177825497056,0.4377027882868717,0.39257715375927943,0.3766251721304481,0.5223182193991859,0.4549181948858495,0.4774996739288031
BMY,0.48404469265627253,0.5232505131160089,0.5587907004929469,0.5586270038815992,0.5207529865947612,0.5108848265489035,0.5005689265865496,0.4891730968204749,0.5371819669716401,0.4605229727950918,0.503685707216449,0.5637758081297137,0.47573942219724874,0.49982629125591405,0.5279825247037176,0.5118927970591408,0.46797950540265887,0.5140967088635714,0.55395208245899,0.5406521379245929,0.46235084394349546,0.39072549673419843,0.6070584915398382,0.5093117926704874,0.5429357914017385,0.4769636890024334,0.5113533386213927,0.5464614379578355,0.46000081903510487,0.44598118476965193,0.4955512997828716,0.5295256997451333,0.5533984396812333,0.5201479787524317,0.5854612377172507,0.4017636752367749,0.45700024349930535,0.4523132800179946,0.5845625733750638,0.42474177825497056,0.0,0.5512205259434817,0.4723863495736329,0.47707217990235007,0.5542557660330706,0.5198669248417833,0.5164127345436629
LIN,0.3379812514297437,0.3750334895834962,0.44817188581374273,0.44587929637310725,0.3230910427387711,0.3187517506480074,0.4060315494714862,0.34485505164793495,0.512639403064101,0.33071678804870663,0.38276787666294493,0.4671461895904756,0.3381318200999704,0.419757346128773,0.4835812075842268,0.5017923882755612,0.41267036870560936,0.4444614858943358,0.43736282255894754,0.4913806847035072,0.4152969281412835,0.4017601054164368,0.5858388149821083,0.47902961039947445,0.4916088773582423,0.3527488665521071,0.4548876078872836,0.4579760242965629,0.5792381458390908,0.38032152020472504,0.4283682011134211,0.516347879085283,0.3578869570086077,0.38458970538842685,0.48112089162539107,0.46004233100679615,0.4454362694253962,0.37588464892926854,0.6006026967007334,0.4377027882868717,0.5512205259434817,0.0,0.3595172958786068,0.34910361598540285,0.5538223713588376,0.43646105834751736,0.44200572159493845
MDT,0.39193380157036245,0.4476098713620741,0.4606062515949207,0.4626231736253811,0.38380314137076194,0.3804124454539896,0.3632059952805214,0.36429640122342066,0.46913034704475676,0.3363661841397415,0.39989481261828663,0.4621302796879841,0.3473869854734714,0.4471143727229805,0.43178544590604395,0.48661197243139614,0.4691050717620411,0.4392921427663027,0.4584128594612062,0.44725897384311286,0.3792527762520157,0.34750790872066895,0.49696558771336474,0.4583638865329053,0.4426880439981447,0.3445574874694307,0.3997999905699207,0.4661027428454564,0.435459518075563,0.29375195724088227,0.44366718465897786,0.5118776760524709,0.4408790894532086,0.36176684834795575,0.5140530420537963,0.41663895116433514,0.3812855855902194,0.3346135390009291,0.586255012791336,0.39257715375927943,0.4723863495736329,0.3595172958786068,0.0,0.3173463891371521,0.5726657139782219,0.4801958005943348,0.4104744614339149
DHR,0.3907924101625383,0.4725134250415735,0.4774174915949889,0.4481477071540823,0.35700120722851025,0.34708390143746537,0.34144322857598103,0.3794429237987528,0.5317983432900931,0.33987924513338913,0.406020781756431,0.4266559476222939,0.35236631627315174,0.44093862440947584,0.46585723350866487,0.48015098182961563,0.42505952822289284,0.46930500593435504,0.5039065376918005,0.48548284665657726,0.3630952189150112,0.3887920750809486,0.5001612403529687,0.5062256149695032,0.4737646408080932,0.35106483306448366,0.4231870020459457,0.475249781262532,0.5408268767087633,0.3016707495207783,0.4451480159973482,0.49624004301238056,0.44702015049835564,0.3498974729788182,0.4565350289802832,0.37299735979013826,0.4482596965415652,0.39129495416055005,0.5925113159484313,0.3766251721304481,0.47707217990235007,0.34910361598540285,0.3173463891371521,0.0,0.5508840278584891,0.47297160785867787,0.4283297023460453
