,MSFT,AAPL,AMZN,FB,GOOGL,GOOG,JNJ,V,PG,JPM,HD,UNH,MA,NVDA,VZ,NFLX,ADBE,INTC,PYPL,T,PFE,CSCO,MRK,CMCSA,PEP,BAC,KO,XOM,WMT,ABT,CRM,ABBV,CVX,TMO,MCD,AMGN,COST,ACN,NEE,LLY,BMY,LIN,MDT,DHR,PM,TXN,NKE
MSFT,0.0,0.4791299982952013,0.3756199766408013,0.40855692148165534,0.3302225697869686,0.33348092370172866,0.6320424209434148,0.37380721434181663,0.6176799422723147,0.5217296738312484,0.5535294498308485,0.6398164567440012,0.32812465326522505,0.45539121287126283,0.6235589815578013,0.5117605199565023,0.41194982265929764,0.4591909251063689,0.38528687311397614,0.6461944231405988,0.6039189846952967,0.5692885897876422,0.5387138702979132,0.5340229466279842,0.5550241081567062,0.5535014712696745,0.6117923607259458,0.5843973545317136,0.5632862160968124,0.4099369863777217,0.47845395877755015,0.557726569900035,0.5962375496842542,0.47471681257875553,0.5582562084194486,0.5423383127877122,0.5826253058853346,0.4327101928020354,0.6926617426538529,0.5450725971478317,0.5788847963323991,0.4600085152299702,0.5036115814268445,0.4775160814580747,0.6897861482356776,0.5137373811819187,0.49931102211206646
AAPL,0.4791299982952013,0.0,0.49658066156587266,0.5050006043786464,0.40854232522035516,0.4084453370715242,0.6520480103613739,0.5319016271849745,0.630798145569039,0.47615458736682287,0.5228619085815601,0.6740345960631994,0.5352124177209718,0.4661283321425721,0.5724870214240932,0.5857861951380522,0.5752577188188402,0.44570768471784006,0.5740086292256991,0.5460754061098768,0.6018452989200384,0.5220957424095481,0.6331052511222464,0.4869562599445607,0.5584860313065323,0.4995430964808839,0.601166203792133,0.49404124352467027,0.5714413315620623,0.5272239251979415,0.5780977829801383,0.5575039692703724,0.5206169863584076,0.4913723575854398,0.6372026838332151,0.6072680779954667,0.6677607377402531,0.5540577137739188,0.6994366671779504,0.6045191409274229,0.48958578474178077,0.5684726166879311,0.5845006054357205,0.5430256652996504,0.5707275930683046,0.5211528881514768,0.5113395267772206
AMZN,0.3756199766408013,0.49658066156587266,0.0,0.40964495180588784,0.41433301427850666,0.409312316332489,0.6208147075291509,0.45624244863482677,0.6437195043991465,0.46902728780692865,0.5757393308032899,0.627726217677231,0.4362532020983454,0.40320310904701995,0.6355725265483049,0.48137072553282967,0.5377306237029205,0.5107651079333103,0.4935221917214215,0.6570611740502187,0.6009936046633927,0.5560459947316997,0.6229592641562007,0.4945132920443314,0.5893943134500192,0.5079926291687573,0.6436987159218405,0.5655507247252995,0.5585722838578031,0.5214322366849066,0.5863325970743963,0.6220035106818773,0.6180687758533057,0.5665303925122331,0.6067409139794621,0.5879407980687108,0.6188059387696928,0.5116300772200393,0.6845933080850598,0.6141271323965753,0.6022996981545248,0.5419418214180988,0.6131613296207578,0.6045538352903824,0.6505414869923037,0.4949327807413668,0.5187891502369667
FB,0.40855692148165534,0.5050006043786464,0.40964495180588784,0.0,0.4588780469574184,0.45485037754656205,0.6259018937550765,0.49618509092641044,0.6892320886040645,0.5240985780288528,0.6484501270499209,0.6188305120539918,0.47375217559036087,0.4611586103870889,0.6871789243264045,0.5217638227412764,0.5244703484580475,0.5023238789332821,0.5326992692009821,0.6583198038210398,0.5975528272233714,0.5627012119524073,0.5667432052131078,0.4797260093470664,0.6322965495627162,0.5308419683418655,0.6721267322172506,0.5844123709699172,0.6280809727503398,0.5095025158814789,0.5097355240346783,0.6412535303398099,0.6027502676887898,0.5082565301794845,0.5845618681719187,0.5775174262566543,0.6626073781210331,0.5340176721077485,0.6426260286763018,0.6414205589570807,0.6512571271120716,0.5249763828970002,0.5794050715301393,0.5662852976835,0.7000877203644404,0.5439382046846891,0.6157248909523416
GOOGL,0.3302225697869686,0.40854232522035516,0.41433301427850666,0.4588780469574184,0.0,0.028990461930557418,0.6221370202676091,0.47139927939772946,0.667096202737389,0.4144372602831507,0.5068254656985596,0.5920119711307835,0.4810402717032895,0.4367750578846067,0.5676675037942842,0.5409612513981734,0.508141401036246,0.45699672679984266,0.5123496547771162,0.5675989257144807,0.5921472011732122,0.5497527213171349,0.6322367792098995,0.5162903533071699,0.5950772712407236,0.42598516452746216,0.6238680104457287,0.4677362047724954,0.5733318558221069,0.4176312031024111,0.5283948216628411,0.5523968258359861,0.508044505214266,0.45640958417141997,0.6380946125466085,0.5758627937036465,0.591388479974009,0.50073761448156,0.6409908164712353,0.580966608346038,0.5246434182590844,0.49172893146581714,0.5630298004914073,0.5069685784652276,0.6566764873540956,0.5260731710060585,0.48298141023670876
GOOG,0.33348092370172866,0.4084453370715242,0.409312316332489,0.45485037754656205,0.028990461930557418,0.0,0.6251700493407861,0.4698127500963377,0.6704255418668754,0.41044735487407474,0.5134229171716569,0.5860289136877995,0.481631652605655,0.4348456781149337,0.5681388111420803,0.5466132265563645,0.5102474381960513,0.45976208571053184,0.5157816319253722,0.5709636502569826,0.588709684922443,0.5474017162608921,0.6319907118266492,0.5129172891423847,0.5990844577824425,0.4230833687689338,0.6245265762400478,0.4675353652043064,0.5741845883272731,0.4223165398910316,0.5279780380787708,0.5554488399591807,0.5057683630856104,0.45638868364321944,0.6417956478361316,0.5760618894754699,0.5966280938929895,0.5050735713408643,0.6405016415394542,0.5794617280381426,0.5270074878261268,0.49286763215410995,0.5676955792981485,0.510049316001172,0.6555865644586646,0.5250554574182698,0.48823931554436745
JNJ,0.6320424209434148,0.6520480103613739,0.6208147075291509,0.6259018937550765,0.6221370202676091,0.6251700493407861,0.0,0.6942373584340639,0.7002592258757817,0.6500668176992324,0.7018696305328577,0.6029971000383137,0.6845361711906516,0.6734303322450867,0.6536794057847771,0.5875150865627858,0.6835753025517312,0.646139741076354,0.6847723848405182,0.6533292617107544,0.6386526172385542,0.6063625966627808,0.6883039681852922,0.6243543706669183,0.6612433785587994,0.6719172406252821,0.6708419790007712,0.6958456668430953,0.6805110612260216,0.6393780668011846,0.6765078614282019,0.6723149057530725,0.6982060515824379,0.634289177104488,0.6900934393938158,0.647613444885281,0.6600480741596895,0.7035653871939244,0.7023634721917734,0.6396881013645467,0.6315770505268633,0.6516958252788136,0.6207663016078906,0.6146748095175459,0.694719062914253,0.6854427051948155,0.704217987054111
V,0.37380721434181663,0.5319016271849745,0.45624244863482677,0.49618509092641044,0.47139927939772946,0.4698127500963377,0.6942373584340639,0.0,0.5901031871749396,0.610051010477327,0.6122791586792337,0.6983032531647652,0.1966633851744053,0.540200767267879,0.6208443415985082,0.5590313115748676,0.4626870405439475,0.5208590445088727,0.3148238742483534,0.6622944639761259,0.6277552435809457,0.6425322902474342,0.5245585877854274,0.5415598480024177,0.5169026716350276,0.6526236092634323,0.559554495518013,0.63430600743654,0.5991564869587009,0.4996056065875563,0.5215290176576329,0.6398187221583899,0.6875163191795396,0.5093447480543111,0.5485735858298819,0.4816931249528711,0.5802017493889362,0.3960985964177737,0.703763407250625,0.5894519429289536,0.6219269083847405,0.554012544391887,0.5071620993904914,0.5223314531167046,0.700654564806907,0.5527700262039251,0.5601719903922734
PG,0.6176799422723147,0.630798145569039,0.6437195043991465,0.6892320886040645,0.667096202737389,0.6704255418668754,0.7002592258757817,0.5901031871749396,0.0,0.6839926378697272,0.6202673269127971,0.6321575877982907,0.5910136913715361,0.6783175741313823,0.5794342651533608,0.6695095153090117,0.6402653248584751,0.6872882169238015,0.6102050912941969,0.6868792810101912,0.6485133272761836,0.649149076188726,0.5823307884637975,0.6226767467232205,0.40332904810924414,0.6935105876151547,0.4564442695613388,0.6851478119317123,0.5408303000597091,0.6094429341838197,0.6876647728402215,0.6288263025281641,0.6448581219193741,0.5907588680140928,0.553341904460756,0.5740229065800203,0.6188147667890586,0.538856197216597,0.43806335341032265,0.6208220203140368,0.5238483229695223,0.6573019489446587,0.5617290025120247,0.5505680980802706,0.6991206183040265,0.6994135532613872,0.617029769506632
JPM,0.5217296738312484,0.47615458736682287,0.46902728780692865,0.5240985780288528,0.4144372602831507,0.41044735487407474,0.6500668176992324,0.610051010477327,0.6839926378697272,0.0,0.5193022564132088,0.533804234191922,0.6097177823217811,0.4504446458490142,0.5737246948786183,0.5890424626976839,0.6410051962137785,0.46739658661917605,0.6201210723450448,0.5853815849726666,0.534579789903712,0.5262051787394071,0.7059243599276293,0.480482633432049,0.6684945315879794,0.22136777422606146,0.7031085129957003,0.39985135512323183,0.552590598644886,0.5630295219997941,0.6061425036393763,0.5735222782813978,0.4906350491159968,0.5034854270616601,0.7010804200904553,0.6179357447184065,0.6680412002505607,0.5986991053798018,0.6090541750132833,0.6115642059498997,0.579457557984053,0.5610562673407413,0.6436062113297074,0.62175496830937,0.6437330973128953,0.5214886925514638,0.5622386943828696
HD,0.5535294498308485,0.5228619085815601,0.5757393308032899,0.6484501270499209,0.5068254656985596,0.5134229171716569,0.7018696305328577,0.6122791586792337,0.6202673269127971,0.5193022564132088,0.0,0.6601617699689556,0.607719661577763,0.523316744109339,0.5849280169916818,0.6140359232270245,0.6859941566806403,0.552140572128139,0.6244629871689997,0.5055334598678128,0.6402272280603153,0.6485041463333565,0.6900449051846858,0.596708552869473,0.5984842436941741,0.5673008638201581,0.6144199111914672,0.6143925823614441,0.5507470147130841,0.573267130816797,0.6550971116218848,0.5984361344318497,0.6160105847766391,0.6068305813324607,0.6231681874749355,0.6695763480865168,0.5689302438103776,0.5808614834676082,0.6966218936413276,0.6394141718513485,0.5439971791479027,0.5645942770458636,0.6055075683261613,0.6502681096374596,0.6304435539230673,0.558791622186783,0.490892034844164
UNH,0.6398164567440012,0.6740345960631994,0.627726217677231,0.6188305120539918,0.5920119711307835,0.5860289136877995,0.6029971000383137,0.6983032531647652,0.6321575877982907,0.533804234191922,0.6601617699689556,0.0,0.7010813244278485,0.6356499044050117,0.6081208128487794,0.647176520653348,0.69896339387133,0.6612746274977516,0.6950196547017082,0.6105669646799374,0.5618272607797821,0.634539964828245,0.671479021291896,0.674425671851057,0.6626029869990606,0.5795009355018664,0.6959689021775821,0.6364924136734625,0.6818826937525827,0.5691764434960048,0.6440450365994066,0.6640788346503745,0.6567006072299764,0.6292286222226162,0.6749921474716688,0.6142521445073006,0.6627027488840925,0.703179744111917,0.6507306179035406,0.5880890440880043,0.6220721666457876,0.6336332058403363,0.6296227172110423,0.6267105212613115,0.6625851089128215,0.6553784671332585,0.694937626049147
MA,0.32812465326522505,0.5352124177209718,0.4362532020983454,0.47375217559036087,0.4810402717032895,0.481631652605655,0.6845361711906516,0.1966633851744053,0.5910136913715361,0.6097177823217811,0.607719661577763,0.7010813244278485,0.0,0.5390237285350711,0.6338717605912175,0.5182788389842246,0.48093846847502275,0.5254275056368498,0.30518895622756664,0.6761180606414116,0.6341017776628204,0.6338331632526852,0.48625721757854495,0.5397494460588077,0.5277433481821414,0.6443959821345694,0.5715787741135878,0.6534514822918343,0.6007379074803734,0.47200139065379143,0.5415999765940241,0.6082056794876618,0.6844437090713918,0.5089450786576688,0.5068830756976732,0.5054405126555765,0.5820435806175981,0.36891471534294396,0.6929686968194461,0.6048396993921297,0.6321659561205464,0.5123637872137193,0.47454878066344,0.49512295848446564,0.6994376129387037,0.5280354952534706,0.5191803407516877
NVDA,0.45539121287126283,0.4661283321425721,0.40320310904701995,0.4611586103870889,0.4367750578846067,0.4348456781149337,0.6734303322450867,0.540200767267879,0.6783175741313823,0.4504446458490142,0.523316744109339,0.6356499044050117,0.5390237285350711,0.0,0.6344123343035059,0.5392923006932758,0.5563793149936628,0.39281154329160023,0.5462135805605265,0.6250051110000218,0.6352002159595648,0.5462287168549399,0.7068442867428696,0.5002754759688997,0.6655979719721647,0.47094794158150005,0.6993660209859687,0.5345845946169469,0.5919883438355191,0.5554597270074095,0.5614321132506012,0.6170704618762328,0.5334121985367349,0.5892998813479337,0.6731503089892291,0.6571365631679517,0.6247611816733077,0.6119299605386821,0.6084106063403977,0.6384884191872361,0.624610719795617,0.57804957163075,0.6988371281600876,0.6873084349462845,0.6395297764389142,0.4579496879146,0.5168112498678071
VZ,0.6235589815578013,0.5724870214240932,0.6355725265483049,0.6871789243264045,0.5676675037942842,0.5681388111420803,0.6536794057847771,0.6208443415985082,0.5794342651533608,0.5737246948786183,0.5849280169916818,0.6081208128487794,0.6338717605912175,0.6344123343035059,0.0,0.6869745794683099,0.6700213464978965,0.6153046332878888,0.6315776792270614,0.5637852191652994,0.5400756137855081,0.5945882236085974,0.5696573978601925,0.5926760154954086,0.5457654491370654,0.6017032343699605,0.5046966774088965,0.620120204945784,0.5860517006185484,0.48006967995799593,0.6459847919752516,0.5855531897215704,0.6308042233911989,0.5427574627015413,0.6130337519563873,0.6063277989346306,0.5598027385987762,0.5664885017048921,0.6444712605774605,0.5603828577269806,0.47746571005777694,0.5331980843287901,0.5078951781223248,0.5318733595320375,0.6865222635194356,0.6241724393675726,0.6039139315702677
NFLX,0.5117605199565023,0.5857861951380522,0.48137072553282967,0.5217638227412764,0.5409612513981734,0.5466132265563645,0.5875150865627858,0.5590313115748676,0.6695095153090117,0.5890424626976839,0.6140359232270245,0.647176520653348,0.5182788389842246,0.5392923006932758,0.6869745794683099,0.0,0.5812177639850697,0.5455830050454122,0.5537852714120038,0.699949144532496,0.6484523609107095,0.6961357258330667,0.6843051105148487,0.6194817442922238,0.6693357513885622,0.5774633972393654,0.6925700640655841,0.6353808806606421,0.6651910765291371,0.6282298335834379,0.6186104881601661,0.6819426031089162,0.6802310284533759,0.6020643442139939,0.6600130312633224,0.6448699904951714,0.6703314275808238,0.6143291193211817,0.6271817240000019,0.7005712132931203,0.6985760576515301,0.6019165319868769,0.6433386494682332,0.6566432561530979,0.6690149239601096,0.6186311837832813,0.5829227335241395
ADBE,0.41194982265929764,0.5752577188188402,0.5377306237029205,0.5244703484580475,0.508141401036246,0.5102474381960513,0.6835753025517312,0.4626870405439475,0.6402653248584751,0.6410051962137785,0.6859941566806403,0.69896339387133,0.48093846847502275,0.5563793149936628,0.6700213464978965,0.5812177639850697,0.0,0.5462722739383394,0.44283224505468427,0.6890111219198944,0.6779765441236641,0.6073272744971802,0.5623042143362441,0.621187196546703,0.6002187981898188,0.6307995606008302,0.6516248677108347,0.5731775445212067,0.6283352917079367,0.5216662701535862,0.4597433026926413,0.6446290643056636,0.643582361764725,0.5744266951700575,0.5605605499404616,0.5390064579834574,0.624509865285592,0.4852872428289687,0.6958685865878849,0.6381999347737267,0.6297987610858465,0.5701939213004467,0.615707738333124,0.5808892860074314,0.6794419799472929,0.5807516148992292,0.5716973927207966
INTC,0.4591909251063689,0.44570768471784006,0.5107651079333103,0.5023238789332821,0.45699672679984266,0.45976208571053184,0.646139741076354,0.5208590445088727,0.6872882169238015,0.46739658661917605,0.552140572128139,0.6612746274977516,0.5254275056368498,0.39281154329160023,0.6153046332878888,0.5455830050454122,0.5462722739383394,0.0,0.5233012137239706,0.6098572990832861,0.5908270891076208,0.5006389734503027,0.6633393066873023,0.4441153572796005,0.6203556417190611,0.4760209726014917,0.700967206267711,0.5235669884825598,0.5847001907945625,0.5178748829078513,0.5830238659906697,0.6202674114931293,0.523902063263886,0.5397939349303194,0.6502362625463299,0.6387622299207506,0.6276120639257965,0.5881020038790877,0.6500412042584587,0.5744586804331011,0.5815279022344371,0.5285571047076973,0.6077541179703517,0.6018536418124205,0.6562810862618124,0.4313467289898848,0.541537903619533
PYPL,0.38528687311397614,0.5740086292256991,0.4935221917214215,0.5326992692009821,0.5123496547771162,0.5157816319253722,0.6847723848405182,0.3148238742483534,0.6102050912941969,0.6201210723450448,0.6244629871689997,0.6950196547017082,0.30518895622756664,0.5462135805605265,0.6315776792270614,0.5537852714120038,0.44283224505468427,0.5233012137239706,0.0,0.6469710535209938,0.6798042211283997,0.6667282882811629,0.5593530643391829,0.591606309057627,0.5759586709533314,0.6454085336540406,0.6152315538934233,0.6753717991155189,0.6439543833181776,0.4898661660873653,0.4905093863178411,0.6238934861793002,0.6900108425696948,0.5607615239484901,0.592389643833757,0.5659781037442299,0.63499556912846,0.4365349958140066,0.6866919674822852,0.6118473198574278,0.6451023321587026,0.547412423530696,0.532747553230608,0.5520309332441294,0.7005393254818846,0.5614096936445873,0.5832560651171301
T,0.6461944231405988,0.5460754061098768,0.6570611740502187,0.6583198038210398,0.5675989257144807,0.5709636502569826,0.6533292617107544,0.6622944639761259,0.6868792810101912,0.5853815849726666,0.5055334598678128,0.6105669646799374,0.6761180606414116,0.6250051110000218,0.5637852191652994,0.699949144532496,0.6890111219198944,0.6098572990832861,0.6469710535209938,0.0,0.5858334557985387,0.588052809020594,0.6895389103932498,0.6532095621424956,0.6778997482156819,0.5996253161589844,0.6751909451292759,0.6188550744260344,0.6390086805849866,0.5919152476676306,0.6428228371506686,0.5412613989655551,0.6273177600543051,0.6415012874847728,0.6889940487319774,0.6993496266476855,0.681591998463642,0.6998706869196971,0.6728929259299635,0.5936441085840723,0.5311196598978934,0.6061637836178669,0.6154253614982016,0.6655566289625388,0.6168571046998874,0.6237449761040195,0.6235662993735721
PFE,0.6039189846952967,0.6018452989200384,0.6009936046633927,0.5975528272233714,0.5921472011732122,0.588709684922443,0.6386526172385542,0.6277552435809457,0.6485133272761836,0.534579789903712,0.6402272280603153,0.5618272607797821,0.6341017776628204,0.6352002159595648,0.5400756137855081,0.6484523609107095,0.6779765441236641,0.5908270891076208,0.6798042211283997,0.5858334557985387,0.0,0.55516875173884,0.5363455648425605,0.6294553183786276,0.5770951376925381,0.5379655996026366,0.6010689753161569,0.5762916446271483,0.6930132540268302,0.5184948903662572,0.6147238699246852,0.5537699587300293,0.6398014998463012,0.4943955169544942,0.6456634973769632,0.5686155805027746,0.6802202283994659,0.6309731289146359,0.6809158834356197,0.5139839881715356,0.5050706647025978,0.6050021464459775,0.5056980110746848,0.5350765214653512,0.6331356794227923,0.6426661445899299,0.6561493242476477
CSCO,0.5692885897876422,0.5220957424095481,0.5560459947316997,0.5627012119524073,0.5497527213171349,0.5474017162608921,0.6063625966627808,0.6425322902474342,0.649149076188726,0.5262051787394071,0.6485041463333565,0.634539964828245,0.6338331632526852,0.5462287168549399,0.5945882236085974,0.6961357258330667,0.6073272744971802,0.5006389734503027,0.6667282882811629,0.588052809020594,0.55516875173884,0.0,0.6118485413567807,0.5501838747462778,0.6234900271349754,0.5203237119189007,0.6837497448970464,0.5644139043021243,0.614928889581179,0.5151136352336059,0.6399672828132705,0.5759884285835298,0.5535992637586037,0.56804883623836,0.603058084215614,0.6234563461118147,0.6407610992831467,0.6172617537235687,0.685412417438761,0.5619090849340923,0.5269309971343635,0.5643500096332046,0.6216809511557538,0.536830502790324,0.6496251928749989,0.5170201348634481,0.5622191786627622
MRK,0.5387138702979132,0.6331052511222464,0.6229592641562007,0.5667432052131078,0.6322367792098995,0.6319907118266492,0.6883039681852922,0.5245585877854274,0.5823307884637975,0.7059243599276293,0.6900449051846858,0.671479021291896,0.48625721757854495,0.7068442867428696,0.5696573978601925,0.6843051105148487,0.5623042143362441,0.6633393066873023,0.5593530643391829,0.6895389103932498,0.5363455648425605,0.6118485413567807,0.0,0.6376086935416502,0.5293797794258747,0.690274796730791,0.47181841645067923,0.7001135797613458,0.7069958464871255,0.41497059346612813,0.5756315860404123,0.5950138834851159,0.6972069088211831,0.4678181005770571,0.44402403070451524,0.5323588048437529,0.663227482299982,0.4019692519872291,0.5986198430131182,0.5792224362163729,0.5397146827478688,0.4820462925491439,0.3903340622002378,0.4046070379972787,0.6832880916658575,0.6476433318841062,0.6499531493879369
CMCSA,0.5340229466279842,0.4869562599445607,0.4945132920443314,0.4797260093470664,0.5162903533071699,0.5129172891423847,0.6243543706669183,0.5415598480024177,0.6226767467232205,0.480482633432049,0.596708552869473,0.674425671851057,0.5397494460588077,0.5002754759688997,0.5926760154954086,0.6194817442922238,0.621187196546703,0.4441153572796005,0.591606309057627,0.6532095621424956,0.6294553183786276,0.5501838747462778,0.6376086935416502,0.0,0.5971552662472086,0.4985079925332472,0.6595434363141776,0.5800226410694702,0.5155776704250323,0.5522752137904757,0.6383903547470333,0.6385816656666654,0.5866397770466487,0.5690915003261332,0.5835583418400735,0.5671041431137883,0.5836932788609102,0.5709612589774566,0.6617462312050997,0.6438712013366283,0.5472428817720442,0.551921158919867,0.625273347776804,0.6012836358334549,0.6991411550533604,0.504750721829923,0.5656473064392404
PEP,0.5550241081567062,0.5584860313065323,0.5893943134500192,0.6322965495627162,0.5950772712407236,0.5990844577824425,0.6612433785587994,0.5169026716350276,0.40332904810924414,0.6684945315879794,0.5984842436941741,0.6626029869990606,0.5277433481821414,0.6655979719721647,0.5457654491370654,0.6693357513885622,0.6002187981898188,0.6203556417190611,0.5759586709533314,0.6778997482156819,0.5770951376925381,0.6234900271349754,0.5293797794258747,0.5971552662472086,0.0,0.7055978292312178,0.33293137680879475,0.661589426324848,0.5326400204416216,0.5261294213979375,0.6481411155870841,0.5894576630483629,0.6823058376020003,0.5439990996479351,0.5491210533541058,0.5375303195813843,0.5629102044852884,0.4967507217773388,0.4962574938809288,0.5962755341072138,0.5081868505685598,0.596199804837227,0.483321472155734,0.5016201172279704,0.7030368010975289,0.6188146931360774,0.5799309489315669
BAC,0.5535014712696745,0.4995430964808839,0.5079926291687573,0.5308419683418655,0.42598516452746216,0.4230833687689338,0.6719172406252821,0.6526236092634323,0.6935105876151547,0.22136777422606146,0.5673008638201581,0.5795009355018664,0.6443959821345694,0.47094794158150005,0.6017032343699605,0.5774633972393654,0.6307995606008302,0.4760209726014917,0.6454085336540406,0.5996253161589844,0.5379655996026366,0.5203237119189007,0.690274796730791,0.4985079925332472,0.7055978292312178,0.0,0.6675853749805631,0.3812509420093908,0.5937075005428728,0.5745398451412006,0.6408017118397944,0.588648192593515,0.45173716752941473,0.5465651740921192,0.7035690332044621,0.6565533380749838,0.6947601723197288,0.632269991929294,0.5616267410790744,0.6683728645312785,0.5916302425967364,0.569742623773198,0.6663126746514612,0.6462742834416947,0.6429217107347087,0.5420012825570995,0.5765699906349799
KO,0.6117923607259458,0.601166203792133,0.6436987159218405,0.6721267322172506,0.6238680104457287,0.6245265762400478,0.6708419790007712,0.559554495518013,0.4564442695613388,0.7031085129957003,0.6144199111914672,0.6959689021775821,0.5715787741135878,0.6993660209859687,0.5046966774088965,0.6925700640655841,0.6516248677108347,0.700967206267711,0.6152315538934233,0.6751909451292759,0.6010689753161569,0.6837497448970464,0.47181841645067923,0.6595434363141776,0.33293137680879475,0.6675853749805631,0.0,0.6817861352898539,0.5947336913093219,0.5331230800015668,0.6726616586319155,0.6029521840603894,0.6780609891725508,0.5575895309548837,0.5243710339831685,0.6082760977840707,0.6203192240108651,0.47544475838503536,0.47277561311032884,0.5992328707255656,0.5259059796742888,0.6154198194552024,0.4782873234619074,0.5247567567080482,0.6717190352290838,0.6893751526974671,0.6218410989872968
XOM,0.5843973545317136,0.49404124352467027,0.5655507247252995,0.5844123709699172,0.4677362047724954,0.4675353652043064,0.6958456668430953,0.63430600743654,0.6851478119317123,0.39985135512323183,0.6143925823614441,0.6364924136734625,0.6534514822918343,0.5345845946169469,0.620120204945784,0.6353808806606421,0.5731775445212067,0.5235669884825598,0.6753717991155189,0.6188550744260344,0.5762916446271483,0.5644139043021243,0.7001135797613458,0.5800226410694702,0.661589426324848,0.3812509420093908,0.6817861352898539,0.0,0.6120217651481042,0.6126070809239865,0.662195718243464,0.5990325268100294,0.35686452757161513,0.562749841572871,0.7040031736192464,0.6347785803779827,0.6617688186942928,0.6243812937653513,0.5952745662135907,0.691491096488366,0.6001872996249661,0.6035642272324232,0.6815376537670184,0.6357560367198014,0.6428114888277284,0.580373155662373,0.5765044902550176
WMT,0.5632862160968124,0.5714413315620623,0.5585722838578031,0.6280809727503398,0.5733318558221069,0.5741845883272731,0.6805110612260216,0.5991564869587009,0.5408303000597091,0.552590598644886,0.5507470147130841,0.6818826937525827,0.6007379074803734,0.5919883438355191,0.5860517006185484,0.6651910765291371,0.6283352917079367,0.5847001907945625,0.6439543833181776,0.6390086805849866,0.6930132540268302,0.614928889581179,0.7069958464871255,0.5155776704250323,0.5326400204416216,0.5937075005428728,0.5947336913093219,0.6120217651481042,0.0,0.6580689344156407,0.6664027034496777,0.6834797971410284,0.6212417640343876,0.6469753167742581,0.572265466297168,0.6880635076297108,0.5637657670467269,0.6107177448389145,0.6373677907992653,0.6564064410220563,0.6102803318531895,0.6027213067745084,0.6783521634993711,0.6852927026130693,0.7012532566280991,0.6097211634504159,0.558234540250524
ABT,0.4099369863777217,0.5272239251979415,0.5214322366849066,0.5095025158814789,0.4176312031024111,0.4223165398910316,0.6393780668011846,0.4996056065875563,0.6094429341838197,0.5630295219997941,0.573267130816797,0.5691764434960048,0.47200139065379143,0.5554597270074095,0.48006967995799593,0.6282298335834379,0.5216662701535862,0.5178748829078513,0.4898661660873653,0.5919152476676306,0.5184948903662572,0.5151136352336059,0.41497059346612813,0.5522752137904757,0.5261294213979375,0.5745398451412006,0.5331230800015668,0.6126070809239865,0.6580689344156407,0.0,0.5248183933421268,0.5272645142162923,0.611731790421136,0.40616298393140615,0.5115566132923894,0.5099380152241301,0.5702469116970535,0.4037016689066623,0.6780870173142202,0.5319594472585333,0.478610009468489,0.4087110084325815,0.3659108610390799,0.3383828302243347,0.6926386334562638,0.5348669562937581,0.5424385784860456
CRM,0.47845395877755015,0.5780977829801383,0.5863325970743963,0.5097355240346783,0.5283948216628411,0.5279780380787708,0.6765078614282019,0.5215290176576329,0.6876647728402215,0.6061425036393763,0.6550971116218848,0.6440450365994066,0.5415999765940241,0.5614321132506012,0.6459847919752516,0.6186104881601661,0.4597433026926413,0.5830238659906697,0.4905093863178411,0.6428228371506686,0.6147238699246852,0.6399672828132705,0.5756315860404123,0.6383903547470333,0.6481411155870841,0.6408017118397944,0.6726616586319155,0.662195718243464,0.6664027034496777,0.5248183933421268,0.0,0.6333305276045161,0.6669459990074821,0.526235657456156,0.6649988188366212,0.5752371221763464,0.6888353111813684,0.5488126179492282,0.670908389990568,0.5805285184933285,0.6002978480709595,0.5717394074626924,0.5906261534448717,0.605354145709053,0.6831260438096456,0.6603343660959645,0.7045000740991015
ABBV,0.557726569900035,0.5575039692703724,0.6220035106818773,0.6412535303398099,0.5523968258359861,0.5554488399591807,0.6723149057530725,0.6398187221583899,0.6288263025281641,0.5735222782813978,0.5984361344318497,0.6640788346503745,0.6082056794876618,0.6170704618762328,0.5855531897215704,0.6819426031089162,0.6446290643056636,0.6202674114931293,0.6238934861793002,0.5412613989655551,0.5537699587300293,0.5759884285835298,0.5950138834851159,0.6385816656666654,0.5894576630483629,0.588648192593515,0.6029521840603894,0.5990325268100294,0.6834797971410284,0.5272645142162923,0.6333305276045161,0.0,0.6215134121037971,0.5503526482320839,0.6337156357578688,0.5878152406994545,0.6892034904586185,0.5378086460790051,0.7019246400656727,0.5622056119252845,0.5302226769939677,0.528249360057787,0.5504084428089453,0.5413666518171025,0.641913981048165,0.5827637248704957,0.6121877407153252
CVX,0.5962375496842542,0.5206169863584076,0.6180687758533057,0.6027502676887898,0.508044505214266,0.5057683630856104,0.6982060515824379,0.6875163191795396,0.6448581219193741,0.4906350491159968,0.6160105847766391,0.6567006072299764,0.6844437090713918,0.5334121985367349,0.6308042233911989,0.6802310284533759,0.643582361764725,0.523902063263886,0.6900108425696948,0.6273177600543051,0.6398014998463012,0.5535992637586037,0.6972069088211831,0.5866397770466487,0.6823058376020003,0.45173716752941473,0.6780609891725508,0.35686452757161513,0.6212417640343876,0.611731790421136,0.6669459990074821,0.6215134121037971,0.0,0.6182475657404274,0.6525885308914571,0.6986644105665999,0.6430456628522997,0.6731556665969168,0.6068563649044099,0.6663909373941937,0.5710525803542482,0.5695051836108944,0.6835370646878023,0.6398474456945378,0.6680868312280224,0.560978418088648,0.6233747355361311
TMO,0.47471681257875553,0.4913723575854398,0.5665303925122331,0.5082565301794845,0.45640958417141997,0.45638868364321944,0.634289177104488,0.5093447480543111,0.5907588680140928,0.5034854270616601,0.6068305813324607,0.6292286222226162,0.5089450786576688,0.5892998813479337,0.5427574627015413,0.6020643442139939,0.5744266951700575,0.5397939349303194,0.5607615239484901,0.6415012874847728,0.4943955169544942,0.56804883623836,0.4678181005770571,0.5690915003261332,0.5439990996479351,0.5465651740921192,0.5575895309548837,0.562749841572871,0.6469753167742581,0.40616298393140615,0.526235657456156,0.5503526482320839,0.6182475657404274,0.0,0.607791373416328,0.5829455435684974,0.6421155958277478,0.4577027630855367,0.6700059364124668,0.5703877844956957,0.522876697610267,0.4886007434741753,0.4330910687532488,0.37856108164110897,0.7021587414076009,0.640278273576578,0.6166424692008945
MCD,0.5582562084194486,0.6372026838332151,0.6067409139794621,0.5845618681719187,0.6380946125466085,0.6417956478361316,0.6900934393938158,0.5485735858298819,0.553341904460756,0.7010804200904553,0.6231681874749355,0.6749921474716688,0.5068830756976732,0.6731503089892291,0.6130337519563873,0.6600130312633224,0.5605605499404616,0.6502362625463299,0.592389643833757,0.6889940487319774,0.6456634973769632,0.603058084215614,0.44402403070451524,0.5835583418400735,0.5491210533541058,0.7035690332044621,0.5243710339831685,0.7040031736192464,0.572265466297168,0.5115566132923894,0.6649988188366212,0.6337156357578688,0.6525885308914571,0.607791373416328,0.0,0.5917753256113354,0.5811159810625836,0.4588799297313233,0.6033783717388606,0.6987330258917721,0.6375890308819245,0.5565786179609182,0.5381454154193133,0.517403794440926,0.6908273725205821,0.6297556534848178,0.5227407415915145
AMGN,0.5423383127877122,0.6072680779954667,0.5879407980687108,0.5775174262566543,0.5758627937036465,0.5760618894754699,0.647613444885281,0.4816931249528711,0.5740229065800203,0.6179357447184065,0.6695763480865168,0.6142521445073006,0.5054405126555765,0.6571365631679517,0.6063277989346306,0.6448699904951714,0.5390064579834574,0.6387622299207506,0.5659781037442299,0.6993496266476855,0.5686155805027746,0.6234563461118147,0.5323588048437529,0.5671041431137883,0.5375303195813843,0.6565533380749838,0.6082760977840707,0.6347785803779827,0.6880635076297108,0.5099380152241301,0.5752371221763464,0.5878152406994545,0.6986644105665999,0.5829455435684974,0.5917753256113354,0.0,0.5976447569766569,0.5069889122277575,0.7056105894432623,0.5373586718314197,0.5328064621292975,0.5881080767968515,0.5648631948492937,0.5137433884738734,0.6533837483223802,0.60047202250327,0.6284144575365196
COST,0.5826253058853346,0.6677607377402531,0.6188059387696928,0.6626073781210331,0.591388479974009,0.5966280938929895,0.6600480741596895,0.5802017493889362,0.6188147667890586,0.6680412002505607,0.5689302438103776,0.6627027488840925,0.5820435806175981,0.6247611816733077,0.5598027385987762,0.6703314275808238,0.624509865285592,0.6276120639257965,0.63499556912846,0.681591998463642,0.6802202283994659,0.6407610992831467,0.663227482299982,0.5836932788609102,0.5629102044852884,0.6947601723197288,0.6203192240108651,0.6617688186942928,0.5637657670467269,0.5702469116970535,0.6888353111813684,0.6892034904586185,0.6430456628522997,0.6421155958277478,0.5811159810625836,0.5976447569766569,0.0,0.5630782118440791,0.7026268217728712,0.6838320881712128,0.6411677084001705,0.6023294391328052,0.6334810839812293,0.61373779605245,0.5615473282219389,0.5899850268960122,0.5325940576211463
ACN,0.4327101928020354,0.5540577137739188,0.5116300772200393,0.5340176721077485,0.50073761448156,0.5050735713408643,0.7035653871939244,0.3960985964177737,0.538856197216597,0.5986991053798018,0.5808614834676082,0.703179744111917,0.36891471534294396,0.6119299605386821,0.5664885017048921,0.6143291193211817,0.4852872428289687,0.5881020038790877,0.4365349958140066,0.6998706869196971,0.6309731289146359,0.6172617537235687,0.4019692519872291,0.5709612589774566,0.4967507217773388,0.632269991929294,0.47544475838503536,0.6243812937653513,0.6107177448389145,0.4037016689066623,0.5488126179492282,0.5378086460790051,0.6731556665969168,0.4577027630855367,0.4588799297313233,0.5069889122277575,0.5630782118440791,0.0,0.6418312574530495,0.6151196610996227,0.5853384453807203,0.43807346676076986,0.4183182897819554,0.41814425837415026,0.7053761191245526,0.5618233982604154,0.5265511540848291
NEE,0.6926617426538529,0.6994366671779504,0.6845933080850598,0.6426260286763018,0.6409908164712353,0.6405016415394542,0.7023634721917734,0.703763407250625,0.43806335341032265,0.6090541750132833,0.6966218936413276,0.6507306179035406,0.6929686968194461,0.6084106063403977,0.6444712605774605,0.6271817240000019,0.6958685865878849,0.6500412042584587,0.6866919674822852,0.6728929259299635,0.6809158834356197,0.685412417438761,0.5986198430131182,0.6617462312050997,0.4962574938809288,0.5616267410790744,0.47277561311032884,0.5952745662135907,0.6373677907992653,0.6780870173142202,0.670908389990568,0.7019246400656727,0.6068563649044099,0.6700059364124668,0.6033783717388606,0.7056105894432623,0.7026268217728712,0.6418312574530495,0.0,0.6438140050808598,0.6262125592157609,0.6979235467598088,0.6016114145068964,0.6139338125538795,0.6838987991054338,0.6710743526773468,0.6708316190078779
LLY,0.5450725971478317,0.6045191409274229,0.6141271323965753,0.6414205589570807,0.580966608346038,0.5794617280381426,0.6396881013645467,0.5894519429289536,0.6208220203140368,0.6115642059498997,0.6394141718513485,0.5880890440880043,0.6048396993921297,0.6384884191872361,0.5603828577269806,0.7005712132931203,0.6381999347737267,0.5744586804331011,0.6118473198574278,0.5936441085840723,0.5139839881715356,0.5619090849340923,0.5792224362163729,0.6438712013366283,0.5962755341072138,0.6683728645312785,0.5992328707255656,0.691491096488366,0.6564064410220563,0.5319594472585333,0.5805285184933285,0.5622056119252845,0.6663909373941937,0.5703877844956957,0.6987330258917721,0.5373586718314197,0.6838320881712128,0.6151196610996227,0.6438140050808598,0.0,0.48539186251933336,0.5877714195158497,0.5484787073004074,0.5293292760653978,0.6731300742713973,0.5725173267638518,0.6355252492708281
BMY,0.5788847963323991,0.48958578474178077,0.6022996981545248,0.6512571271120716,0.5246434182590844,0.5270074878261268,0.6315770505268633,0.6219269083847405,0.5238483229695223,0.579457557984053,0.5439971791479027,0.6220721666457876,0.6321659561205464,0.624610719795617,0.47746571005777694,0.6985760576515301,0.6297987610858465,0.5815279022344371,0.6451023321587026,0.5311196598978934,0.5050706647025978,0.5269309971343635,0.5397146827478688,0.5472428817720442,0.5081868505685598,0.5916302425967364,0.5259059796742888,0.6001872996249661,0.6102803318531895,0.478610009468489,0.6002978480709595,0.5302226769939677,0.5710525803542482,0.522876697610267,0.6375890308819245,0.5328064621292975,0.6411677084001705,0.5853384453807203,0.6262125592157609,0.48539186251933336,0.0,0.5774167573954616,0.5125460352478447,0.5425947671626805,0.6670353743583279,0.6042947968241551,0.6039608060369189
LIN,0.4600085152299702,0.5684726166879311,0.5419418214180988,0.5249763828970002,0.49172893146581714,0.49286763215410995,0.6516958252788136,0.554012544391887,0.6573019489446587,0.5610562673407413,0.5645942770458636,0.6336332058403363,0.5123637872137193,0.57804957163075,0.5331980843287901,0.6019165319868769,0.5701939213004467,0.5285571047076973,0.547412423530696,0.6061637836178669,0.6050021464459775,0.5643500096332046,0.4820462925491439,0.551921158919867,0.596199804837227,0.569742623773198,0.6154198194552024,0.6035642272324232,0.6027213067745084,0.4087110084325815,0.5717394074626924,0.528249360057787,0.5695051836108944,0.4886007434741753,0.5565786179609182,0.5881080767968515,0.6023294391328052,0.43807346676076986,0.6979235467598088,0.5877714195158497,0.5774167573954616,0.0,0.45736308632635275,0.4671887648779735,0.6814748709180024,0.5572003599214952,0.606956315495864
MDT,0.5036115814268445,0.5845006054357205,0.6131613296207578,0.5794050715301393,0.5630298004914073,0.5676955792981485,0.6207663016078906,0.5071620993904914,0.5617290025120247,0.6436062113297074,0.6055075683261613,0.6296227172110423,0.47454878066344,0.6988371281600876,0.5078951781223248,0.6433386494682332,0.615707738333124,0.6077541179703517,0.532747553230608,0.6154253614982016,0.5056980110746848,0.6216809511557538,0.3903340622002378,0.625273347776804,0.483321472155734,0.6663126746514612,0.4782873234619074,0.6815376537670184,0.6783521634993711,0.3659108610390799,0.5906261534448717,0.5504084428089453,0.6835370646878023,0.4330910687532488,0.5381454154193133,0.5648631948492937,0.6334810839812293,0.4183182897819554,0.6016114145068964,0.5484787073004074,0.5125460352478447,0.45736308632635275,0.0,0.3573781310156599,0.7035390986226161,0.6035792837339329,0.6404380310289874
DHR,0.4775160814580747,0.5430256652996504,0.6045538352903824,0.5662852976835,0.5069685784652276,0.510049316001172,0.6146748095175459,0.5223314531167046,0.5505680980802706,0.62175496830937,0.6502681096374596,0.6267105212613115,0.49512295848446564,0.6873084349462845,0.5318733595320375,0.6566432561530979,0.5808892860074314,0.6018536418124205,0.5520309332441294,0.6655566289625388,0.5350765214653512,0.536830502790324,0.4046070379972787,0.6012836358334549,0.5016201172279704,0.6462742834416947,0.5247567567080482,0.6357560367198014,0.6852927026130693,0.3383828302243347,0.605354145709053,0.5413666518171025,0.6398474456945378,0.37856108164110897,0.517403794440926,0.5137433884738734,0.61373779605245,0.41814425837415026,0.6139338125538795,0.5293292760653978,0.5425947671626805,0.4671887648779735,0.3573781310156599,0.0,0.705411856753001,0.5844371410844754,0.561431759448827
PM,0.6897861482356776,0.5707275930683046,0.6505414869923037,0.7000877203644404,0.6566764873540956,0.6555865644586646,0.694719062914253,0.700654564806907,0.6991206183040265,0.6437330973128953,0.6304435539230673,0.6625851089128215,0.6994376129387037,0.6395297764389142,0.6865222635194356,0.6690149239601096,0.6794419799472929,0.6562810862618124,0.7005393254818846,0.6168571046998874,0.6331356794227923,0.6496251928749989,0.6832880916658575,0.6991411550533604,0.7030368010975289,0.6429217107347087,0.6717190352290838,0.6428114888277284,0.7012532566280991,0.6926386334562638,0.6831260438096456,0.641913981048165,0.6680868312280224,0.7021587414076009,0.6908273725205821,0.6533837483223802,0.5615473282219389,0.7053761191245526,0.6838987991054338,0.6731300742713973,0.6670353743583279,0.6814748709180024,0.7035390986226161,0.705411856753001,0.0,0.6584696497564883,0.6496240159520615
