,MSFT,AAPL,AMZN,FB,GOOGL,GOOG,JNJ,V,PG,JPM,HD,UNH,MA,NVDA,VZ,NFLX,ADBE,INTC,PYPL,T,PFE,CSCO,MRK,CMCSA,PEP,BAC,KO,XOM,WMT,ABT,CRM,ABBV,CVX,TMO,MCD,AMGN,COST,ACN,NEE,LLY,BMY,LIN,MDT,DHR,PM,TXN,NKE
MSFT,0.0,0.17727303611670028,0.32134637037076097,0.2367148354342596,0.17735713241268566,0.18241533455146053,0.329271121425623,0.2527165765532834,0.3259372765402062,0.30288784796429974,0.26637103575871424,0.3086978181081522,0.28973477363171796,0.2246707680712881,0.3261698296031416,0.3805379544106315,0.19683166353866074,0.24550438377378686,0.2114422794181117,0.3118332639902958,0.33289095790013534,0.2514995673238839,0.3075610870761224,0.2842404817007225,0.2705910553466904,0.2828283492199458,0.3460541679908346,0.3820061156544576,0.36274316841797694,0.3054476834759776,0.24245806762936914,0.32849460422951127,0.3781576117119643,0.3800370191442041,0.34448098122710724,0.28619007855777717,0.3099861585566749,0.26467312427769096,0.33587769625397373,0.331651328801327,0.3253738269946193,0.24201670068616546,0.34123416247081484,0.2813750890202831,0.2708095976539683,0.2349857609395473,0.33011827577532027
AAPL,0.17727303611670028,0.0,0.3548664261282271,0.25163794340340623,0.19963018457370726,0.19636971558740277,0.3263683172178664,0.23741622447004243,0.3311521740464838,0.3152155199371132,0.2845529275634175,0.28487366995911667,0.2579418813431834,0.25561747728333495,0.3437359821062463,0.40184480794108796,0.2521875296948075,0.2774140936268672,0.2110383286198512,0.2948017580091458,0.3422865518888283,0.2488564439044735,0.3372002995242053,0.29767118543653365,0.2896639597584237,0.2825293398729671,0.327500958477916,0.3774413387667206,0.37844755656904405,0.2782059287236182,0.2859017595182541,0.31896932011318985,0.38231352594412404,0.33623402545003567,0.33479770885460425,0.2785749635660852,0.3036638417196908,0.26751883476103916,0.34385270136206997,0.32591487591809387,0.33294097666806094,0.23736259040306754,0.3469286617768567,0.2504907627049781,0.3101288917282317,0.2631510756663635,0.31980228024643803
AMZN,0.32134637037076097,0.3548664261282271,0.0,0.390936434839109,0.33525078442094924,0.33599039795862656,0.44917930109464943,0.4644834456117556,0.4255792010661376,0.4835609320165122,0.4171564891925651,0.4433448578480371,0.473984380932935,0.36565936980261654,0.40004214004520877,0.330416228934844,0.3134458826831365,0.36082910319651484,0.40508876371046865,0.42144181311044154,0.4239770288953923,0.37236318162197274,0.44099144726290557,0.3828499437462407,0.3989187568521274,0.4557061878001454,0.4717160944548637,0.5123383493173992,0.38976496553370166,0.43411201312097547,0.3586937417893011,0.445828463769708,0.5394272899233667,0.477879023195352,0.49339101322633405,0.3996802051056651,0.35539343811830665,0.4038871537641809,0.47728971940309456,0.421763407484641,0.4584857078920752,0.41367035670637403,0.49782515249838116,0.4373631144459286,0.4359180637613032,0.3480748555654258,0.47644341781481503
FB,0.2367148354342596,0.25163794340340623,0.390936434839109,0.0,0.21071127588778213,0.20971036336623264,0.40062794507684085,0.2807251004491112,0.435820748132378,0.33905741970020814,0.30178493259739814,0.34768978544945955,0.31830389673053505,0.2709186814896061,0.4044360724932007,0.42578364113140493,0.28669679407144805,0.32327936235995264,0.2315831543828308,0.39374688942133257,0.4087668357955169,0.29531190793279816,0.36241893944067,0.36215842518493113,0.38135484472749004,0.3079966227998442,0.4356493958772805,0.3997268255095566,0.44583311320274865,0.3806205922550159,0.2726456543996752,0.32231549696482625,0.38794298549676387,0.39003819242374,0.32299660446130163,0.3721122396311776,0.40289237694661423,0.2806603958653836,0.38841553647382643,0.4211394008500463,0.3836581259828767,0.2720524098705136,0.35781015241321945,0.33830888113249663,0.35291349497976676,0.3097520031399288,0.336624401370315
GOOGL,0.17735713241268566,0.19963018457370726,0.33525078442094924,0.21071127588778213,0.0,0.02569350133919844,0.3532367119546863,0.24469506360206603,0.3682231650207136,0.3191195028003502,0.28037183298046103,0.32420591027276185,0.2786845339679802,0.23013284313461876,0.35868917389990845,0.3924296001915479,0.2308527342030927,0.28890389991272125,0.20847348609233088,0.3259252662010898,0.348047884553438,0.242522414837063,0.3233297348136478,0.3079440833420275,0.31454081309608883,0.2842717128602437,0.3550791161129208,0.36822342043163914,0.4089845904801416,0.3348706617722181,0.23517912829751778,0.30742818035915137,0.37380740748397534,0.3569224470546972,0.3192654922370826,0.3336591700660319,0.35234734554293334,0.2442121438832566,0.33974753583542067,0.36511023829852157,0.3308271100795063,0.2424828975549535,0.32708209862033394,0.2811834266333548,0.29690601455309656,0.23989969829088506,0.3218929727483973
GOOG,0.18241533455146053,0.19636971558740277,0.33599039795862656,0.20971036336623264,0.02569350133919844,0.0,0.35328059439557596,0.24779286692723834,0.36710585073611696,0.3196066528501795,0.28527067954293195,0.3317671156754682,0.2780114178063955,0.23711102706159554,0.363624287263007,0.3952841783409176,0.23693227630604466,0.2943824731105751,0.20935936075218559,0.328123064850407,0.3489795450496627,0.24030363465266677,0.3268292494037488,0.3132358158255102,0.32202747532053105,0.28416492962569906,0.3579852441190961,0.3726987413334003,0.41123664661049025,0.33419581677600424,0.2423105972066352,0.30596272821337894,0.37568506156868564,0.35295917726358933,0.3173298266767004,0.33329210616358196,0.35463121449644947,0.24321257880602717,0.346529902721717,0.36767178794314553,0.33611167701787936,0.24252440530122588,0.33334269720006426,0.28207164490140596,0.30427468735047464,0.24846689088084917,0.32563847102846555
JNJ,0.329271121425623,0.3263683172178664,0.44917930109464943,0.40062794507684085,0.3532367119546863,0.35328059439557596,0.0,0.3489339321896944,0.24374383184566267,0.3980225142309111,0.4167982575535557,0.3552991795091927,0.3705513005009441,0.4155183896732903,0.30986461660395087,0.5293433482665659,0.4117248348005678,0.393998928523504,0.34009350009427647,0.3042369795549488,0.24937723100396322,0.3142141800467265,0.2807781453884499,0.39056103136969866,0.29650983662737335,0.36209314435209006,0.307540311048981,0.4335977941137298,0.36684553297958267,0.1973239078039219,0.4065085726111355,0.37795554321426056,0.4312811371649175,0.2825701099656777,0.4336148614710493,0.27702206309585736,0.3325605125802896,0.33885900121009405,0.31402946576482416,0.26852844505341833,0.3231383252034252,0.3479461285989569,0.4098779390566341,0.31601835845488135,0.35059778137916753,0.3488999030680757,0.3860530829986951
V,0.2527165765532834,0.23741622447004243,0.4644834456117556,0.2807251004491112,0.24469506360206603,0.24779286692723834,0.3489339321896944,0.0,0.3896553789134672,0.251224773964365,0.2926057483811234,0.2894016390926369,0.14536340305275072,0.2838395602183125,0.3935002872174712,0.5131586364801106,0.33013635403869745,0.3713141630845542,0.20065661914767455,0.3110576512900671,0.3876311146692624,0.2905759302468928,0.3331300823030451,0.3520937597094188,0.3441930776217593,0.2238385198953653,0.32528501174148955,0.2930932736114638,0.47361565322833793,0.3326680865445713,0.2878084850964441,0.3264256674108884,0.2812083845579988,0.3496562427212035,0.23928229059040862,0.3607171103082981,0.39667359758341997,0.24876188448893727,0.31852612505846645,0.4101805440579402,0.33805735119075486,0.2416333487064163,0.230433239143483,0.2890259760552581,0.3002630512632276,0.3132234318130488,0.22370561474360937
PG,0.3259372765402062,0.3311521740464838,0.4255792010661376,0.435820748132378,0.3682231650207136,0.36710585073611696,0.24374383184566267,0.3896553789134672,0.0,0.4084883659562266,0.4089564530350034,0.41550655978211387,0.3945261494254811,0.40823543996488576,0.2993614113809341,0.49948083347781574,0.38403540884856585,0.37348740159868665,0.3779080948171428,0.284492571659131,0.27114942817290194,0.31227535884435087,0.37186847978193366,0.3668224039815297,0.2484828001455736,0.369068211382306,0.34177283181698614,0.44901093026331357,0.29633598279247964,0.29366108742273805,0.4317614934991323,0.4108041708356775,0.487289137647583,0.358246196490484,0.48001299542833276,0.26117369191608897,0.31878436405307636,0.37216439763144193,0.3225691501722172,0.2504301387908765,0.36289732480892656,0.3745333377844445,0.4429027832810184,0.3240152620719555,0.3583300482492547,0.35514809525260066,0.4264836514450458
JPM,0.30288784796429974,0.3152155199371132,0.4835609320165122,0.33905741970020814,0.3191195028003502,0.3196066528501795,0.3980225142309111,0.251224773964365,0.4084883659562266,0.0,0.28947775640914747,0.3677331766819541,0.2737220934258261,0.37461339436468954,0.4038883905277756,0.5114920186590622,0.33033656531273137,0.3692699839776396,0.26783181217199925,0.30965008573393416,0.3810674492224671,0.3548628942919552,0.37321476086727773,0.3271763716373179,0.35310785223478913,0.13822327618270827,0.3482416218895743,0.3153163912092841,0.49975518538807784,0.3808344100153773,0.32014653208110677,0.3535243352480777,0.2829155586683521,0.407912978241964,0.326909161969096,0.3699533418288173,0.4447269880947797,0.26347960789216857,0.35377879913609517,0.4162471060143261,0.3533060661768558,0.24569456349153518,0.26560024152773104,0.3359063028862369,0.2964603641929506,0.34836549571276304,0.34633359533864405
HD,0.26637103575871424,0.2845529275634175,0.4171564891925651,0.30178493259739814,0.28037183298046103,0.28527067954293195,0.4167982575535557,0.2926057483811234,0.4089564530350034,0.28947775640914747,0.0,0.33953403644603003,0.31151759616954455,0.28131258843520235,0.407176143041376,0.41612304665411903,0.29864193478359474,0.31248996161041076,0.24219647622083537,0.3512341629475304,0.39303630086117136,0.3400891343414169,0.3822257773056398,0.3165129233022229,0.27342540228909756,0.2918724393453422,0.3494948941155394,0.3578053525317267,0.45534543829366997,0.39274321224505704,0.24279244909617606,0.3656338718728474,0.33904935744048326,0.4384818980988324,0.28758072417427877,0.3541332312875335,0.4086551976634175,0.28188478751278595,0.3318230025816703,0.40565029252141394,0.3536384396606697,0.27233798766850226,0.3025185463073487,0.33544375052043995,0.2683918327078231,0.2942854129974158,0.32563885793775077
UNH,0.3086978181081522,0.28487366995911667,0.4433448578480371,0.34768978544945955,0.32420591027276185,0.3317671156754682,0.3552991795091927,0.2894016390926369,0.41550655978211387,0.3677331766819541,0.33953403644603003,0.0,0.3335201322187919,0.30606272926558636,0.39154747524464906,0.46271056027962293,0.36083447032976984,0.37394800005006273,0.30507071054882073,0.35149026080085305,0.39627779216274994,0.3696293457201277,0.353945523695309,0.3588005992445677,0.34221387515617924,0.3516541288058938,0.36340777248679657,0.36629496439973586,0.4613413067055805,0.30235574867939835,0.3627514529984193,0.3283751685297256,0.34351766243182774,0.41125523563388694,0.36816480473077645,0.3548015992459021,0.3753245441339971,0.35434127962146544,0.3444780589959905,0.358676812477087,0.30938903978117177,0.3140741235442958,0.3404042540596389,0.3163286038021421,0.3055554656234422,0.3133994659502295,0.313718773137189
MA,0.28973477363171796,0.2579418813431834,0.473984380932935,0.31830389673053505,0.2786845339679802,0.2780114178063955,0.3705513005009441,0.14536340305275072,0.3945261494254811,0.2737220934258261,0.31151759616954455,0.3335201322187919,0.0,0.31221008189004507,0.42534731505497947,0.5290963975868638,0.35729509390013225,0.3765030805562363,0.22072752036319077,0.3267435694827381,0.38913702663346234,0.2965838143376783,0.3916245254670719,0.373253240448544,0.35012960608130317,0.24324478401259192,0.31150378845440635,0.30546590261455664,0.4852732527425348,0.34999939690740295,0.326007160342864,0.3605476491451075,0.31422800129051137,0.38118404857139315,0.2888015387491096,0.3781901547771568,0.4322762640693321,0.28990439145049696,0.34011843391893903,0.422920896096414,0.37711027755552934,0.24887892667085496,0.2598514499042174,0.3131093736139226,0.3364302291936046,0.35165960879623614,0.24477788030973213
NVDA,0.2246707680712881,0.25561747728333495,0.36565936980261654,0.2709186814896061,0.23013284313461876,0.23711102706159554,0.4155183896732903,0.2838395602183125,0.40823543996488576,0.37461339436468954,0.28131258843520235,0.30606272926558636,0.31221008189004507,0.0,0.4254601848311388,0.3861833113963694,0.2693622030234452,0.2933910689204998,0.24290576928137747,0.3967686962686938,0.41635150414002464,0.30427580111008634,0.3836238769168671,0.36076872850165215,0.3345177624475704,0.34308260306731814,0.41098083045523653,0.3712967956303691,0.43776204650353046,0.36622922363995947,0.26089278405720845,0.38276544404127766,0.37547955290825985,0.39978522563256524,0.3447042823957254,0.3346164660403416,0.40885378274611084,0.33312792169582794,0.3650185643023888,0.41609501451901654,0.35247281799411473,0.2944594745821931,0.36160655347973625,0.30785469178583313,0.3276113708111777,0.2480285268684069,0.32665987874925345
VZ,0.3261698296031416,0.3437359821062463,0.40004214004520877,0.4044360724932007,0.35868917389990845,0.363624287263007,0.30986461660395087,0.3935002872174712,0.2993614113809341,0.4038883905277756,0.407176143041376,0.39154747524464906,0.42534731505497947,0.4254601848311388,0.0,0.4717450427488461,0.3592621523729996,0.3511363976853563,0.39083779597168405,0.2548857458619248,0.30980983466345674,0.34497284191222577,0.31013309946950984,0.3041872166107274,0.29036253621482666,0.3858109348753824,0.3300436414858479,0.44573867014566954,0.32591829856661125,0.33417862444645613,0.39210249464290386,0.3697419152096867,0.4894501928976031,0.4037381781469705,0.47942086724274824,0.3251546704133637,0.23865152120978475,0.33361208470828685,0.33135888597107266,0.25524230336832454,0.3693094135647181,0.3632277954239197,0.4208567020231196,0.33173435084641834,0.3395916561104872,0.33000807643661306,0.42531047143667505
NFLX,0.3805379544106315,0.40184480794108796,0.330416228934844,0.42578364113140493,0.3924296001915479,0.3952841783409176,0.5293433482665659,0.5131586364801106,0.49948083347781574,0.5114920186590622,0.41612304665411903,0.46271056027962293,0.5290963975868638,0.3861833113963694,0.4717450427488461,0.0,0.31877182858122505,0.3584287009244879,0.4408659943404191,0.502423680604325,0.4775326825113362,0.4426011782886163,0.4871337323355379,0.42950420736085826,0.4434578054258229,0.5156226244923021,0.5282955556072583,0.5537687411915041,0.4330857165612486,0.5068932251512973,0.38932555257730883,0.4896915474958838,0.554682939532939,0.5616974187954911,0.528869352711402,0.44835012750268366,0.4349032651226184,0.4606333700984769,0.5289407202720887,0.47760926904985596,0.4858291288419771,0.45257938190074454,0.5264351880375941,0.45039620963905136,0.4567468989173239,0.3812589830545531,0.5375460636314469
ADBE,0.19683166353866074,0.2521875296948075,0.3134458826831365,0.28669679407144805,0.2308527342030927,0.23693227630604466,0.4117248348005678,0.33013635403869745,0.38403540884856585,0.33033656531273137,0.29864193478359474,0.36083447032976984,0.35729509390013225,0.2693622030234452,0.3592621523729996,0.31877182858122505,0.0,0.2312199915688629,0.2575199147547849,0.34820540312645465,0.37484492792908375,0.31628852942759594,0.375958896252789,0.2570005018200975,0.3166604533600331,0.3353732701704736,0.3958823044194682,0.432240564560336,0.3798034604614058,0.3895024829948245,0.2711293224421852,0.3646720456950457,0.4382021728844617,0.45055735872959674,0.42212531909562184,0.3401782617474436,0.32720372286836724,0.30438032260155734,0.41808289001748167,0.36952414024132435,0.3885712122155747,0.29386944797322045,0.3846790654300641,0.3215091378203326,0.2966204485433583,0.250192217100512,0.4163375886897991
INTC,0.24550438377378686,0.2774140936268672,0.36082910319651484,0.32327936235995264,0.28890389991272125,0.2943824731105751,0.393998928523504,0.3713141630845542,0.37348740159868665,0.3692699839776396,0.31248996161041076,0.37394800005006273,0.3765030805562363,0.2933910689204998,0.3511363976853563,0.3584287009244879,0.2312199915688629,0.0,0.30082763786755773,0.3721638652176538,0.36615319228193755,0.3169896079919604,0.4028225212390047,0.3003194868301208,0.3009153961486403,0.3647291135572815,0.4020393759484668,0.4337656227581536,0.36427791891768707,0.3788429486974614,0.3233770565624233,0.4095040911154238,0.4284209965024778,0.42685420188414297,0.45239655306176413,0.3350819304305984,0.3404017371931179,0.36395139316165714,0.4075030576687031,0.3473211690954311,0.3977839176097998,0.2834607903614655,0.43088297107929946,0.3007021074708033,0.33688971771052495,0.25797154564437924,0.4406066499773269
PYPL,0.2114422794181117,0.2110383286198512,0.40508876371046865,0.2315831543828308,0.20847348609233088,0.20935936075218559,0.34009350009427647,0.20065661914767455,0.3779080948171428,0.26783181217199925,0.24219647622083537,0.30507071054882073,0.22072752036319077,0.24290576928137747,0.39083779597168405,0.4408659943404191,0.2575199147547849,0.30082763786755773,0.0,0.3250300273791956,0.3561066918452241,0.2704681259394437,0.33995973407908897,0.30936685793248736,0.3008043404273521,0.23836506207450903,0.3580220359951371,0.3546652323100248,0.431259059013858,0.30150704090484093,0.23922719468275655,0.3330573590509847,0.3177129211810281,0.346840360997504,0.28988434559072934,0.3234864018793206,0.3758153721175025,0.23034704147292476,0.3442273586870448,0.3764996419284121,0.3450561031312246,0.23878417626832385,0.3045765962130757,0.2885965211320798,0.29281786813517724,0.24997334496060383,0.31339969201998524
T,0.3118332639902958,0.2948017580091458,0.42144181311044154,0.39374688942133257,0.3259252662010898,0.328123064850407,0.3042369795549488,0.3110576512900671,0.284492571659131,0.30965008573393416,0.3512341629475304,0.35149026080085305,0.3267435694827381,0.3967686962686938,0.2548857458619248,0.502423680604325,0.34820540312645465,0.3721638652176538,0.3250300273791956,0.0,0.31625698930435003,0.3162952581674675,0.34834606860850964,0.2800860305857662,0.2576029959077051,0.2729481337291124,0.2578461247600703,0.40268074997138115,0.3972204822268006,0.2838526782001199,0.37210794557262095,0.33859670990960655,0.42855046124616036,0.37104012076158716,0.42076691188860293,0.31834229556624205,0.3197239285887684,0.282018836866245,0.29297708234854625,0.2632100979412709,0.33939492798516135,0.28744149357368376,0.3533879502182517,0.32597868369995825,0.30632883938228644,0.3416437523355339,0.3594981441047335
PFE,0.33289095790013534,0.3422865518888283,0.4239770288953923,0.4087668357955169,0.348047884553438,0.3489795450496627,0.24937723100396322,0.3876311146692624,0.27114942817290194,0.3810674492224671,0.39303630086117136,0.39627779216274994,0.38913702663346234,0.41635150414002464,0.30980983466345674,0.4775326825113362,0.37484492792908375,0.36615319228193755,0.3561066918452241,0.31625698930435003,0.0,0.31392308164274874,0.33160656001482686,0.36331766243302005,0.2875098346760591,0.3667213996420811,0.306526445358642,0.4520242853682844,0.3507493761464017,0.29253536863099494,0.4012949890594137,0.3644687704291029,0.46904758616655273,0.34019890037710687,0.4665811832612996,0.3076007784085589,0.3422267988272384,0.3598424600935291,0.3242432144563232,0.28159843982834776,0.35293664999375424,0.3424460356206764,0.4244810762893062,0.3184654428714694,0.34513448647904377,0.35207609269377504,0.41578272784458825
CSCO,0.2514995673238839,0.2488564439044735,0.37236318162197274,0.29531190793279816,0.242522414837063,0.24030363465266677,0.3142141800467265,0.2905759302468928,0.31227535884435087,0.3548628942919552,0.3400891343414169,0.3696293457201277,0.2965838143376783,0.30427580111008634,0.34497284191222577,0.4426011782886163,0.31628852942759594,0.3169896079919604,0.2704681259394437,0.3162952581674675,0.31392308164274874,0.0,0.3585128148296187,0.3269223393362003,0.3091672413267644,0.28826871291448575,0.38581981868476034,0.40143793844457226,0.37440940128517164,0.3039154674606249,0.3066596896487926,0.3269169064566033,0.4234868269812443,0.3385007143735027,0.3647703028478386,0.2874705215139894,0.35530281875083103,0.26822000057712764,0.3550601468153706,0.32564999939828637,0.3756051506729157,0.29788851234368335,0.36900116404898153,0.29849763176141514,0.35617054279398974,0.2796661246363194,0.33373372548240976
MRK,0.3075610870761224,0.3372002995242053,0.44099144726290557,0.36241893944067,0.3233297348136478,0.3268292494037488,0.2807781453884499,0.3331300823030451,0.37186847978193366,0.37321476086727773,0.3822257773056398,0.353945523695309,0.3916245254670719,0.3836238769168671,0.31013309946950984,0.4871337323355379,0.375958896252789,0.4028225212390047,0.33995973407908897,0.34834606860850964,0.33160656001482686,0.3585128148296187,0.0,0.3670624661150087,0.35813968817978437,0.3737554362494728,0.34772990653686947,0.44125675715779106,0.41720070899154243,0.3041368706051996,0.3174013151928381,0.3376597488758996,0.39191081093544744,0.3277750938214449,0.3797174113912099,0.3435919554026689,0.36291211846794064,0.3014822273286444,0.3303262734363662,0.33826046669899246,0.2940860110604428,0.33602683527496646,0.3537364277417462,0.3050291182881061,0.3234264354285317,0.3358417139807711,0.3683502229386738
CMCSA,0.2842404817007225,0.29767118543653365,0.3828499437462407,0.36215842518493113,0.3079440833420275,0.3132358158255102,0.39056103136969866,0.3520937597094188,0.3668224039815297,0.3271763716373179,0.3165129233022229,0.3588005992445677,0.373253240448544,0.36076872850165215,0.3041872166107274,0.42950420736085826,0.2570005018200975,0.3003194868301208,0.30936685793248736,0.2800860305857662,0.36331766243302005,0.3269223393362003,0.3670624661150087,0.0,0.27428212863953466,0.31746522413267164,0.3350874457465411,0.4165950063664428,0.3880595430616406,0.3703897851716384,0.3378087186335925,0.35928515003771605,0.41581375019714606,0.44681484729107007,0.4486799905719455,0.32600370058554823,0.3190268658144358,0.2831560210111814,0.3751093526316099,0.32063546795051323,0.3824014177011358,0.28717661853037724,0.3953606094401528,0.3153670674490008,0.29564688862454286,0.269342963624506,0.43158808089185313
PEP,0.2705910553466904,0.2896639597584237,0.3989187568521274,0.38135484472749004,0.31454081309608883,0.32202747532053105,0.29650983662737335,0.3441930776217593,0.2484828001455736,0.35310785223478913,0.27342540228909756,0.34221387515617924,0.35012960608130317,0.3345177624475704,0.29036253621482666,0.4434578054258229,0.3166604533600331,0.3009153961486403,0.3008043404273521,0.2576029959077051,0.2875098346760591,0.3091672413267644,0.35813968817978437,0.27428212863953466,0.0,0.31684703196853614,0.2691138978656101,0.39648173498815736,0.3169256309871522,0.2933135966739256,0.3394727690445245,0.39168368388554237,0.4353916674279968,0.4047004846453627,0.41815830060007303,0.25208238798908816,0.3026543064557683,0.32510625789556197,0.2699693450335128,0.23984110668070113,0.3269472007205069,0.3034448291759148,0.38471237158747495,0.3130183147862907,0.26299882640843386,0.27935118323027786,0.3729035803145716
BAC,0.2828283492199458,0.2825293398729671,0.4557061878001454,0.3079966227998442,0.2842717128602437,0.28416492962569906,0.36209314435209006,0.2238385198953653,0.369068211382306,0.13822327618270827,0.2918724393453422,0.3516541288058938,0.24324478401259192,0.34308260306731814,0.3858109348753824,0.5156226244923021,0.3353732701704736,0.3647291135572815,0.23836506207450903,0.2729481337291124,0.3667213996420811,0.28826871291448575,0.3737554362494728,0.31746522413267164,0.31684703196853614,0.0,0.3438374593980284,0.2910657148581529,0.47672868023229487,0.32976634035592983,0.30241883677443004,0.3322753169629491,0.29997885942837954,0.3744677554279402,0.3139143496329243,0.3250209283949423,0.4281589681265577,0.23410238418181065,0.3277302667188433,0.3754720814473602,0.34508288417548827,0.22664684441513544,0.2617638524324553,0.32440434319755596,0.3114495757558103,0.3185360703304811,0.3132407567335434
KO,0.3460541679908346,0.327500958477916,0.4717160944548637,0.4356493958772805,0.3550791161129208,0.3579852441190961,0.307540311048981,0.32528501174148955,0.34177283181698614,0.3482416218895743,0.3494948941155394,0.36340777248679657,0.31150378845440635,0.41098083045523653,0.3300436414858479,0.5282955556072583,0.3958823044194682,0.4020393759484668,0.3580220359951371,0.2578461247600703,0.306526445358642,0.38581981868476034,0.34772990653686947,0.3350874457465411,0.2691138978656101,0.3438374593980284,0.0,0.37503798979480335,0.45543099611322124,0.33107123293236057,0.3949041747360496,0.38203869152965503,0.4113502516090547,0.3954606457077682,0.41913419013519515,0.37384704634293237,0.38146054468209684,0.3370862549452142,0.27229336120536624,0.3169319103956371,0.34958778390203504,0.29615700250279314,0.3461322045782561,0.32456729143920887,0.30157998695734656,0.38457737908467776,0.3391658515077861
XOM,0.3820061156544576,0.3774413387667206,0.5123383493173992,0.3997268255095566,0.36822342043163914,0.3726987413334003,0.4335977941137298,0.2930932736114638,0.44901093026331357,0.3153163912092841,0.3578053525317267,0.36629496439973586,0.30546590261455664,0.3712967956303691,0.44573867014566954,0.5537687411915041,0.432240564560336,0.4337656227581536,0.3546652323100248,0.40268074997138115,0.4520242853682844,0.40143793844457226,0.44125675715779106,0.4165950063664428,0.39648173498815736,0.2910657148581529,0.37503798979480335,0.0,0.5369550422446663,0.434319031819596,0.39281612664781723,0.4240666320135716,0.25786780860175523,0.4688992352741002,0.3582832142572051,0.4051471306882728,0.48861828906255267,0.369087362352054,0.37079202877433126,0.4523734774287626,0.3712323566416272,0.3564025429661947,0.2935773162984714,0.40112076332686486,0.3453606388073113,0.35749669230833225,0.3205543176680735
WMT,0.36274316841797694,0.37844755656904405,0.38976496553370166,0.44583311320274865,0.4089845904801416,0.41123664661049025,0.36684553297958267,0.47361565322833793,0.29633598279247964,0.49975518538807784,0.45534543829366997,0.4613413067055805,0.4852732527425348,0.43776204650353046,0.32591829856661125,0.4330857165612486,0.3798034604614058,0.36427791891768707,0.431259059013858,0.3972204822268006,0.3507493761464017,0.37440940128517164,0.41720070899154243,0.3880595430616406,0.3169256309871522,0.47672868023229487,0.45543099611322124,0.5369550422446663,0.0,0.3891350975739466,0.4324475554341367,0.49089406277614095,0.5833408097560663,0.4331631726702385,0.531213914430682,0.3024926947949385,0.2570462205153686,0.4583594362922086,0.41791554576239615,0.3284697825271123,0.44631645311647444,0.43887027081855223,0.5404909469790194,0.40693531611700157,0.4452786730979362,0.3622532997762542,0.5166734220482158
ABT,0.3054476834759776,0.2782059287236182,0.43411201312097547,0.3806205922550159,0.3348706617722181,0.33419581677600424,0.1973239078039219,0.3326680865445713,0.29366108742273805,0.3808344100153773,0.39274321224505704,0.30235574867939835,0.34999939690740295,0.36622922363995947,0.33417862444645613,0.5068932251512973,0.3895024829948245,0.3788429486974614,0.30150704090484093,0.2838526782001199,0.29253536863099494,0.3039154674606249,0.3041368706051996,0.3703897851716384,0.2933135966739256,0.32976634035592983,0.33107123293236057,0.434319031819596,0.3891350975739466,0.0,0.38409217225667897,0.35060834818139225,0.4285615051637585,0.2872593654148873,0.4177504205001597,0.2631036294261885,0.3397338792304528,0.3364282297278365,0.3299958662253296,0.26088494420162656,0.31882921877809844,0.32625565103188325,0.39914501881501957,0.2988778114797469,0.34721428833778556,0.3418058306202882,0.35702668476422045
CRM,0.24245806762936914,0.2859017595182541,0.3586937417893011,0.2726456543996752,0.23517912829751778,0.2423105972066352,0.4065085726111355,0.2878084850964441,0.4317614934991323,0.32014653208110677,0.24279244909617606,0.3627514529984193,0.326007160342864,0.26089278405720845,0.39210249464290386,0.38932555257730883,0.2711293224421852,0.3233770565624233,0.23922719468275655,0.37210794557262095,0.4012949890594137,0.3066596896487926,0.3174013151928381,0.3378087186335925,0.3394727690445245,0.30241883677443004,0.3949041747360496,0.39281612664781723,0.4324475554341367,0.38409217225667897,0.0,0.37658723191034393,0.3833475887730998,0.4000747602677775,0.30352802857517763,0.36078334385847227,0.3877096235620155,0.24967303952346898,0.3628110271350972,0.4201342028830873,0.37210927031169727,0.2847586256533867,0.3067769250119319,0.3306400436441219,0.34759539721239163,0.25209339046731083,0.3312114128828223
ABBV,0.32849460422951127,0.31896932011318985,0.445828463769708,0.32231549696482625,0.30742818035915137,0.30596272821337894,0.37795554321426056,0.3264256674108884,0.4108041708356775,0.3535243352480777,0.3656338718728474,0.3283751685297256,0.3605476491451075,0.38276544404127766,0.3697419152096867,0.4896915474958838,0.3646720456950457,0.4095040911154238,0.3330573590509847,0.33859670990960655,0.3644687704291029,0.3269169064566033,0.3376597488758996,0.35928515003771605,0.39168368388554237,0.3322753169629491,0.38203869152965503,0.4240666320135716,0.49089406277614095,0.35060834818139225,0.37658723191034393,0.0,0.38167884878046315,0.39663400672710636,0.37857803997580414,0.3915645306073036,0.415119257659307,0.3212458759150866,0.38153344036442943,0.3721116975691269,0.3328467903393611,0.33086738253522785,0.3515821570348312,0.3181215096596159,0.3139545741445187,0.394187022584645,0.36128332539899594
CVX,0.3781576117119643,0.38231352594412404,0.5394272899233667,0.38794298549676387,0.37380740748397534,0.37568506156868564,0.4312811371649175,0.2812083845579988,0.487289137647583,0.2829155586683521,0.33904935744048326,0.34351766243182774,0.31422800129051137,0.37547955290825985,0.4894501928976031,0.554682939532939,0.4382021728844617,0.4284209965024778,0.3177129211810281,0.42855046124616036,0.46904758616655273,0.4234868269812443,0.39191081093544744,0.41581375019714606,0.4353916674279968,0.29997885942837954,0.4113502516090547,0.25786780860175523,0.5833408097560663,0.4285615051637585,0.3833475887730998,0.38167884878046315,0.0,0.44482576888046826,0.29817193434148087,0.44141814244507516,0.5261605924714093,0.3504986579867408,0.39265113256191003,0.48989286980637403,0.3447426520135934,0.33305097760818075,0.288149593578331,0.3706270484025267,0.3245808598346687,0.3822553787592875,0.35433406575325455
TMO,0.3800370191442041,0.33623402545003567,0.477879023195352,0.39003819242374,0.3569224470546972,0.35295917726358933,0.2825701099656777,0.3496562427212035,0.358246196490484,0.407912978241964,0.4384818980988324,0.41125523563388694,0.38118404857139315,0.39978522563256524,0.4037381781469705,0.5616974187954911,0.45055735872959674,0.42685420188414297,0.346840360997504,0.37104012076158716,0.34019890037710687,0.3385007143735027,0.3277750938214449,0.44681484729107007,0.4047004846453627,0.3744677554279402,0.3954606457077682,0.4688992352741002,0.4331631726702385,0.2872593654148873,0.4000747602677775,0.39663400672710636,0.44482576888046826,0.0,0.41241290052842366,0.34289369008876625,0.4006473115167008,0.36046168490558944,0.3748710548264471,0.3880417754656909,0.3677072262801013,0.34532748985703576,0.4424695179730099,0.3296987633725516,0.44507174410089506,0.3650173301055077,0.39488150745520273
MCD,0.34448098122710724,0.33479770885460425,0.49339101322633405,0.32299660446130163,0.3192654922370826,0.3173298266767004,0.4336148614710493,0.23928229059040862,0.48001299542833276,0.326909161969096,0.28758072417427877,0.36816480473077645,0.2888015387491096,0.3447042823957254,0.47942086724274824,0.528869352711402,0.42212531909562184,0.45239655306176413,0.28988434559072934,0.42076691188860293,0.4665811832612996,0.3647703028478386,0.3797174113912099,0.4486799905719455,0.41815830060007303,0.3139143496329243,0.41913419013519515,0.3582832142572051,0.531213914430682,0.4177504205001597,0.30352802857517763,0.37857803997580414,0.29817193434148087,0.41241290052842366,0.0,0.4406316622742272,0.4878924139452034,0.3088878379734388,0.3547988533835854,0.5095161059747877,0.38983652046152517,0.3410267118521845,0.26757437781187304,0.3778105998683031,0.36114872383282914,0.395097232779297,0.25862357786284945
AMGN,0.28619007855777717,0.2785749635660852,0.3996802051056651,0.3721122396311776,0.3336591700660319,0.33329210616358196,0.27702206309585736,0.3607171103082981,0.26117369191608897,0.3699533418288173,0.3541332312875335,0.3548015992459021,0.3781901547771568,0.3346164660403416,0.3251546704133637,0.44835012750268366,0.3401782617474436,0.3350819304305984,0.3234864018793206,0.31834229556624205,0.3076007784085589,0.2874705215139894,0.3435919554026689,0.32600370058554823,0.25208238798908816,0.3250209283949423,0.37384704634293237,0.4051471306882728,0.3024926947949385,0.2631036294261885,0.36078334385847227,0.3915645306073036,0.44141814244507516,0.34289369008876625,0.4406316622742272,0.0,0.3096099526947516,0.3439535196980151,0.3536405202034408,0.2621699582472913,0.3206934983091519,0.3044755103555091,0.42175152530362947,0.29865914626008555,0.3498920195801579,0.27131842436991666,0.41923983241807977
COST,0.3099861585566749,0.3036638417196908,0.35539343811830665,0.40289237694661423,0.35234734554293334,0.35463121449644947,0.3325605125802896,0.39667359758341997,0.31878436405307636,0.4447269880947797,0.4086551976634175,0.3753245441339971,0.4322762640693321,0.40885378274611084,0.23865152120978475,0.4349032651226184,0.32720372286836724,0.3404017371931179,0.3758153721175025,0.3197239285887684,0.3422267988272384,0.35530281875083103,0.36291211846794064,0.3190268658144358,0.3026543064557683,0.4281589681265577,0.38146054468209684,0.48861828906255267,0.2570462205153686,0.3397338792304528,0.3877096235620155,0.415119257659307,0.5261605924714093,0.4006473115167008,0.4878924139452034,0.3096099526947516,0.0,0.369288692430178,0.4005712351827359,0.29006886068560545,0.41561612683423876,0.37729173333884086,0.4830376361874998,0.36765834514971063,0.3754153636988742,0.3146305448692829,0.4529052411280977
ACN,0.26467312427769096,0.26751883476103916,0.4038871537641809,0.2806603958653836,0.2442121438832566,0.24321257880602717,0.33885900121009405,0.24876188448893727,0.37216439763144193,0.26347960789216857,0.28188478751278595,0.35434127962146544,0.28990439145049696,0.33312792169582794,0.33361208470828685,0.4606333700984769,0.30438032260155734,0.36395139316165714,0.23034704147292476,0.282018836866245,0.3598424600935291,0.26822000057712764,0.3014822273286444,0.2831560210111814,0.32510625789556197,0.23410238418181065,0.3370862549452142,0.369087362352054,0.4583594362922086,0.3364282297278365,0.24967303952346898,0.3212458759150866,0.3504986579867408,0.36046168490558944,0.3088878379734388,0.3439535196980151,0.369288692430178,0.0,0.31411451724318706,0.3695040550008264,0.3412437964527826,0.2531540456791191,0.29052117378311737,0.30539600455184335,0.30569287719304855,0.2736688287922948,0.3143482654330728
NEE,0.33587769625397373,0.34385270136206997,0.47728971940309456,0.38841553647382643,0.33974753583542067,0.346529902721717,0.31402946576482416,0.31852612505846645,0.3225691501722172,0.35377879913609517,0.3318230025816703,0.3444780589959905,0.34011843391893903,0.3650185643023888,0.33135888597107266,0.5289407202720887,0.41808289001748167,0.4075030576687031,0.3442273586870448,0.29297708234854625,0.3242432144563232,0.3550601468153706,0.3303262734363662,0.3751093526316099,0.2699693450335128,0.3277302667188433,0.27229336120536624,0.37079202877433126,0.41791554576239615,0.3299958662253296,0.3628110271350972,0.38153344036442943,0.39265113256191003,0.3748710548264471,0.3547988533835854,0.3536405202034408,0.4005712351827359,0.31411451724318706,0.0,0.3366634424814942,0.3187191913879315,0.304926293842189,0.34136408528020795,0.3051795647380709,0.31504762707581213,0.3694788498626259,0.29843562775577365
LLY,0.331651328801327,0.32591487591809387,0.421763407484641,0.4211394008500463,0.36511023829852157,0.36767178794314553,0.26852844505341833,0.4101805440579402,0.2504301387908765,0.4162471060143261,0.40565029252141394,0.358676812477087,0.422920896096414,0.41609501451901654,0.25524230336832454,0.47760926904985596,0.36952414024132435,0.3473211690954311,0.3764996419284121,0.2632100979412709,0.28159843982834776,0.32564999939828637,0.33826046669899246,0.32063546795051323,0.23984110668070113,0.3754720814473602,0.3169319103956371,0.4523734774287626,0.3284697825271123,0.26088494420162656,0.4201342028830873,0.3721116975691269,0.48989286980637403,0.3880417754656909,0.5095161059747877,0.2621699582472913,0.29006886068560545,0.3695040550008264,0.3366634424814942,0.0,0.3348375930748833,0.3560882646602629,0.45599507224611097,0.31103793215907954,0.3432161611250598,0.32642333973285087,0.4346994032254617
BMY,0.3253738269946193,0.33294097666806094,0.4584857078920752,0.3836581259828767,0.3308271100795063,0.33611167701787936,0.3231383252034252,0.33805735119075486,0.36289732480892656,0.3533060661768558,0.3536384396606697,0.30938903978117177,0.37711027755552934,0.35247281799411473,0.3693094135647181,0.4858291288419771,0.3885712122155747,0.3977839176097998,0.3450561031312246,0.33939492798516135,0.35293664999375424,0.3756051506729157,0.2940860110604428,0.3824014177011358,0.3269472007205069,0.34508288417548827,0.34958778390203504,0.3712323566416272,0.44631645311647444,0.31882921877809844,0.37210927031169727,0.3328467903393611,0.3447426520135934,0.3677072262801013,0.38983652046152517,0.3206934983091519,0.41561612683423876,0.3412437964527826,0.3187191913879315,0.3348375930748833,0.0,0.3190067151910821,0.33828825158909714,0.30164628466439874,0.2852269582210054,0.3262634616900219,0.35929536849215565
LIN,0.24201670068616546,0.23736259040306754,0.41367035670637403,0.2720524098705136,0.2424828975549535,0.24252440530122588,0.3479461285989569,0.2416333487064163,0.3745333377844445,0.24569456349153518,0.27233798766850226,0.3140741235442958,0.24887892667085496,0.2944594745821931,0.3632277954239197,0.45257938190074454,0.29386944797322045,0.2834607903614655,0.23878417626832385,0.28744149357368376,0.3424460356206764,0.29788851234368335,0.33602683527496646,0.28717661853037724,0.3034448291759148,0.22664684441513544,0.29615700250279314,0.3564025429661947,0.43887027081855223,0.32625565103188325,0.2847586256533867,0.33086738253522785,0.33305097760818075,0.34532748985703576,0.3410267118521845,0.3044755103555091,0.37729173333884086,0.2531540456791191,0.304926293842189,0.3560882646602629,0.3190067151910821,0.0,0.3014252955529193,0.25333420412928886,0.3104602149687815,0.29731494925883134,0.32015310404238084
MDT,0.34123416247081484,0.3469286617768567,0.49782515249838116,0.35781015241321945,0.32708209862033394,0.33334269720006426,0.4098779390566341,0.230433239143483,0.4429027832810184,0.26560024152773104,0.3025185463073487,0.3404042540596389,0.2598514499042174,0.36160655347973625,0.4208567020231196,0.5264351880375941,0.3846790654300641,0.43088297107929946,0.3045765962130757,0.3533879502182517,0.4244810762893062,0.36900116404898153,0.3537364277417462,0.3953606094401528,0.38471237158747495,0.2617638524324553,0.3461322045782561,0.2935773162984714,0.5404909469790194,0.39914501881501957,0.3067769250119319,0.3515821570348312,0.288149593578331,0.4424695179730099,0.26757437781187304,0.42175152530362947,0.4830376361874998,0.29052117378311737,0.34136408528020795,0.45599507224611097,0.33828825158909714,0.3014252955529193,0.0,0.35443939965515664,0.2997288580630651,0.3754520988418357,0.2356903099046885
DHR,0.2813750890202831,0.2504907627049781,0.4373631144459286,0.33830888113249663,0.2811834266333548,0.28207164490140596,0.31601835845488135,0.2890259760552581,0.3240152620719555,0.3359063028862369,0.33544375052043995,0.3163286038021421,0.3131093736139226,0.30785469178583313,0.33173435084641834,0.45039620963905136,0.3215091378203326,0.3007021074708033,0.2885965211320798,0.32597868369995825,0.3184654428714694,0.29849763176141514,0.3050291182881061,0.3153670674490008,0.3130183147862907,0.32440434319755596,0.32456729143920887,0.40112076332686486,0.40693531611700157,0.2988778114797469,0.3306400436441219,0.3181215096596159,0.3706270484025267,0.3296987633725516,0.3778105998683031,0.29865914626008555,0.36765834514971063,0.30539600455184335,0.3051795647380709,0.31103793215907954,0.30164628466439874,0.25333420412928886,0.35443939965515664,0.0,0.3197241445664131,0.30888259626114,0.3632288647464506
