,MSFT,AAPL,AMZN,FB,GOOGL,GOOG,JNJ,V,PG,JPM,HD,UNH,MA,NVDA,VZ,NFLX,ADBE,INTC,PYPL,T,PFE,CSCO,MRK,CMCSA,PEP,BAC,KO,XOM,WMT,ABT,CRM,ABBV,CVX,TMO,MCD,AMGN,COST,ACN,NEE,LLY,BMY,LIN,MDT,DHR,PM,TXN,NKE
MSFT,0.0,0.28620481807944426,0.28953229928417873,0.4808284075037354,0.2756170144396236,0.2840671463171351,0.5177420770365789,0.2972480780880459,0.4984910813616989,0.4064593314428666,0.36638107527601405,0.3808183023484005,0.3313849919160167,0.5019990311608676,0.5660281663213454,0.36017011549576194,0.2524157264050199,0.39999948765499904,0.26742894325254496,0.5809437396018502,0.4974937842939142,0.29961872290971675,0.42723347795530936,0.5190245862504965,0.47999560934101665,0.44402780253153656,0.581049859434023,0.4576107579136261,0.4601210549112827,0.3394253724835644,0.30938160626898586,0.5016842941060519,0.434053510245647,0.3013401149836011,0.45848505595510414,0.4731897725425412,0.4034833729455459,0.34093535083741705,0.5749090902001683,0.49290562223385326,0.5057938903591238,0.4978231557561312,0.4344912284178687,0.3575395827214355,0.5871993805537136,0.42131797714117813,0.44875481642534437
AAPL,0.28620481807944426,0.0,0.34610140960713537,0.44774528704639494,0.34141625213611904,0.34186200502961256,0.5306606748405022,0.34351965158776704,0.566092600387655,0.42035286525972076,0.39234358696536936,0.4069837821368644,0.3148430667122628,0.5122994339028241,0.6427083861254995,0.42379639268656794,0.3454616141395654,0.41583059009807527,0.34014195736886776,0.6129223770599583,0.4948183429339148,0.3472680135950913,0.4586755439328508,0.5564623115745929,0.5213588167794969,0.4609570885952374,0.6210710304385043,0.43448368078157323,0.5249556551522521,0.35743574875482537,0.3674869126770952,0.5394138193613635,0.4226566394993798,0.34473833216964994,0.5627101743196001,0.5518765217025875,0.4560931960982233,0.33419446637658307,0.6193659438550122,0.504924264619375,0.43306341864520487,0.45330220114488634,0.4630908160246416,0.3817966030387517,0.566267248250007,0.42226605623928054,0.4877140910694283
AMZN,0.28953229928417873,0.34610140960713537,0.0,0.3777545668677908,0.24516652290855653,0.2520323729074351,0.5440448462358662,0.3444769184436353,0.5587287488329724,0.41861878648782713,0.36738398191373456,0.4148447782023893,0.2845331906137379,0.43436664016224774,0.6126070210878433,0.3413876454865659,0.284599141488705,0.4395589261963455,0.33608802781222347,0.5351939392946402,0.5384081999014713,0.3601863486781246,0.5214673325450153,0.5235632860158603,0.5335309299659446,0.4702295275420776,0.634702857884508,0.47095902005847257,0.4347248875194586,0.3916559712775225,0.32022485978565246,0.5243714080356761,0.4629262632089727,0.35530940703711433,0.5593989953618187,0.501074516403272,0.41102026079822246,0.4151669626348854,0.5953854392988401,0.5570532299473702,0.5317408666975619,0.5288908371796431,0.5077925391219142,0.4101725808658347,0.5968955997751706,0.4289313658893966,0.454497973570091
FB,0.4808284075037354,0.44774528704639494,0.3777545668677908,0.0,0.35849087830624216,0.3725304028291305,0.6078984759141891,0.46916194309240783,0.5774201439980594,0.5528086417164964,0.4656502643435183,0.5799428093409812,0.37290755756294325,0.4502856283298643,0.6227356772645833,0.4877725917321551,0.42047892983765495,0.5102791914206252,0.4667686873946526,0.5996997387283748,0.5660650977602327,0.48874850923045565,0.5639164448461096,0.5569274957263259,0.5736993252566164,0.5868304637877106,0.6472782928904649,0.532555802937795,0.5751219384592878,0.4974124238337049,0.44305912132913905,0.5984829573861742,0.5180535719738564,0.49232193352166154,0.6695153935979046,0.5639153733253518,0.5493602993134452,0.516617386011168,0.6314316743597221,0.6313362666091472,0.5572750758943467,0.5898646905019362,0.5434818073555172,0.5009333062382088,0.606514389990813,0.5004732368450926,0.5613502297141012
GOOGL,0.2756170144396236,0.34141625213611904,0.24516652290855653,0.35849087830624216,0.0,0.05137235636013536,0.548828746856491,0.3113037771776405,0.5273113371760538,0.42478057226066135,0.36457390871431433,0.4470688014848291,0.280799418029004,0.45303001869663695,0.61485552528949,0.3613532612422743,0.26090638710093333,0.4239312101489968,0.3177583708316984,0.5586221031182292,0.5183015989337582,0.35844539721930063,0.46124065156631344,0.49640291393455677,0.5053948136445018,0.4680098862784945,0.6144970572691396,0.46637051773821214,0.4941212666159849,0.37334809379233047,0.2859434853791267,0.4941285876007865,0.44171205513875783,0.3635584537652986,0.5690021442485512,0.4610453587744018,0.438256917975788,0.4096847159798118,0.6074762075463052,0.5200956903428521,0.49448257908399534,0.5141645440753396,0.4497895659473884,0.3842033792965621,0.5868705432302617,0.42100928683304556,0.47428269591964234
GOOG,0.2840671463171351,0.34186200502961256,0.2520323729074351,0.3725304028291305,0.05137235636013536,0.0,0.5589568939586359,0.30994625665111525,0.5406814243206286,0.42644587335755346,0.37386119995072264,0.44647614313956846,0.2783575728635772,0.45626277676026394,0.6274845739029868,0.36546947587418616,0.26796605765674936,0.42995665235641234,0.3215479054966738,0.5649291698525928,0.5241581774237574,0.3580441077600156,0.469531865769787,0.4950794236828315,0.5272798433305566,0.4668687454692623,0.627224353787907,0.4609430967180548,0.5004482343029701,0.3762871432870996,0.28780141411667115,0.500164522048784,0.4372011288587698,0.36462336339558643,0.5761460909986887,0.47022503151549516,0.4427000600618568,0.41997852704605004,0.6195554621660284,0.5196449077607486,0.5024246547583602,0.511913071492864,0.45164796557880466,0.393481704700711,0.5787030766049072,0.4259524360927439,0.475603970848774
JNJ,0.5177420770365789,0.5306606748405022,0.5440448462358662,0.6078984759141891,0.548828746856491,0.5589568939586359,0.0,0.5608404240906132,0.5246882360463319,0.5547686893170838,0.5346065603024122,0.4952728411470004,0.564684699251125,0.6672953261735507,0.580494329298881,0.5448661298551433,0.49372677825932504,0.5574669414687623,0.5799844207966562,0.6436927445394479,0.4700745754474612,0.4692900404759176,0.429664601489944,0.6095341879012858,0.37805609667194795,0.6307292915005432,0.5559258744020812,0.5173368802208593,0.5874475981029857,0.506926648973341,0.5377200757550352,0.5393395214616444,0.5414215589661926,0.4888629066467609,0.5448288647260596,0.5024169433661997,0.3572374473393467,0.4767216415480438,0.5356340566838207,0.4647383913312212,0.547247167099627,0.5647786830542536,0.5417843117685441,0.48284873940504586,0.5686728370342952,0.5632721197075692,0.551577225214279
V,0.2972480780880459,0.34351965158776704,0.3444769184436353,0.46916194309240783,0.3113037771776405,0.30994625665111525,0.5608404240906132,0.0,0.5511576272332641,0.3880255714189328,0.30150350005311766,0.4466748303406325,0.23897720708644438,0.4374694461079325,0.6382643196031373,0.38829798824074735,0.2981654228238185,0.34322175206156286,0.20226412062713175,0.5518971992911275,0.5206018088711102,0.34260928934986906,0.45553267248799406,0.5457117626353929,0.5654776756501477,0.4309827987209171,0.6059994766528413,0.40462504875887334,0.4948922949644069,0.388121553706498,0.27067627063091776,0.5037909993247595,0.38571569635081737,0.35320830407729,0.5327784321417907,0.4780753796144167,0.46736010641732195,0.36839788650358446,0.6256727154905577,0.5475836686324801,0.47974814587287107,0.4884402772387349,0.4800465207890573,0.4346561981395144,0.6328739125677577,0.36548232299342204,0.4629890274981227
PG,0.4984910813616989,0.566092600387655,0.5587287488329724,0.5774201439980594,0.5273113371760538,0.5406814243206286,0.5246882360463319,0.5511576272332641,0.0,0.5475632825891232,0.5146296977072172,0.5299563773193192,0.5619545602749362,0.6129845000264974,0.452649970640798,0.5621279561056253,0.5290800562421523,0.5234566360942995,0.5514025441044133,0.5582666699031914,0.4735878869999728,0.4562407977667967,0.4487445561058461,0.5128175817812735,0.41435865222004753,0.6173496536836065,0.43807255429171177,0.5260053539049061,0.5434414161634601,0.552971310970488,0.5073462174697049,0.5358424501296117,0.5443920554093379,0.516101522850625,0.502263491329108,0.5235129728899531,0.5464368320009481,0.5139782255565504,0.4322350170508875,0.48663789884774605,0.5602653056202457,0.6295121707734723,0.5408113307247041,0.5006379129102762,0.5857347187967972,0.5713853036384727,0.5266727401203498
JPM,0.4064593314428666,0.42035286525972076,0.41861878648782713,0.5528086417164964,0.42478057226066135,0.42644587335755346,0.5547686893170838,0.3880255714189328,0.5475632825891232,0.0,0.3987657497386704,0.4319582501174892,0.40538669139243094,0.5515788001876313,0.6373859338329285,0.4650965887683533,0.48643419038557245,0.41946494612227575,0.41267338322182767,0.4893559309733786,0.5121583320974523,0.39075663657274057,0.4541406130568861,0.5109326967955862,0.5241862654379105,0.2899416850585674,0.5812319712281384,0.3778716662641529,0.5059253450068397,0.4782195956091651,0.4658937901054517,0.5523046749525929,0.3885551345875815,0.4628384083026688,0.565932649028503,0.49106830539343066,0.5052464956425804,0.3843293620860353,0.6141891566694868,0.5228016653691484,0.5429658939964813,0.46680251809341056,0.5569158427167138,0.4830377943433203,0.5473340498374043,0.4691907214534569,0.5162020165967942
HD,0.36638107527601405,0.39234358696536936,0.36738398191373456,0.4656502643435183,0.36457390871431433,0.37386119995072264,0.5346065603024122,0.30150350005311766,0.5146296977072172,0.3987657497386704,0.0,0.41749778528244996,0.31968642085176413,0.5021287773701876,0.5848091456646592,0.4400530694903774,0.38597409587527065,0.4244555641233295,0.3558734774691346,0.47970375370953217,0.49909110553623265,0.4153769334650787,0.4659387782830543,0.5057472179935727,0.5167815229907635,0.4486676587090464,0.5669577222275153,0.42774898486545165,0.4255828340717709,0.4003315212618795,0.3639668541312287,0.5171739653615469,0.3973327248809629,0.38998563834999095,0.530562170783812,0.4985465748116789,0.4116293519315654,0.37664430139286825,0.6091958103917217,0.5546142629282159,0.5199783275627093,0.5285905153070702,0.5348894541729756,0.4119976639527003,0.5893469573011118,0.44323497777896725,0.4511683167587924
UNH,0.3808183023484005,0.4069837821368644,0.4148447782023893,0.5799428093409812,0.4470688014848291,0.44647614313956846,0.4952728411470004,0.4466748303406325,0.5299563773193192,0.4319582501174892,0.41749778528244996,0.0,0.4360386489857481,0.6036385510467217,0.6081011364368452,0.4584619982316732,0.4055389534733857,0.4959929566132048,0.4623098089287835,0.5541733830473975,0.47678312301811143,0.39413880067439266,0.4271212561207551,0.5280275828905329,0.4902109186388767,0.4792945496367377,0.6039438497298982,0.4545406289944992,0.44325217638843123,0.3758248165586725,0.41470426223396234,0.520296953468082,0.4470011931272142,0.3734082241358782,0.47368275236454177,0.49920036551061703,0.4118957356186732,0.3809655086575183,0.5718131046962345,0.49668435717563175,0.53397468113939,0.5096099607927598,0.44732405924435975,0.3943030082606218,0.5318608715756976,0.5049270485185356,0.4778398170655381
MA,0.3313849919160167,0.3148430667122628,0.2845331906137379,0.37290755756294325,0.280799418029004,0.2783575728635772,0.564684699251125,0.23897720708644438,0.5619545602749362,0.40538669139243094,0.31968642085176413,0.4360386489857481,0.0,0.42022932609498326,0.6415511341195513,0.4246403654559773,0.28864271157837124,0.3914111648521356,0.27873416690293784,0.5277787252982322,0.5177013706412865,0.3427918818645709,0.4782779674511224,0.5173549157690859,0.5633349514467437,0.4495550367696844,0.6223155823247716,0.41456377424567076,0.49447793946204144,0.37094409122219646,0.27578730509566163,0.510844160164347,0.4055369948409435,0.3598787711298928,0.5831035973320274,0.49176550316882556,0.46306658283095836,0.3768357134280597,0.6078282385627573,0.5581502658115748,0.49292472344007976,0.49684280970828376,0.45612059827492046,0.4233019560393031,0.5715007903914313,0.3956437074117012,0.4686527665911971
NVDA,0.5019990311608676,0.5122994339028241,0.43436664016224774,0.4502856283298643,0.45303001869663695,0.45626277676026394,0.6672953261735507,0.4374694461079325,0.6129845000264974,0.5515788001876313,0.5021287773701876,0.6036385510467217,0.42022932609498326,0.0,0.685902891510633,0.48362421099363245,0.4625633872817125,0.48906942491260563,0.43632538965905127,0.6387124733420629,0.6125611510493865,0.5007946189210021,0.6459011916851587,0.6217113832445549,0.6578023638354132,0.5594369424968677,0.6956925674152858,0.6042049695443467,0.5724104795017291,0.5274020072174828,0.46322986187291904,0.588015491653122,0.5932896027545858,0.5078675327771547,0.6751920119257323,0.558231893006119,0.6067390741433955,0.571352976320885,0.664098931003161,0.6734016859970404,0.5682819764514092,0.6386353179348141,0.5944471366949703,0.5656769918890491,0.6769143494421113,0.42217704102259757,0.5817898137299563
VZ,0.5660281663213454,0.6427083861254995,0.6126070210878433,0.6227356772645833,0.61485552528949,0.6274845739029868,0.580494329298881,0.6382643196031373,0.452649970640798,0.6373859338329285,0.5848091456646592,0.6081011364368452,0.6415511341195513,0.685902891510633,0.0,0.6240748044841241,0.6199703397615658,0.6106036445528494,0.6299940307829425,0.5670797345503248,0.5454376101858394,0.5803473918048483,0.5555004020202413,0.6141011982047933,0.4682002909480919,0.6733403665777536,0.5015337498228394,0.5890071336904563,0.5932793530470926,0.5882776273627675,0.6084789238364773,0.5317446703251418,0.5916922802033376,0.5706055689019138,0.5074482613888124,0.5340303692002141,0.5919681888986243,0.5849434201297755,0.4952243249107631,0.5414768616909498,0.6618938315874584,0.6836726374679241,0.6355689319693961,0.515766964273408,0.6379982771124838,0.6639556030362305,0.6047427396162135
NFLX,0.36017011549576194,0.42379639268656794,0.3413876454865659,0.4877725917321551,0.3613532612422743,0.36546947587418616,0.5448661298551433,0.38829798824074735,0.5621279561056253,0.4650965887683533,0.4400530694903774,0.4584619982316732,0.4246403654559773,0.48362421099363245,0.6240748044841241,0.0,0.35719781439875425,0.47038021686348114,0.3757960322863053,0.5620957331216796,0.5236424880639506,0.4033864623916979,0.492583173556791,0.5603354269074385,0.5542400859057726,0.4899941559955806,0.6474674425626128,0.519074558742959,0.506512147858928,0.4189795711046801,0.35914337256838963,0.5685628571921505,0.5148189339149251,0.4016763846745661,0.5233935706343664,0.49181371647548017,0.4543888517490783,0.4449037663670337,0.6169525341290163,0.5251119740785942,0.5685644790759632,0.554840637267465,0.5286856644269934,0.44560764384462054,0.6043083712858999,0.44917590758151305,0.523197171778989
ADBE,0.2524157264050199,0.3454616141395654,0.284599141488705,0.42047892983765495,0.26090638710093333,0.26796605765674936,0.49372677825932504,0.2981654228238185,0.5290800562421523,0.48643419038557245,0.38597409587527065,0.4055389534733857,0.28864271157837124,0.4625633872817125,0.6199703397615658,0.35719781439875425,0.0,0.4477447089386123,0.29482235281707,0.590253714661666,0.5188391295080715,0.33182824044640097,0.4520634680344564,0.5244981160590914,0.5023194387167657,0.505453711394671,0.614000769829537,0.49770453496379513,0.45149135690076875,0.3683006725126533,0.20333792520620153,0.5078875163976756,0.4720208672752329,0.32443760173853753,0.5080954249291311,0.4572410677493446,0.36862353005031734,0.3894719742111882,0.5939713250244187,0.5217132509163419,0.49539094942923556,0.5377949710071764,0.4236944841503317,0.3707455340622858,0.5923642955324899,0.4286209410978919,0.4743237187545269
INTC,0.39999948765499904,0.41583059009807527,0.4395589261963455,0.5102791914206252,0.4239312101489968,0.42995665235641234,0.5574669414687623,0.34322175206156286,0.5234566360942995,0.41946494612227575,0.4244555641233295,0.4959929566132048,0.3914111648521356,0.48906942491260563,0.6106036445528494,0.47038021686348114,0.4477447089386123,0.0,0.3785517596289385,0.5825665877944941,0.5107561124702531,0.4012401738411514,0.4571417016631934,0.5726872715505509,0.5194873361914789,0.49689690021193705,0.5831260487267219,0.46438944716769714,0.5432083056546767,0.4147223606794607,0.4451519076163579,0.43864170905294003,0.4341782491124969,0.4156646702411968,0.5094502674414365,0.4593135856086984,0.5002655166199307,0.4326143191333127,0.5323800119605183,0.5608854914039845,0.4705306644275199,0.5074663580670705,0.49694545198691087,0.4628435896053827,0.6414192731026771,0.32697395325898687,0.49165778406788696
PYPL,0.26742894325254496,0.34014195736886776,0.33608802781222347,0.4667686873946526,0.3177583708316984,0.3215479054966738,0.5799844207966562,0.20226412062713175,0.5514025441044133,0.41267338322182767,0.3558734774691346,0.4623098089287835,0.27873416690293784,0.43632538965905127,0.6299940307829425,0.3757960322863053,0.29482235281707,0.3785517596289385,0.0,0.5559236560374506,0.5696339096863235,0.33850143041907593,0.5038003868975278,0.5404148565230994,0.5679067468125777,0.4525465389918788,0.6212153826029863,0.4676252285917774,0.504405415679347,0.4139085738628123,0.29165403360780834,0.553194984817914,0.44415123323886585,0.38104107282354294,0.5288017566818227,0.48806191809371735,0.47394267198212603,0.37391569491491305,0.6535566158261339,0.5929101745281059,0.5183033333116246,0.5185028416372547,0.48648740479504743,0.46048684333361567,0.6277257752427151,0.37126439169783826,0.5090625311901859
T,0.5809437396018502,0.6129223770599583,0.5351939392946402,0.5996997387283748,0.5586221031182292,0.5649291698525928,0.6436927445394479,0.5518971992911275,0.5582666699031914,0.4893559309733786,0.47970375370953217,0.5541733830473975,0.5277787252982322,0.6387124733420629,0.5670797345503248,0.5620957331216796,0.590253714661666,0.5825665877944941,0.5559236560374506,0.0,0.5724910877273088,0.5390350271771145,0.5486402824633301,0.46177196575936547,0.5876713327552443,0.5353919422826459,0.6026837156676825,0.4619347924524372,0.45804051006139823,0.6146911540587281,0.5578738878233821,0.5974107747114176,0.50389618195648,0.569808776694085,0.5659683350997082,0.5501242261044265,0.5536122343768164,0.5243529012537768,0.6073077436783028,0.6003961147317214,0.6217144319616875,0.5633111809703163,0.6623540332625023,0.5811227869655167,0.5684074007682912,0.6251364182633833,0.5303407217130156
PFE,0.4974937842939142,0.4948183429339148,0.5384081999014713,0.5660650977602327,0.5183015989337582,0.5241581774237574,0.4700745754474612,0.5206018088711102,0.4735878869999728,0.5121583320974523,0.49909110553623265,0.47678312301811143,0.5177013706412865,0.6125611510493865,0.5454376101858394,0.5236424880639506,0.5188391295080715,0.5107561124702531,0.5696339096863235,0.5724910877273088,0.0,0.40960130779451154,0.3106408125112764,0.5271590030063432,0.4335809461708861,0.5894323494169408,0.5582339036548596,0.45266040829214943,0.5606239277055716,0.3973440626404386,0.5020302746809783,0.4101672586401415,0.48368929684053813,0.46674827363420457,0.5389512178830475,0.4403776203631023,0.4989224279602939,0.5160684792944819,0.5054339601612803,0.3218755721084367,0.5086951542915557,0.5106617824771396,0.5285153764971339,0.4353179729445143,0.5386105646666427,0.567533313639415,0.537503067748555
CSCO,0.29961872290971675,0.3472680135950913,0.3601863486781246,0.48874850923045565,0.35844539721930063,0.3580441077600156,0.4692900404759176,0.34260928934986906,0.4562407977667967,0.39075663657274057,0.4153769334650787,0.39413880067439266,0.3427918818645709,0.5007946189210021,0.5803473918048483,0.4033864623916979,0.33182824044640097,0.4012401738411514,0.33850143041907593,0.5390350271771145,0.40960130779451154,0.0,0.3919711630046345,0.4985533365487564,0.4625260759802307,0.4676029358553134,0.6001271581178933,0.4060164759486456,0.49436266528943357,0.3513557387149106,0.3468419151525983,0.4705873903500696,0.4156790270452629,0.3586076926817505,0.4925475744329743,0.4382092397604767,0.39599157709078525,0.38983844925763944,0.5174073500662556,0.4381395956193748,0.47196049843203847,0.49111248063800295,0.4548912103153508,0.39668546091463064,0.5454089030557335,0.39834996625999647,0.4541647629387379
MRK,0.42723347795530936,0.4586755439328508,0.5214673325450153,0.5639164448461096,0.46124065156631344,0.469531865769787,0.429664601489944,0.45553267248799406,0.4487445561058461,0.4541406130568861,0.4659387782830543,0.4271212561207551,0.4782779674511224,0.6459011916851587,0.5555004020202413,0.492583173556791,0.4520634680344564,0.4571417016631934,0.5038003868975278,0.5486402824633301,0.3106408125112764,0.3919711630046345,0.0,0.5154447988789624,0.37722168238951403,0.5290745566285425,0.5107479042834071,0.412775071072318,0.5413338538075472,0.4233792811935624,0.44692247135251173,0.4211828631297943,0.4446066173123903,0.44023167783774425,0.5032231195718871,0.410027818068493,0.44037059388882155,0.4315245130292396,0.5037275584420264,0.3383322356737919,0.5033205240035736,0.47990087828086797,0.4685947006598733,0.42897194901670493,0.5027098301383032,0.5513012407323311,0.5201951253798773
CMCSA,0.5190245862504965,0.5564623115745929,0.5235632860158603,0.5569274957263259,0.49640291393455677,0.4950794236828315,0.6095341879012858,0.5457117626353929,0.5128175817812735,0.5109326967955862,0.5057472179935727,0.5280275828905329,0.5173549157690859,0.6217113832445549,0.6141011982047933,0.5603354269074385,0.5244981160590914,0.5726872715505509,0.5404148565230994,0.46177196575936547,0.5271590030063432,0.4985533365487564,0.5154447988789624,0.0,0.5650518584729017,0.56987998846192,0.6300783307358954,0.4841391861215368,0.49142011044424433,0.5812826864926819,0.5337460762457955,0.5764072354050974,0.49007108888450307,0.5496675712222135,0.597873728369434,0.5610777077990539,0.5178522309129391,0.5603368671116367,0.596328478750029,0.5707940117685828,0.6614433142954939,0.5981616075183249,0.5657273064412974,0.568414434285238,0.5100851165104534,0.6482267061897008,0.5996531240644245
PEP,0.47999560934101665,0.5213588167794969,0.5335309299659446,0.5736993252566164,0.5053948136445018,0.5272798433305566,0.37805609667194795,0.5654776756501477,0.41435865222004753,0.5241862654379105,0.5167815229907635,0.4902109186388767,0.5633349514467437,0.6578023638354132,0.4682002909480919,0.5542400859057726,0.5023194387167657,0.5194873361914789,0.5679067468125777,0.5876713327552443,0.4335809461708861,0.4625260759802307,0.37722168238951403,0.5650518584729017,0.0,0.5928910715000159,0.40968309166910527,0.5249951348717562,0.5499892078859377,0.47109339341534523,0.5161140992227863,0.4422175009982696,0.5311520050769698,0.5051091339220751,0.49272198351795893,0.46653447776156887,0.4248157696259846,0.475198067211868,0.43645479846364565,0.47283431908139756,0.5207304899437747,0.5838958777956869,0.5440751684752241,0.4392389162282202,0.5362269083925213,0.5920616567066085,0.5467357894668414
BAC,0.44402780253153656,0.4609570885952374,0.4702295275420776,0.5868304637877106,0.4680098862784945,0.4668687454692623,0.6307292915005432,0.4309827987209171,0.6173496536836065,0.2899416850585674,0.4486676587090464,0.4792945496367377,0.4495550367696844,0.5594369424968677,0.6733403665777536,0.4899941559955806,0.505453711394671,0.49689690021193705,0.4525465389918788,0.5353919422826459,0.5894323494169408,0.4676029358553134,0.5290745566285425,0.56987998846192,0.5928910715000159,0.0,0.6253078622729166,0.48726973500859677,0.5242652422141645,0.5107503003125515,0.49755646373157997,0.5864540911550561,0.48954785171857085,0.5038219984064511,0.6038862235288033,0.5104710213985026,0.5576519613696591,0.4536390060777009,0.6563899479110534,0.5752579057424478,0.5929017983767183,0.5420845576593228,0.5457675985540315,0.5130823219846141,0.5832560430864332,0.494109791397046,0.5422825502747302
KO,0.581049859434023,0.6210710304385043,0.634702857884508,0.6472782928904649,0.6144970572691396,0.627224353787907,0.5559258744020812,0.6059994766528413,0.43807255429171177,0.5812319712281384,0.5669577222275153,0.6039438497298982,0.6223155823247716,0.6956925674152858,0.5015337498228394,0.6474674425626128,0.614000769829537,0.5831260487267219,0.6212153826029863,0.6026837156676825,0.5582339036548596,0.6001271581178933,0.5107479042834071,0.6300783307358954,0.40968309166910527,0.6253078622729166,0.0,0.585432265434845,0.6154381851426965,0.5776061668298588,0.5940537512314942,0.5554505855151614,0.593158716888368,0.5802610738505479,0.5968529981998966,0.5745791584647714,0.6023109001596706,0.5543030509468807,0.4962112886443959,0.5935556105453081,0.6011800058737975,0.6187812042390698,0.6120560592258185,0.5440289894943094,0.6275139541007431,0.6350672361975465,0.5645308922100782
XOM,0.4576107579136261,0.43448368078157323,0.47095902005847257,0.532555802937795,0.46637051773821214,0.4609430967180548,0.5173368802208593,0.40462504875887334,0.5260053539049061,0.3778716662641529,0.42774898486545165,0.4545406289944992,0.41456377424567076,0.6042049695443467,0.5890071336904563,0.519074558742959,0.49770453496379513,0.46438944716769714,0.4676252285917774,0.4619347924524372,0.45266040829214943,0.4060164759486456,0.412775071072318,0.4841391861215368,0.5249951348717562,0.48726973500859677,0.585432265434845,0.0,0.5213868196209135,0.4775166983324911,0.47405433537802677,0.5459556462791587,0.23194471961736446,0.45671828801810876,0.5333275014908404,0.5285441148133453,0.49541861427511796,0.3890629508873503,0.5952695555039,0.4986133176011784,0.5646199948147803,0.42682713241436887,0.5429239535037428,0.466692663291826,0.5107780943117727,0.5209442241690517,0.4597776151194522
WMT,0.4601210549112827,0.5249556551522521,0.4347248875194586,0.5751219384592878,0.4941212666159849,0.5004482343029701,0.5874475981029857,0.4948922949644069,0.5434414161634601,0.5059253450068397,0.4255828340717709,0.44325217638843123,0.49447793946204144,0.5724104795017291,0.5932793530470926,0.506512147858928,0.45149135690076875,0.5432083056546767,0.504405415679347,0.45804051006139823,0.5606239277055716,0.49436266528943357,0.5413338538075472,0.49142011044424433,0.5499892078859377,0.5242652422141645,0.6154381851426965,0.5213868196209135,0.0,0.5039008031110344,0.49492274070642767,0.5582676141138943,0.5054203516919417,0.4980435281712804,0.48846522338618137,0.5259106360132094,0.42336773050843074,0.48497718325984956,0.5653038768964505,0.5688995287156144,0.6041016057254208,0.5764593013029172,0.5747570460094575,0.49726611548160776,0.5911047131327913,0.5861610550390159,0.4400467037257173
ABT,0.3394253724835644,0.35743574875482537,0.3916559712775225,0.4974124238337049,0.37334809379233047,0.3762871432870996,0.506926648973341,0.388121553706498,0.552971310970488,0.4782195956091651,0.4003315212618795,0.3758248165586725,0.37094409122219646,0.5274020072174828,0.5882776273627675,0.4189795711046801,0.3683006725126533,0.4147223606794607,0.4139085738628123,0.6146911540587281,0.3973440626404386,0.3513557387149106,0.4233792811935624,0.5812826864926819,0.47109339341534523,0.5107503003125515,0.5776061668298588,0.4775166983324911,0.5039008031110344,0.0,0.3733869748838742,0.4196024093551823,0.41985670185795293,0.3254322189551097,0.501804191127695,0.4231847972841099,0.4366496682420101,0.4121364334712027,0.528800647579608,0.46848810823802894,0.4683667555913908,0.4796640095874881,0.4344611055963694,0.3242583890704991,0.6042895367474687,0.39739966000952476,0.4568223977831682
CRM,0.30938160626898586,0.3674869126770952,0.32022485978565246,0.44305912132913905,0.2859434853791267,0.28780141411667115,0.5377200757550352,0.27067627063091776,0.5073462174697049,0.4658937901054517,0.3639668541312287,0.41470426223396234,0.27578730509566163,0.46322986187291904,0.6084789238364773,0.35914337256838963,0.20333792520620153,0.4451519076163579,0.29165403360780834,0.5578738878233821,0.5020302746809783,0.3468419151525983,0.44692247135251173,0.5337460762457955,0.5161140992227863,0.49755646373157997,0.5940537512314942,0.47405433537802677,0.49492274070642767,0.3733869748838742,0.0,0.4937821173651863,0.46304247265311954,0.33341833072305177,0.5194849657654853,0.4593412116679017,0.4422495208219144,0.40444912053272675,0.6117876076801403,0.5276408204400661,0.49620801134940423,0.5166960521825289,0.45791188606879135,0.3741990945175389,0.607714556199009,0.435224023029359,0.46460097610176626
ABBV,0.5016842941060519,0.5394138193613635,0.5243714080356761,0.5984829573861742,0.4941285876007865,0.500164522048784,0.5393395214616444,0.5037909993247595,0.5358424501296117,0.5523046749525929,0.5171739653615469,0.520296953468082,0.510844160164347,0.588015491653122,0.5317446703251418,0.5685628571921505,0.5078875163976756,0.43864170905294003,0.553194984817914,0.5974107747114176,0.4101672586401415,0.4705873903500696,0.4211828631297943,0.5764072354050974,0.4422175009982696,0.5864540911550561,0.5554505855151614,0.5459556462791587,0.5582676141138943,0.4196024093551823,0.4937821173651863,0.0,0.5405255226477832,0.4790911893787666,0.5390095343502437,0.4008502333194962,0.5218927177773792,0.5472053215406496,0.4674619266249058,0.46110604244521697,0.5208225249324973,0.5580334743464681,0.5347278204451692,0.44734817227620366,0.6203996798896503,0.5503366025876864,0.5459480560269071
CVX,0.434053510245647,0.4226566394993798,0.4629262632089727,0.5180535719738564,0.44171205513875783,0.4372011288587698,0.5414215589661926,0.38571569635081737,0.5443920554093379,0.3885551345875815,0.3973327248809629,0.4470011931272142,0.4055369948409435,0.5932896027545858,0.5916922802033376,0.5148189339149251,0.4720208672752329,0.4341782491124969,0.44415123323886585,0.50389618195648,0.48368929684053813,0.4156790270452629,0.4446066173123903,0.49007108888450307,0.5311520050769698,0.48954785171857085,0.593158716888368,0.23194471961736446,0.5054203516919417,0.41985670185795293,0.46304247265311954,0.5405255226477832,0.0,0.4567075593701032,0.5101063068489571,0.5149734908101689,0.49026958196870674,0.4045849478339865,0.599242327846829,0.5372419755209334,0.5435132185507421,0.4355763804288294,0.5519797009594218,0.44064545041271425,0.5675221404699028,0.47797329365152247,0.463062658352177
TMO,0.3013401149836011,0.34473833216964994,0.35530940703711433,0.49232193352166154,0.3635584537652986,0.36462336339558643,0.4888629066467609,0.35320830407729,0.516101522850625,0.4628384083026688,0.38998563834999095,0.3734082241358782,0.3598787711298928,0.5078675327771547,0.5706055689019138,0.4016763846745661,0.32443760173853753,0.4156646702411968,0.38104107282354294,0.569808776694085,0.46674827363420457,0.3586076926817505,0.44023167783774425,0.5496675712222135,0.5051091339220751,0.5038219984064511,0.5802610738505479,0.45671828801810876,0.4980435281712804,0.3254322189551097,0.33341833072305177,0.4790911893787666,0.4567075593701032,0.0,0.44277005618624504,0.4566165173349548,0.41343363899834956,0.32046288781607907,0.5571792248225615,0.47559122451920743,0.4986862907136928,0.46400933959225044,0.40643381436276704,0.2528200635409575,0.5729712980684362,0.4006955547048067,0.44937202040846896
MCD,0.45848505595510414,0.5627101743196001,0.5593989953618187,0.6695153935979046,0.5690021442485512,0.5761460909986887,0.5448288647260596,0.5327784321417907,0.502263491329108,0.565932649028503,0.530562170783812,0.47368275236454177,0.5831035973320274,0.6751920119257323,0.5074482613888124,0.5233935706343664,0.5080954249291311,0.5094502674414365,0.5288017566818227,0.5659683350997082,0.5389512178830475,0.4925475744329743,0.5032231195718871,0.597873728369434,0.49272198351795893,0.6038862235288033,0.5968529981998966,0.5333275014908404,0.48846522338618137,0.501804191127695,0.5194849657654853,0.5390095343502437,0.5101063068489571,0.44277005618624504,0.0,0.49643144912250226,0.47244955745213446,0.46647220243411913,0.5483360497278775,0.5397208441459324,0.5819123240813481,0.5971806486300018,0.567819721205765,0.45742537048769916,0.6100666381286328,0.5740681327337154,0.5301946159868631
AMGN,0.4731897725425412,0.5518765217025875,0.501074516403272,0.5639153733253518,0.4610453587744018,0.47022503151549516,0.5024169433661997,0.4780753796144167,0.5235129728899531,0.49106830539343066,0.4985465748116789,0.49920036551061703,0.49176550316882556,0.558231893006119,0.5340303692002141,0.49181371647548017,0.4572410677493446,0.4593135856086984,0.48806191809371735,0.5501242261044265,0.4403776203631023,0.4382092397604767,0.410027818068493,0.5610777077990539,0.46653447776156887,0.5104710213985026,0.5745791584647714,0.5285441148133453,0.5259106360132094,0.4231847972841099,0.4593412116679017,0.4008502333194962,0.5149734908101689,0.4566165173349548,0.49643144912250226,0.0,0.4785518097121967,0.47737708477470286,0.5410057391257459,0.45472358956198133,0.5336102170075644,0.554199724991429,0.5308999432937889,0.45585037953937846,0.5785875932086192,0.4678407269548515,0.58813626907876
COST,0.4034833729455459,0.4560931960982233,0.41102026079822246,0.5493602993134452,0.438256917975788,0.4427000600618568,0.3572374473393467,0.46736010641732195,0.5464368320009481,0.5052464956425804,0.4116293519315654,0.4118957356186732,0.46306658283095836,0.6067390741433955,0.5919681888986243,0.4543888517490783,0.36862353005031734,0.5002655166199307,0.47394267198212603,0.5536122343768164,0.4989224279602939,0.39599157709078525,0.44037059388882155,0.5178522309129391,0.4248157696259846,0.5576519613696591,0.6023109001596706,0.49541861427511796,0.42336773050843074,0.4366496682420101,0.4422495208219144,0.5218927177773792,0.49026958196870674,0.41343363899834956,0.47244955745213446,0.4785518097121967,0.0,0.44624011493860016,0.5661349675373952,0.4818583595842268,0.5280002052718664,0.5702901210473202,0.5231295663801427,0.4421185971698949,0.5466837591151822,0.531954120289034,0.4851342182634187
ACN,0.34093535083741705,0.33419446637658307,0.4151669626348854,0.516617386011168,0.4096847159798118,0.41997852704605004,0.4767216415480438,0.36839788650358446,0.5139782255565504,0.3843293620860353,0.37664430139286825,0.3809655086575183,0.3768357134280597,0.571352976320885,0.5849434201297755,0.4449037663670337,0.3894719742111882,0.4326143191333127,0.37391569491491305,0.5243529012537768,0.5160684792944819,0.38983844925763944,0.4315245130292396,0.5603368671116367,0.475198067211868,0.4536390060777009,0.5543030509468807,0.3890629508873503,0.48497718325984956,0.4121364334712027,0.40444912053272675,0.5472053215406496,0.4045849478339865,0.32046288781607907,0.46647220243411913,0.47737708477470286,0.44624011493860016,0.0,0.5512949435867764,0.49197155609213644,0.49798874269746674,0.46959605020044104,0.4699819660503396,0.38708510452988887,0.5200508327140876,0.459436241880984,0.5253692053293267
NEE,0.5749090902001683,0.6193659438550122,0.5953854392988401,0.6314316743597221,0.6074762075463052,0.6195554621660284,0.5356340566838207,0.6256727154905577,0.4322350170508875,0.6141891566694868,0.6091958103917217,0.5718131046962345,0.6078282385627573,0.664098931003161,0.4952243249107631,0.6169525341290163,0.5939713250244187,0.5323800119605183,0.6535566158261339,0.6073077436783028,0.5054339601612803,0.5174073500662556,0.5037275584420264,0.596328478750029,0.43645479846364565,0.6563899479110534,0.4962112886443959,0.5952695555039,0.5653038768964505,0.528800647579608,0.6117876076801403,0.4674619266249058,0.599242327846829,0.5571792248225615,0.5483360497278775,0.5410057391257459,0.5661349675373952,0.5512949435867764,0.0,0.4934214498473061,0.5990997251061458,0.6467345180513441,0.5662028367460422,0.548623913458843,0.6050120758846144,0.6236049551622864,0.5753535807924292
LLY,0.49290562223385326,0.504924264619375,0.5570532299473702,0.6313362666091472,0.5200956903428521,0.5196449077607486,0.4647383913312212,0.5475836686324801,0.48663789884774605,0.5228016653691484,0.5546142629282159,0.49668435717563175,0.5581502658115748,0.6734016859970404,0.5414768616909498,0.5251119740785942,0.5217132509163419,0.5608854914039845,0.5929101745281059,0.6003961147317214,0.3218755721084367,0.4381395956193748,0.3383322356737919,0.5707940117685828,0.47283431908139756,0.5752579057424478,0.5935556105453081,0.4986133176011784,0.5688995287156144,0.46848810823802894,0.5276408204400661,0.46110604244521697,0.5372419755209334,0.47559122451920743,0.5397208441459324,0.45472358956198133,0.4818583595842268,0.49197155609213644,0.4934214498473061,0.0,0.521143736060451,0.550832677491111,0.5324436436932215,0.4747232960529212,0.5072667512926338,0.6092912586134437,0.572984890434413
BMY,0.5057938903591238,0.43306341864520487,0.5317408666975619,0.5572750758943467,0.49448257908399534,0.5024246547583602,0.547247167099627,0.47974814587287107,0.5602653056202457,0.5429658939964813,0.5199783275627093,0.53397468113939,0.49292472344007976,0.5682819764514092,0.6618938315874584,0.5685644790759632,0.49539094942923556,0.4705306644275199,0.5183033333116246,0.6217144319616875,0.5086951542915557,0.47196049843203847,0.5033205240035736,0.6614433142954939,0.5207304899437747,0.5929017983767183,0.6011800058737975,0.5646199948147803,0.6041016057254208,0.4683667555913908,0.49620801134940423,0.5208225249324973,0.5435132185507421,0.4986862907136928,0.5819123240813481,0.5336102170075644,0.5280002052718664,0.49798874269746674,0.5990997251061458,0.521143736060451,0.0,0.5637410836750089,0.5765557137057213,0.5066248547122003,0.6325111050520098,0.4623139199170526,0.5441663601194231
LIN,0.4978231557561312,0.45330220114488634,0.5288908371796431,0.5898646905019362,0.5141645440753396,0.511913071492864,0.5647786830542536,0.4884402772387349,0.6295121707734723,0.46680251809341056,0.5285905153070702,0.5096099607927598,0.49684280970828376,0.6386353179348141,0.6836726374679241,0.554840637267465,0.5377949710071764,0.5074663580670705,0.5185028416372547,0.5633111809703163,0.5106617824771396,0.49111248063800295,0.47990087828086797,0.5981616075183249,0.5838958777956869,0.5420845576593228,0.6187812042390698,0.42682713241436887,0.5764593013029172,0.4796640095874881,0.5166960521825289,0.5580334743464681,0.4355763804288294,0.46400933959225044,0.5971806486300018,0.554199724991429,0.5702901210473202,0.46959605020044104,0.6467345180513441,0.550832677491111,0.5637410836750089,0.0,0.5361924444225972,0.46711950568312566,0.6098873490518164,0.5267147440858791,0.5068878998887651
MDT,0.4344912284178687,0.4630908160246416,0.5077925391219142,0.5434818073555172,0.4497895659473884,0.45164796557880466,0.5417843117685441,0.4800465207890573,0.5408113307247041,0.5569158427167138,0.5348894541729756,0.44732405924435975,0.45612059827492046,0.5944471366949703,0.6355689319693961,0.5286856644269934,0.4236944841503317,0.49694545198691087,0.48648740479504743,0.6623540332625023,0.5285153764971339,0.4548912103153508,0.4685947006598733,0.5657273064412974,0.5440751684752241,0.5457675985540315,0.6120560592258185,0.5429239535037428,0.5747570460094575,0.4344611055963694,0.45791188606879135,0.5347278204451692,0.5519797009594218,0.40643381436276704,0.567819721205765,0.5308999432937889,0.5231295663801427,0.4699819660503396,0.5662028367460422,0.5324436436932215,0.5765557137057213,0.5361924444225972,0.0,0.397798278877811,0.577194571529171,0.486907412010996,0.5248678526777344
DHR,0.3575395827214355,0.3817966030387517,0.4101725808658347,0.5009333062382088,0.3842033792965621,0.393481704700711,0.48284873940504586,0.4346561981395144,0.5006379129102762,0.4830377943433203,0.4119976639527003,0.3943030082606218,0.4233019560393031,0.5656769918890491,0.515766964273408,0.44560764384462054,0.3707455340622858,0.4628435896053827,0.46048684333361567,0.5811227869655167,0.4353179729445143,0.39668546091463064,0.42897194901670493,0.568414434285238,0.4392389162282202,0.5130823219846141,0.5440289894943094,0.466692663291826,0.49726611548160776,0.3242583890704991,0.3741990945175389,0.44734817227620366,0.44064545041271425,0.2528200635409575,0.45742537048769916,0.45585037953937846,0.4421185971698949,0.38708510452988887,0.548623913458843,0.4747232960529212,0.5066248547122003,0.46711950568312566,0.397798278877811,0.0,0.5887983528039179,0.4407015516859181,0.4259765534862259
