,MSFT,AAPL,AMZN,FB,GOOGL,GOOG,JNJ,V,PG,JPM,HD,UNH,MA,NVDA,VZ,NFLX,ADBE,INTC,PYPL,T,PFE,CSCO,MRK,CMCSA,PEP,BAC,KO,XOM,WMT,ABT,CRM,ABBV,CVX,TMO,MCD,AMGN,COST,ACN,NEE,LLY,BMY,LIN,MDT,DHR,PM,TXN,NKE
MSFT,0.0,0.4406025137918894,0.32530713981644815,0.40596469603595564,0.4087490362615865,0.40848393119164544,0.6897654695866132,0.5770745321382676,0.6033047518309221,0.6701840930912597,0.588673787376212,0.5902857643693925,0.5765707752113303,0.4300956286035023,0.6413924708609647,0.4869908933691806,0.33270413681964345,0.643911256909336,0.4714901577580198,0.6175530109688461,0.6795339841797092,0.6471374965564384,0.6370845308467515,0.5727134574831642,0.5932450415861793,0.6553996143469177,0.6780536275086931,0.6585391128918798,0.6329712694546484,0.5682036217682976,0.4521746492235248,0.6756642661359972,0.6643832179680822,0.5486148287961755,0.5925489848869031,0.6506067171522005,0.5409206813394841,0.5431984728807333,0.6453229821412552,0.6400639104901621,0.640098128542617,0.6445267396603883,0.6906268477396295,0.6169166722052588,0.7009062654955858,0.4660881531131988,0.5491301982155802
AAPL,0.4406025137918894,0.0,0.39848277668313964,0.384318545230031,0.5547012808514714,0.5542079576828461,0.6523880084395074,0.6289003177652758,0.6224883765875174,0.6570931995855843,0.5911277476806102,0.6297938232179932,0.6394062177851885,0.4899888832698044,0.6994226471977266,0.5282355282461256,0.4684887304325167,0.6664315390361838,0.5270660474886306,0.6219597468443328,0.7040709764479272,0.6596666808171693,0.6613688361909846,0.6612095123341245,0.5923229929182787,0.6548962093220266,0.6561904470117584,0.6578905603384956,0.6168696477984856,0.6547407017094344,0.5621606721672824,0.6684405150008971,0.6501602023606686,0.6006973249166649,0.5942953510225629,0.6329678653642362,0.5317196749294407,0.6123295100015872,0.6256238931711707,0.6443093945764741,0.6860488515832578,0.6631683152914004,0.6876914050543181,0.663689482180769,0.7046595462583337,0.5725388115714386,0.5895578637908108
AMZN,0.32530713981644815,0.39848277668313964,0.0,0.3280373878179197,0.4750723539623859,0.47005102502049484,0.6698828371181902,0.6087341277555389,0.5843305313405597,0.6012508901987014,0.5780207561530258,0.5971338382223415,0.6201770007437666,0.4048766134543985,0.6170483561354662,0.4166968730377992,0.28801986131853563,0.6011529204842346,0.4200322982279341,0.5967488181846566,0.6604843898099941,0.6945046280892933,0.637740044171601,0.637005457246518,0.5963134177121887,0.6016833141205008,0.693653103557384,0.6326381134416204,0.6287087562342669,0.6081561568758709,0.5079914120680116,0.698900365732485,0.6167877321443641,0.5203058989732167,0.542252876606325,0.6333804653846938,0.4553891721476265,0.5879894282047569,0.6445534837342443,0.6456255951219221,0.6604401847352814,0.6749880181376112,0.6420659654818216,0.5811145721776955,0.6594204400398341,0.5024458873897212,0.5545648338493075
FB,0.40596469603595564,0.384318545230031,0.3280373878179197,0.0,0.45719666310251206,0.45646299700269927,0.6725222247887513,0.5950106136330968,0.59747389693358,0.6286038846408467,0.5615006819120597,0.5335306008003616,0.60415159236011,0.47508848986353297,0.6950609345366275,0.48814838983733877,0.3941725904400198,0.6747425471928407,0.4815059723251448,0.6566050491467849,0.6903854313404413,0.6582597016910972,0.582354308445605,0.6174886658018821,0.5627842756391532,0.6177700561820313,0.7034955086188863,0.6408343171654873,0.6360371459823899,0.6128233482824496,0.5413929997656455,0.6798980066897374,0.651299606246993,0.5465351539130889,0.5646682513816426,0.5630327700466218,0.4858024130958305,0.5972846485562711,0.6710143850426586,0.5998654807504333,0.6260039136126544,0.6529507194132627,0.6902997928539246,0.6092118559043823,0.6728807985578327,0.520405202503203,0.6129680992903029
GOOGL,0.4087490362615865,0.5547012808514714,0.4750723539623859,0.45719666310251206,0.0,0.04009608999432745,0.6321056838567737,0.5278905216433707,0.6249446442231782,0.6619219398073835,0.639555088474407,0.48677403320561174,0.526930138209352,0.5579331440251686,0.6571309951648706,0.5202081431158697,0.47446208235106946,0.614063648668963,0.5896737596622397,0.6917413653824336,0.6202704322920833,0.6425596261252365,0.5560282051146063,0.5339593139612094,0.5599837718317939,0.6738851173326336,0.6068010986540634,0.6674262574052924,0.6472130764404814,0.6204903760256071,0.5708470675662098,0.5014113650496244,0.640328218511853,0.5398905695765531,0.5955258178086631,0.534293601089235,0.6133805446210228,0.525602717191578,0.6080672857872227,0.6214557128712043,0.5486394284348837,0.5871934707846371,0.6117472754561637,0.5937226441243277,0.6286986934728143,0.4748926627807655,0.5534208889194215
GOOG,0.40848393119164544,0.5542079576828461,0.47005102502049484,0.45646299700269927,0.04009608999432745,0.0,0.6277522343940836,0.5260778235357313,0.6240918119251568,0.6597049568350234,0.6375731537059255,0.47858040670620106,0.5281829323904207,0.5566598765888928,0.6601564177077806,0.5209974466010054,0.4751859710789262,0.612786927038057,0.5919372073042494,0.6856062691818664,0.6235934684951469,0.6419126769300768,0.5541144950148299,0.5317985413375452,0.5651751973311984,0.6698203369515393,0.6142765846325756,0.6645490064827511,0.6390239974038006,0.6238150503416592,0.5730709164756671,0.5092034086431899,0.6361940531621944,0.5354272312569683,0.5946930955316466,0.5275232045782674,0.6122410435746379,0.5207167957447628,0.605338729590084,0.6235915875985414,0.54715793509745,0.5885435606678917,0.6162387609498263,0.5912427356328748,0.6305746105955202,0.47481591351715735,0.5475218654228197
JNJ,0.6897654695866132,0.6523880084395074,0.6698828371181902,0.6725222247887513,0.6321056838567737,0.6277522343940836,0.0,0.5704612643669228,0.6010271895559648,0.6174161942035369,0.6914046029791696,0.6258377141626122,0.607352504732469,0.6455791828950238,0.5671884543232691,0.6826483512609227,0.6821649834248552,0.6964085760949503,0.6530760978329142,0.5426703245545164,0.570681510454796,0.6026470363371833,0.5736131391121077,0.5489275539753096,0.49020659820401086,0.5988767475187791,0.5255020175716257,0.5749695722974394,0.5893624269535482,0.6911898895345409,0.6905644661946274,0.5949429559562659,0.558491320059106,0.7042633083176285,0.6975649439890612,0.484966246644981,0.6984449535268226,0.5083416019052912,0.5787599314078556,0.6363544231565096,0.5674968986930548,0.5229169738039244,0.5156344060975839,0.6933769326183579,0.4946612984914744,0.6215521925458443,0.6947670960473138
V,0.5770745321382676,0.6289003177652758,0.6087341277555389,0.5950106136330968,0.5278905216433707,0.5260778235357313,0.5704612643669228,0.0,0.6566029510296973,0.4963201863260727,0.6969548478564375,0.532630806156319,0.21234337996560018,0.6418144758388985,0.5831059233939732,0.6325751509566077,0.6040549309796344,0.6307406792274739,0.6712847039396648,0.632387743454029,0.5666750847401545,0.5673790484703592,0.5787099017858515,0.431341472628694,0.520056605816092,0.5129078189233885,0.4019698991563927,0.5485410655798622,0.625497868837742,0.7030815840305344,0.5975174463106491,0.5687210002136939,0.5200221234638625,0.7012762837103751,0.5880778456705041,0.5436213278385859,0.6584972758908475,0.44379685907634164,0.6249115970181932,0.6627451434624877,0.5814810620786389,0.4568879647330879,0.41288545958500816,0.692905877386823,0.5794611054540694,0.5329977897098757,0.5416013320743787
PG,0.6033047518309221,0.6224883765875174,0.5843305313405597,0.59747389693358,0.6249446442231782,0.6240918119251568,0.6010271895559648,0.6566029510296973,0.0,0.6538275347162995,0.4794918486424467,0.606248293301232,0.6960606333858078,0.6309828911687996,0.5999917983300126,0.5793606354843649,0.5632502813827328,0.6549099517654301,0.5929618110918519,0.6746812626503824,0.6842899165145921,0.6178448454864104,0.5693462165763605,0.6031536986012067,0.4278935641660548,0.6680481394884504,0.6669004113173951,0.6309136058470844,0.49816411143480105,0.48734196361425475,0.681659376677926,0.6449286774206554,0.6520189610681546,0.5038604690067576,0.5403158677601579,0.6166144711584237,0.44945801309712125,0.5478894110779167,0.4710325306241327,0.694310574636861,0.6211335437257635,0.4907358717457626,0.6840050885033938,0.5165683064649275,0.5924353460683761,0.5307039376811735,0.6306365722600527
JPM,0.6701840930912597,0.6570931995855843,0.6012508901987014,0.6286038846408467,0.6619219398073835,0.6597049568350234,0.6174161942035369,0.4963201863260727,0.6538275347162995,0.0,0.6285370087625226,0.6469435897680796,0.4747580686494744,0.6097799910753624,0.5405720165148593,0.597388531469801,0.5802079419204319,0.6442665536475386,0.5958650555469084,0.5164840577310458,0.5750844083934322,0.5827617636149671,0.662638619680383,0.4910006434380661,0.6717992105902295,0.1291469381686367,0.5179402425257448,0.3888644019801255,0.6880992273403381,0.582908789194061,0.6789246683985746,0.6360865701800376,0.3847457788857307,0.563791119649956,0.7054033303992874,0.6496339763238631,0.5762688894309981,0.5934346480612968,0.5971357233869841,0.6568298027066706,0.644649768813767,0.5074565661725725,0.39943457385589015,0.6141166088021763,0.6015559948608864,0.6574079144408062,0.5915192330906793
HD,0.588673787376212,0.5911277476806102,0.5780207561530258,0.5615006819120597,0.639555088474407,0.6375731537059255,0.6914046029791696,0.6969548478564375,0.4794918486424467,0.6285370087625226,0.0,0.5894786248109232,0.6808193604560223,0.5951138975799816,0.6585053760723552,0.5919812674810255,0.5876172966984659,0.6912785088128701,0.5387991432853081,0.6536359638468766,0.6093557444262064,0.6503400891334163,0.6200048800445711,0.6834623149131172,0.5880579572285635,0.6267671083367348,0.6796643176460159,0.6234482241991727,0.500222609320178,0.5429103701764765,0.6675368843390183,0.6532905464482585,0.6506142773647928,0.5626460587606307,0.5339785275122729,0.5867552736063351,0.4803944630837335,0.6112960088092823,0.5842458289444311,0.6056631996846972,0.5942253611855016,0.6037768861780204,0.6788925038752974,0.5882415971758834,0.6646704378494976,0.599142322885892,0.5973172306107063
UNH,0.5902857643693925,0.6297938232179932,0.5971338382223415,0.5335306008003616,0.48677403320561174,0.47858040670620106,0.6258377141626122,0.532630806156319,0.606248293301232,0.6469435897680796,0.5894786248109232,0.0,0.5410024546985248,0.6315178669222723,0.6011460096672047,0.6708013355432845,0.5738142414638672,0.5977086628453218,0.6309503465460199,0.6752942872558321,0.6091470336601569,0.6554118698573028,0.43093329416791687,0.5487107850903143,0.595353010207431,0.6610141468240174,0.6520235545143602,0.6694361098543976,0.6890283171943913,0.6130536670091327,0.6680193070907315,0.4804579955463086,0.6443455605681621,0.5744632110867075,0.6892689157568834,0.4425653647529335,0.6448122540828933,0.5874254277738379,0.6657682650880357,0.5420619385680768,0.4618403896446792,0.5769902015478988,0.6174791489398153,0.6182235429457017,0.6264496297261334,0.5565777588700319,0.5639721418066119
MA,0.5765707752113303,0.6394062177851885,0.6201770007437666,0.60415159236011,0.526930138209352,0.5281829323904207,0.607352504732469,0.21234337996560018,0.6960606333858078,0.4747580686494744,0.6808193604560223,0.5410024546985248,0.0,0.6469743821415502,0.5880673965590316,0.6608966881910188,0.6011719795805271,0.6371871520862454,0.6778744978717953,0.6567037639505289,0.565374359320041,0.580750748937909,0.6084424621734664,0.41183040291067247,0.5817399701566511,0.4952456914161047,0.43174790282572484,0.538418456413961,0.6825250023277649,0.6884360109324524,0.5772722902306858,0.5833078230765959,0.5341264531622442,0.6869723580299386,0.6051904040018808,0.5978036346799133,0.6928542151826051,0.4799410906734766,0.6332989553229165,0.6678119844773953,0.6094978733850072,0.48094229198091215,0.38643305406886125,0.6929594261602612,0.6088421065082671,0.5388356264019492,0.567274214674459
NVDA,0.4300956286035023,0.4899888832698044,0.4048766134543985,0.47508848986353297,0.5579331440251686,0.5566598765888928,0.6455791828950238,0.6418144758388985,0.6309828911687996,0.6097799910753624,0.5951138975799816,0.6315178669222723,0.6469743821415502,0.0,0.6233470655168398,0.5173837151915184,0.3816205563851663,0.6162950945685632,0.44591921109867555,0.5426859305341102,0.677202212611201,0.6872497907925353,0.6485693018269715,0.7055224241832699,0.687546111405221,0.59127946824738,0.6424107199277924,0.6131525243191956,0.6227504221883194,0.5696577084105922,0.5468941422184866,0.7044060063195408,0.5978925740953359,0.4498266032814319,0.5942245634164879,0.6993025282610111,0.5242645538768138,0.6309431093199788,0.6929965518951008,0.6452761131832347,0.6547945548135204,0.6988926051088536,0.6074590379523791,0.535281859637475,0.6330416519489342,0.461423027899505,0.5627180875382276
VZ,0.6413924708609647,0.6994226471977266,0.6170483561354662,0.6950609345366275,0.6571309951648706,0.6601564177077806,0.5671884543232691,0.5831059233939732,0.5999917983300126,0.5405720165148593,0.6585053760723552,0.6011460096672047,0.5880673965590316,0.6233470655168398,0.0,0.7056318570114902,0.647443465949241,0.6907284961325839,0.6485294073018898,0.5106542493962112,0.5924285965219735,0.5842301211677744,0.575573361655315,0.5863013834232286,0.5951043914237577,0.5345624317344957,0.5618547979981487,0.5769207328403927,0.6230377891079936,0.6908772841646766,0.6276192628457316,0.5878399286188396,0.5609030597995226,0.6995091423799737,0.6606051308555368,0.5599605417812351,0.7012988923500837,0.5891651798772515,0.5238680661184891,0.7029377373842185,0.6259965771825482,0.5317704037501191,0.47750482168631914,0.6965714340523146,0.5515818180567625,0.671086874886724,0.6618209508687081
NFLX,0.4869908933691806,0.5282355282461256,0.4166968730377992,0.48814838983733877,0.5202081431158697,0.5209974466010054,0.6826483512609227,0.6325751509566077,0.5793606354843649,0.597388531469801,0.5919812674810255,0.6708013355432845,0.6608966881910188,0.5173837151915184,0.7056318570114902,0.0,0.4480126799862448,0.625357974508414,0.5347395759747787,0.6321971641876769,0.6512913467664241,0.685919957388448,0.6596273192964068,0.6575675576127347,0.5871570395384916,0.6051735405274999,0.7016275966071192,0.6329077132133836,0.6004170830703376,0.5649675768792934,0.5780085816596806,0.6814598830849019,0.6338482868387872,0.544666860990276,0.5092124120406402,0.6309691074282624,0.44977093554410646,0.5804100169262071,0.5853646600607367,0.6720637448014406,0.7061685184089681,0.6524573904934338,0.693948348690667,0.6039783939680312,0.6761437024837693,0.5913693390980568,0.5688037525696257
ADBE,0.33270413681964345,0.4684887304325167,0.28801986131853563,0.3941725904400198,0.47446208235106946,0.4751859710789262,0.6821649834248552,0.6040549309796344,0.5632502813827328,0.5802079419204319,0.5876172966984659,0.5738142414638672,0.6011719795805271,0.3816205563851663,0.647443465949241,0.4480126799862448,0.0,0.6465532606852793,0.40897465351718526,0.5880478967569177,0.6997109966923792,0.6853833992034254,0.5869983454630407,0.6252180629635368,0.5791832858607969,0.5795938885757395,0.6921031388219216,0.5959923697670373,0.6555537095316462,0.5692126052269754,0.4730978232668735,0.6426533244859333,0.587308392975209,0.4754825609198548,0.5553336666199901,0.6433820363958463,0.4959866097765859,0.5670107395035601,0.6714518220279477,0.6310609639267022,0.6249676967604251,0.6719962467422833,0.661219706420203,0.5414296517121459,0.6820982253483227,0.460863467193327,0.5706259870453537
INTC,0.643911256909336,0.6664315390361838,0.6011529204842346,0.6747425471928407,0.614063648668963,0.612786927038057,0.6964085760949503,0.6307406792274739,0.6549099517654301,0.6442665536475386,0.6912785088128701,0.5977086628453218,0.6371871520862454,0.6162950945685632,0.6907284961325839,0.625357974508414,0.6465532606852793,0.0,0.6208435219883891,0.6756615159521194,0.6921309584031711,0.6720545162398756,0.6670585618761126,0.6032682602527626,0.6438737392671913,0.64200231627306,0.6531770884078669,0.6094671723971116,0.6961383169477089,0.6356047984181751,0.6955169533735429,0.5991592085284979,0.6300214661133984,0.6710093417832792,0.6540705966574634,0.6317821142157614,0.6614798927246612,0.6211222422577122,0.6409994390226517,0.6873866137219425,0.6781891022274195,0.6421096200739603,0.6484913198828124,0.7009782365192004,0.637226077968665,0.5440166469536436,0.6471761856008744
PYPL,0.4714901577580198,0.5270660474886306,0.4200322982279341,0.4815059723251448,0.5896737596622397,0.5919372073042494,0.6530760978329142,0.6712847039396648,0.5929618110918519,0.5958650555469084,0.5387991432853081,0.6309503465460199,0.6778744978717953,0.44591921109867555,0.6485294073018898,0.5347395759747787,0.40897465351718526,0.6208435219883891,0.0,0.5595318719686748,0.6153506737243009,0.6856114930043333,0.6361136403344728,0.6862451262053817,0.6206408689806615,0.6006737492974578,0.6561428769823896,0.6619581181337699,0.6644119167354309,0.5671921548461413,0.5361478704567181,0.6417978568637558,0.6585060977114642,0.5192686568719639,0.5746111265523607,0.6802763752215855,0.54244089515222,0.6071399962427443,0.6461086105003097,0.6353701719246269,0.6711486684012415,0.6719807076871063,0.6328080472239095,0.5801351592335179,0.7013511949035761,0.47242685016317976,0.5860559217631658
T,0.6175530109688461,0.6219597468443328,0.5967488181846566,0.6566050491467849,0.6917413653824336,0.6856062691818664,0.5426703245545164,0.632387743454029,0.6746812626503824,0.5164840577310458,0.6536359638468766,0.6752942872558321,0.6567037639505289,0.5426859305341102,0.5106542493962112,0.6321971641876769,0.5880478967569177,0.6756615159521194,0.5595318719686748,0.0,0.5761834629898169,0.5743304547730713,0.6325327049664866,0.6166537910827493,0.6487691639018871,0.5168382707397053,0.6112973588068008,0.512347925541857,0.6273643732059168,0.6155100240079099,0.6203481547868561,0.6229136676352182,0.5256849424659753,0.6127617962549778,0.7065180527829381,0.5792950978705458,0.7003836958444969,0.6818234078772182,0.6464306849413383,0.688910553006135,0.6475839217946051,0.5940439856801568,0.5693868149137692,0.628504985205474,0.540894602346644,0.677185286711033,0.7000728716967076
PFE,0.6795339841797092,0.7040709764479272,0.6604843898099941,0.6903854313404413,0.6202704322920833,0.6235934684951469,0.570681510454796,0.5666750847401545,0.6842899165145921,0.5750844083934322,0.6093557444262064,0.6091470336601569,0.565374359320041,0.677202212611201,0.5924285965219735,0.6512913467664241,0.6997109966923792,0.6921309584031711,0.6153506737243009,0.5761834629898169,0.0,0.6667867141385319,0.4875996797599587,0.6282089724504484,0.6775481915161705,0.5751889203258261,0.6095221743497378,0.5852298711362697,0.6704799423829684,0.6498457489299228,0.6886793634296925,0.5415687534061521,0.6001252773831267,0.7016210471704877,0.6204755986837217,0.5981417882037721,0.650939247830966,0.6643627913759759,0.7025263015876361,0.6235970905124307,0.6282817749284564,0.6359938724558726,0.5644539290159141,0.6745085420943424,0.6505407585725531,0.6571670886344599,0.6507582025987385
CSCO,0.6471374965564384,0.6596666808171693,0.6945046280892933,0.6582597016910972,0.6425596261252365,0.6419126769300768,0.6026470363371833,0.5673790484703592,0.6178448454864104,0.5827617636149671,0.6503400891334163,0.6554118698573028,0.580750748937909,0.6872497907925353,0.5842301211677744,0.685919957388448,0.6853833992034254,0.6720545162398756,0.6856114930043333,0.5743304547730713,0.6667867141385319,0.0,0.6518050499461063,0.574005554469479,0.5774954967354863,0.5759342915503247,0.5648427402614902,0.5801951227429549,0.5705255419585226,0.6914655298267547,0.7030180790415408,0.6852603953866832,0.5478232105173027,0.6825273217503084,0.6045014644884834,0.6346506807350292,0.6889312767341231,0.5297682721533177,0.6471294258789541,0.6875525033018217,0.5970064817606384,0.5965182871499838,0.5840133855669429,0.6770126826975199,0.5404434667568934,0.6133722682201108,0.6561291223189266
MRK,0.6370845308467515,0.6613688361909846,0.637740044171601,0.582354308445605,0.5560282051146063,0.5541144950148299,0.5736131391121077,0.5787099017858515,0.5693462165763605,0.662638619680383,0.6200048800445711,0.43093329416791687,0.6084424621734664,0.6485693018269715,0.575573361655315,0.6596273192964068,0.5869983454630407,0.6670585618761126,0.6361136403344728,0.6325327049664866,0.4875996797599587,0.6518050499461063,0.0,0.5784716015617275,0.5783145544297316,0.6565488971427524,0.6777192200566441,0.6516742831162532,0.6731110562817748,0.6131582954301944,0.6657695381919102,0.46177544532309683,0.6570899356700162,0.5394427515767857,0.6749704307010723,0.511316034895323,0.6468569385920285,0.5976177637395284,0.627424982670192,0.46802885697836333,0.4343815553277938,0.5674389690721049,0.6166897400982964,0.5345985047293235,0.5912264745769661,0.5578281077453954,0.5172810907047357
CMCSA,0.5727134574831642,0.6612095123341245,0.637005457246518,0.6174886658018821,0.5339593139612094,0.5317985413375452,0.5489275539753096,0.431341472628694,0.6031536986012067,0.4910006434380661,0.6834623149131172,0.5487107850903143,0.41183040291067247,0.7055224241832699,0.5863013834232286,0.6575675576127347,0.6252180629635368,0.6032682602527626,0.6862451262053817,0.6166537910827493,0.6282089724504484,0.574005554469479,0.5784716015617275,0.0,0.4838471280548967,0.4973290364730698,0.4293156251907513,0.5480986052104042,0.6640137832670729,0.6813338208913813,0.6305107931389111,0.5981149378854915,0.5377964943880735,0.6815997307302591,0.5931324152917407,0.5893517730590696,0.6982937975271127,0.5169611218656465,0.5687971944867505,0.6369763676535916,0.5761856507460219,0.498510051481403,0.41978787725692396,0.6818804071994475,0.5072744819589987,0.5449588842847839,0.5636578195172027
PEP,0.5932450415861793,0.5923229929182787,0.5963134177121887,0.5627842756391532,0.5599837718317939,0.5651751973311984,0.49020659820401086,0.520056605816092,0.4278935641660548,0.6717992105902295,0.5880579572285635,0.595353010207431,0.5817399701566511,0.687546111405221,0.5951043914237577,0.5871570395384916,0.5791832858607969,0.6438737392671913,0.6206408689806615,0.6487691639018871,0.6775481915161705,0.5774954967354863,0.5783145544297316,0.4838471280548967,0.0,0.668363007100087,0.42556821985526677,0.6536918504254148,0.5787749420182949,0.5744469379750439,0.6453224925971177,0.5425566628452738,0.6211739890061849,0.6517305559022895,0.5008869882019952,0.5143589065006653,0.5620305074002528,0.4814875872220172,0.5125590815219776,0.6466053962862659,0.5646548408203309,0.47842437495039963,0.5746670075109921,0.6692398455119418,0.4363761823539893,0.5470923856761545,0.6351082782262548
BAC,0.6553996143469177,0.6548962093220266,0.6016833141205008,0.6177700561820313,0.6738851173326336,0.6698203369515393,0.5988767475187791,0.5129078189233885,0.6680481394884504,0.1291469381686367,0.6267671083367348,0.6610141468240174,0.4952456914161047,0.59127946824738,0.5345624317344957,0.6051735405274999,0.5795938885757395,0.64200231627306,0.6006737492974578,0.5168382707397053,0.5751889203258261,0.5759342915503247,0.6565488971427524,0.4973290364730698,0.668363007100087,0.0,0.5324383548776742,0.3740048104774838,0.6809863122706019,0.5689225085300598,0.6732009124552358,0.6409117450785158,0.3750005292656662,0.5721219896477898,0.706546173233361,0.6432777109320341,0.568341514681575,0.570533848623508,0.5851753722357311,0.6585800907909344,0.6450941328257915,0.49414935048922887,0.4009379442880509,0.6266613767725557,0.5978381667718047,0.6599591717404177,0.5949351541502326
KO,0.6780536275086931,0.6561904470117584,0.693653103557384,0.7034955086188863,0.6068010986540634,0.6142765846325756,0.5255020175716257,0.4019698991563927,0.6669004113173951,0.5179402425257448,0.6796643176460159,0.6520235545143602,0.43174790282572484,0.6424107199277924,0.5618547979981487,0.7016275966071192,0.6921031388219216,0.6531770884078669,0.6561428769823896,0.6112973588068008,0.6095221743497378,0.5648427402614902,0.6777192200566441,0.4293156251907513,0.42556821985526677,0.5324383548776742,0.0,0.5301611840458252,0.6850153713195883,0.6972114148647703,0.6762757459000819,0.5849082624768438,0.5035617749646749,0.6017377219172062,0.6052691813377593,0.5885227311562206,0.6855283870275722,0.5287394740332756,0.6260235990823286,0.6915146059940296,0.6209384000356136,0.5190641254342433,0.41716297437602545,0.5834665466125148,0.4922795335417193,0.6381642148699921,0.6682079294536075
XOM,0.6585391128918798,0.6578905603384956,0.6326381134416204,0.6408343171654873,0.6674262574052924,0.6645490064827511,0.5749695722974394,0.5485410655798622,0.6309136058470844,0.3888644019801255,0.6234482241991727,0.6694361098543976,0.538418456413961,0.6131525243191956,0.5769207328403927,0.6329077132133836,0.5959923697670373,0.6094671723971116,0.6619581181337699,0.512347925541857,0.5852298711362697,0.5801951227429549,0.6516742831162532,0.5480986052104042,0.6536918504254148,0.3740048104774838,0.5301611840458252,0.0,0.6876810760072976,0.6088750061475261,0.7001314295237806,0.5630771420267832,0.1901820279065031,0.5770814631527785,0.6902719320192755,0.6208684092104746,0.5777984489752349,0.5937204711415155,0.6477552781573261,0.6599503271549496,0.5804332712638435,0.5876200816309959,0.4536349668895484,0.5937368174761701,0.5021473594856729,0.6645200609627826,0.6396223202334868
WMT,0.6329712694546484,0.6168696477984856,0.6287087562342669,0.6360371459823899,0.6472130764404814,0.6390239974038006,0.5893624269535482,0.625497868837742,0.49816411143480105,0.6880992273403381,0.500222609320178,0.6890283171943913,0.6825250023277649,0.6227504221883194,0.6230377891079936,0.6004170830703376,0.6555537095316462,0.6961383169477089,0.6644119167354309,0.6273643732059168,0.6704799423829684,0.5705255419585226,0.6731110562817748,0.6640137832670729,0.5787749420182949,0.6809863122706019,0.6850153713195883,0.6876810760072976,0.0,0.6590058655755087,0.6525325628021935,0.6796684923423738,0.6528152402614515,0.628864486545543,0.5719902980446396,0.6443716084997053,0.4555030546188451,0.5543983629407891,0.5934170201955807,0.6870223530476475,0.6416607550231697,0.5682875313108866,0.6778476422996192,0.6284122454171105,0.6377039732291162,0.5836068901885652,0.6261672915955027
ABT,0.5682036217682976,0.6547407017094344,0.6081561568758709,0.6128233482824496,0.6204903760256071,0.6238150503416592,0.6911898895345409,0.7030815840305344,0.48734196361425475,0.582908789194061,0.5429103701764765,0.6130536670091327,0.6884360109324524,0.5696577084105922,0.6908772841646766,0.5649675768792934,0.5692126052269754,0.6356047984181751,0.5671921548461413,0.6155100240079099,0.6498457489299228,0.6914655298267547,0.6131582954301944,0.6813338208913813,0.5744469379750439,0.5689225085300598,0.6972114148647703,0.6088750061475261,0.6590058655755087,0.0,0.6046998527904459,0.6647428230633126,0.6254645350212461,0.42190993335521415,0.5974538655030167,0.6626006685264914,0.5505773789706212,0.6204499571590998,0.5978196695805247,0.6242323957142415,0.6504999278625806,0.6088591158568617,0.6717815875239929,0.480007252289769,0.6487828650041275,0.5676163200166804,0.6469677168199475
CRM,0.4521746492235248,0.5621606721672824,0.5079914120680116,0.5413929997656455,0.5708470675662098,0.5730709164756671,0.6905644661946274,0.5975174463106491,0.681659376677926,0.6789246683985746,0.6675368843390183,0.6680193070907315,0.5772722902306858,0.5468941422184866,0.6276192628457316,0.5780085816596806,0.4730978232668735,0.6955169533735429,0.5361478704567181,0.6203481547868561,0.6886793634296925,0.7030180790415408,0.6657695381919102,0.6305107931389111,0.6453224925971177,0.6732009124552358,0.6762757459000819,0.7001314295237806,0.6525325628021935,0.6046998527904459,0.0,0.6746720700298172,0.7065222286867676,0.6394089488911767,0.5677865661533628,0.7045037999707195,0.614308878133149,0.5570701250564537,0.6983601453480586,0.64142914391178,0.6547876456025247,0.6007994905810105,0.7034729483883732,0.6206395676743143,0.681548074961415,0.5153706742037941,0.6215606256186345
ABBV,0.6756642661359972,0.6684405150008971,0.698900365732485,0.6798980066897374,0.5014113650496244,0.5092034086431899,0.5949429559562659,0.5687210002136939,0.6449286774206554,0.6360865701800376,0.6532905464482585,0.4804579955463086,0.5833078230765959,0.7044060063195408,0.5878399286188396,0.6814598830849019,0.6426533244859333,0.5991592085284979,0.6417978568637558,0.6229136676352182,0.5415687534061521,0.6852603953866832,0.46177544532309683,0.5981149378854915,0.5425566628452738,0.6409117450785158,0.5849082624768438,0.5630771420267832,0.6796684923423738,0.6647428230633126,0.6746720700298172,0.0,0.5442823460149717,0.6789775186841589,0.7028873175480048,0.4977472118939327,0.6990056472828499,0.60377337773584,0.6705300576302001,0.49377329670648856,0.46314438266390867,0.5699140480732399,0.5555403915788827,0.6816914867202165,0.5395491920870741,0.6037627141065297,0.6411395108993356
CVX,0.6643832179680822,0.6501602023606686,0.6167877321443641,0.651299606246993,0.640328218511853,0.6361940531621944,0.558491320059106,0.5200221234638625,0.6520189610681546,0.3847457788857307,0.6506142773647928,0.6443455605681621,0.5341264531622442,0.5978925740953359,0.5609030597995226,0.6338482868387872,0.587308392975209,0.6300214661133984,0.6585060977114642,0.5256849424659753,0.6001252773831267,0.5478232105173027,0.6570899356700162,0.5377964943880735,0.6211739890061849,0.3750005292656662,0.5035617749646749,0.1901820279065031,0.6528152402614515,0.6254645350212461,0.7065222286867676,0.5442823460149717,0.0,0.5781810930586049,0.6929796310262141,0.5895921242033575,0.5934943275828511,0.5620307146709648,0.6450858858096923,0.6918111314720808,0.5784293023103961,0.5551986653708271,0.4481239752889718,0.5842498863767392,0.4881321861304571,0.6468731173875057,0.6500078171202143
TMO,0.5486148287961755,0.6006973249166649,0.5203058989732167,0.5465351539130889,0.5398905695765531,0.5354272312569683,0.7042633083176285,0.7012762837103751,0.5038604690067576,0.563791119649956,0.5626460587606307,0.5744632110867075,0.6869723580299386,0.4498266032814319,0.6995091423799737,0.544666860990276,0.4754825609198548,0.6710093417832792,0.5192686568719639,0.6127617962549778,0.7016210471704877,0.6825273217503084,0.5394427515767857,0.6815997307302591,0.6517305559022895,0.5721219896477898,0.6017377219172062,0.5770814631527785,0.628864486545543,0.42190993335521415,0.6394089488911767,0.6789775186841589,0.5781810930586049,0.0,0.5890461492218114,0.645026715520655,0.520283153654539,0.6143507275258591,0.5878128650472141,0.6554943156733596,0.6013237099826484,0.6743912933159842,0.6170306264318157,0.29539483767585156,0.6579212923317296,0.49388151713080214,0.5851119475798462
MCD,0.5925489848869031,0.5942953510225629,0.542252876606325,0.5646682513816426,0.5955258178086631,0.5946930955316466,0.6975649439890612,0.5880778456705041,0.5403158677601579,0.7054033303992874,0.5339785275122729,0.6892689157568834,0.6051904040018808,0.5942245634164879,0.6606051308555368,0.5092124120406402,0.5553336666199901,0.6540705966574634,0.5746111265523607,0.7065180527829381,0.6204755986837217,0.6045014644884834,0.6749704307010723,0.5931324152917407,0.5008869882019952,0.706546173233361,0.6052691813377593,0.6902719320192755,0.5719902980446396,0.5974538655030167,0.5677865661533628,0.7028873175480048,0.6929796310262141,0.5890461492218114,0.0,0.6396315014901697,0.5440915989787429,0.5196483511072713,0.5292207524340232,0.6957913609784648,0.6483099325382439,0.5715324810310282,0.660607470885525,0.5934505908316626,0.6100150450884823,0.5695749488702563,0.6052091005409501
AMGN,0.6506067171522005,0.6329678653642362,0.6333804653846938,0.5630327700466218,0.534293601089235,0.5275232045782674,0.484966246644981,0.5436213278385859,0.6166144711584237,0.6496339763238631,0.5867552736063351,0.4425653647529335,0.5978036346799133,0.6993025282610111,0.5599605417812351,0.6309691074282624,0.6433820363958463,0.6317821142157614,0.6802763752215855,0.5792950978705458,0.5981417882037721,0.6346506807350292,0.511316034895323,0.5893517730590696,0.5143589065006653,0.6432777109320341,0.5885227311562206,0.6208684092104746,0.6443716084997053,0.6626006685264914,0.7045037999707195,0.4977472118939327,0.5895921242033575,0.645026715520655,0.6396315014901697,0.0,0.6616524291032547,0.5672748518356237,0.5796332808474165,0.5320723084661954,0.5051615402973629,0.5535741926994596,0.5776923199524242,0.6834217801954803,0.5768204899049246,0.6255402947189564,0.6402699132714872
COST,0.5409206813394841,0.5317196749294407,0.4553891721476265,0.4858024130958305,0.6133805446210228,0.6122410435746379,0.6984449535268226,0.6584972758908475,0.44945801309712125,0.5762688894309981,0.4803944630837335,0.6448122540828933,0.6928542151826051,0.5242645538768138,0.7012988923500837,0.44977093554410646,0.4959866097765859,0.6614798927246612,0.54244089515222,0.7003836958444969,0.650939247830966,0.6889312767341231,0.6468569385920285,0.6982937975271127,0.5620305074002528,0.568341514681575,0.6855283870275722,0.5777984489752349,0.4555030546188451,0.5505773789706212,0.614308878133149,0.6990056472828499,0.5934943275828511,0.520283153654539,0.5440915989787429,0.6616524291032547,0.0,0.618906708061555,0.6235257851698359,0.6965591453250066,0.7007673471124635,0.6280752095697066,0.619420455363118,0.5941504352143058,0.7054794429915735,0.6096178390485468,0.6060763901898398
ACN,0.5431984728807333,0.6123295100015872,0.5879894282047569,0.5972846485562711,0.525602717191578,0.5207167957447628,0.5083416019052912,0.44379685907634164,0.5478894110779167,0.5934346480612968,0.6112960088092823,0.5874254277738379,0.4799410906734766,0.6309431093199788,0.5891651798772515,0.5804100169262071,0.5670107395035601,0.6211222422577122,0.6071399962427443,0.6818234078772182,0.6643627913759759,0.5297682721533177,0.5976177637395284,0.5169611218656465,0.4814875872220172,0.570533848623508,0.5287394740332756,0.5937204711415155,0.5543983629407891,0.6204499571590998,0.5570701250564537,0.60377337773584,0.5620307146709648,0.6143507275258591,0.5196483511072713,0.5672748518356237,0.618906708061555,0.0,0.5442190377695538,0.6958043781911327,0.5706335260539507,0.4082874968187366,0.5357937858554432,0.6299609949535419,0.5791575440871553,0.46681602726545857,0.5328307275996907
NEE,0.6453229821412552,0.6256238931711707,0.6445534837342443,0.6710143850426586,0.6080672857872227,0.605338729590084,0.5787599314078556,0.6249115970181932,0.4710325306241327,0.5971357233869841,0.5842458289444311,0.6657682650880357,0.6332989553229165,0.6929965518951008,0.5238680661184891,0.5853646600607367,0.6714518220279477,0.6409994390226517,0.6461086105003097,0.6464306849413383,0.7025263015876361,0.6471294258789541,0.627424982670192,0.5687971944867505,0.5125590815219776,0.5851753722357311,0.6260235990823286,0.6477552781573261,0.5934170201955807,0.5978196695805247,0.6983601453480586,0.6705300576302001,0.6450858858096923,0.5878128650472141,0.5292207524340232,0.5796332808474165,0.6235257851698359,0.5442190377695538,0.0,0.6821013114201188,0.666889697979336,0.48549727532115555,0.5677402639962799,0.5841561365962233,0.584984628401722,0.5551409166335726,0.580148416314827
LLY,0.6400639104901621,0.6443093945764741,0.6456255951219221,0.5998654807504333,0.6214557128712043,0.6235915875985414,0.6363544231565096,0.6627451434624877,0.694310574636861,0.6568298027066706,0.6056631996846972,0.5420619385680768,0.6678119844773953,0.6452761131832347,0.7029377373842185,0.6720637448014406,0.6310609639267022,0.6873866137219425,0.6353701719246269,0.688910553006135,0.6235970905124307,0.6875525033018217,0.46802885697836333,0.6369763676535916,0.6466053962862659,0.6585800907909344,0.6915146059940296,0.6599503271549496,0.6870223530476475,0.6242323957142415,0.64142914391178,0.49377329670648856,0.6918111314720808,0.6554943156733596,0.6957913609784648,0.5320723084661954,0.6965591453250066,0.6958043781911327,0.6821013114201188,0.0,0.44209514857033794,0.6768198949550616,0.6514529321442789,0.6627732885400716,0.6305929083162748,0.6516922679010984,0.6570708029534331
BMY,0.640098128542617,0.6860488515832578,0.6604401847352814,0.6260039136126544,0.5486394284348837,0.54715793509745,0.5674968986930548,0.5814810620786389,0.6211335437257635,0.644649768813767,0.5942253611855016,0.4618403896446792,0.6094978733850072,0.6547945548135204,0.6259965771825482,0.7061685184089681,0.6249676967604251,0.6781891022274195,0.6711486684012415,0.6475839217946051,0.6282817749284564,0.5970064817606384,0.4343815553277938,0.5761856507460219,0.5646548408203309,0.6450941328257915,0.6209384000356136,0.5804332712638435,0.6416607550231697,0.6504999278625806,0.6547876456025247,0.46314438266390867,0.5784293023103961,0.6013237099826484,0.6483099325382439,0.5051615402973629,0.7007673471124635,0.5706335260539507,0.666889697979336,0.44209514857033794,0.0,0.5931815663058246,0.5907433570684179,0.6198271199648273,0.6077801246886388,0.5502975975242316,0.6053273861718237
LIN,0.6445267396603883,0.6631683152914004,0.6749880181376112,0.6529507194132627,0.5871934707846371,0.5885435606678917,0.5229169738039244,0.4568879647330879,0.4907358717457626,0.5074565661725725,0.6037768861780204,0.5769902015478988,0.48094229198091215,0.6988926051088536,0.5317704037501191,0.6524573904934338,0.6719962467422833,0.6421096200739603,0.6719807076871063,0.5940439856801568,0.6359938724558726,0.5965182871499838,0.5674389690721049,0.498510051481403,0.47842437495039963,0.49414935048922887,0.5190641254342433,0.5876200816309959,0.5682875313108866,0.6088591158568617,0.6007994905810105,0.5699140480732399,0.5551986653708271,0.6743912933159842,0.5715324810310282,0.5535741926994596,0.6280752095697066,0.4082874968187366,0.48549727532115555,0.6768198949550616,0.5931815663058246,0.0,0.4269784486768558,0.6305115794509785,0.5695011927919236,0.5040148512670632,0.575986511427934
MDT,0.6906268477396295,0.6876914050543181,0.6420659654818216,0.6902997928539246,0.6117472754561637,0.6162387609498263,0.5156344060975839,0.41288545958500816,0.6840050885033938,0.39943457385589015,0.6788925038752974,0.6174791489398153,0.38643305406886125,0.6074590379523791,0.47750482168631914,0.693948348690667,0.661219706420203,0.6484913198828124,0.6328080472239095,0.5693868149137692,0.5644539290159141,0.5840133855669429,0.6166897400982964,0.41978787725692396,0.5746670075109921,0.4009379442880509,0.41716297437602545,0.4536349668895484,0.6778476422996192,0.6717815875239929,0.7034729483883732,0.5555403915788827,0.4481239752889718,0.6170306264318157,0.660607470885525,0.5776923199524242,0.619420455363118,0.5357937858554432,0.5677402639962799,0.6514529321442789,0.5907433570684179,0.4269784486768558,0.0,0.6554471193639093,0.526724925987841,0.6193923897133511,0.6316327042214763
DHR,0.6169166722052588,0.663689482180769,0.5811145721776955,0.6092118559043823,0.5937226441243277,0.5912427356328748,0.6933769326183579,0.692905877386823,0.5165683064649275,0.6141166088021763,0.5882415971758834,0.6182235429457017,0.6929594261602612,0.535281859637475,0.6965714340523146,0.6039783939680312,0.5414296517121459,0.7009782365192004,0.5801351592335179,0.628504985205474,0.6745085420943424,0.6770126826975199,0.5345985047293235,0.6818804071994475,0.6692398455119418,0.6266613767725557,0.5834665466125148,0.5937368174761701,0.6284122454171105,0.480007252289769,0.6206395676743143,0.6816914867202165,0.5842498863767392,0.29539483767585156,0.5934505908316626,0.6834217801954803,0.5941504352143058,0.6299609949535419,0.5841561365962233,0.6627732885400716,0.6198271199648273,0.6305115794509785,0.6554471193639093,0.0,0.6718020574668772,0.4985919379959787,0.5743344902706244
PM,0.7009062654955858,0.7046595462583337,0.6594204400398341,0.6728807985578327,0.6286986934728143,0.6305746105955202,0.4946612984914744,0.5794611054540694,0.5924353460683761,0.6015559948608864,0.6646704378494976,0.6264496297261334,0.6088421065082671,0.6330416519489342,0.5515818180567625,0.6761437024837693,0.6820982253483227,0.637226077968665,0.7013511949035761,0.540894602346644,0.6505407585725531,0.5404434667568934,0.5912264745769661,0.5072744819589987,0.4363761823539893,0.5978381667718047,0.4922795335417193,0.5021473594856729,0.6377039732291162,0.6487828650041275,0.681548074961415,0.5395491920870741,0.4881321861304571,0.6579212923317296,0.6100150450884823,0.5768204899049246,0.7054794429915735,0.5791575440871553,0.584984628401722,0.6305929083162748,0.6077801246886388,0.5695011927919236,0.526724925987841,0.6718020574668772,0.0,0.6347797135551245,0.6796519042416027
