,MSFT,AAPL,AMZN,FB,GOOGL,GOOG,JNJ,V,PG,JPM,HD,UNH,MA,NVDA,VZ,NFLX,ADBE,INTC,PYPL,T,PFE,CSCO,MRK,CMCSA,PEP,BAC,KO,XOM,WMT,ABT,CRM,ABBV,CVX,TMO,MCD,AMGN,COST,ACN,NEE,LLY,BMY,LIN,MDT,DHR,PM,TXN,NKE
MSFT,0.0,0.3990547128789193,0.3079060253661119,0.36580327303306176,0.36467859358023486,0.3658209477915367,0.644652212803188,0.5619727134486264,0.5227390859219738,0.6950984792701516,0.5091304423153199,0.5300679625056802,0.5441827814143345,0.35450693033389846,0.6987596056120448,0.5347703628727222,0.2931588026284286,0.626720468195,0.423653812448713,0.6654512676972656,0.6797359395156607,0.5878382499638571,0.5693256921742541,0.5606705902544109,0.5041072194503817,0.6943362663682525,0.6554601820037609,0.6934476666232418,0.5552757017290334,0.562739668190458,0.4229684990837755,0.6302884657525701,0.6847956006861701,0.5120579980255293,0.5297285313702015,0.6067398588824395,0.4777562838622574,0.515265421445376,0.653939829440203,0.6297967931253726,0.5939870320883447,0.6116860195484551,0.689044604105362,0.5500906797635625,0.7035874258723409,0.38240025276727546,0.507114284848291
AAPL,0.3990547128789193,0.0,0.3548481244327042,0.38354904965949654,0.5001932354150768,0.49965563655712736,0.610695575251842,0.5993432263462222,0.5570271629638588,0.7031670280264616,0.5684290677061014,0.617239968127128,0.607388664801284,0.4342545080255411,0.6935759985283878,0.519566778018688,0.4577530984170746,0.6381151248384379,0.5063838212760997,0.6388783849620832,0.691662903845949,0.6185780363132224,0.6078478375779062,0.5913219364734429,0.5164691820981778,0.6950463939046175,0.6337543168644398,0.7018849229915253,0.6030957932883421,0.5637673761282291,0.5520012033129383,0.6998065029708336,0.6852170848206669,0.5572965555636827,0.5665842112194762,0.6174986961684592,0.5176613672537594,0.5805855981809435,0.6250604874431236,0.6133600944257724,0.6288681698157694,0.6175301738313912,0.6919505390324256,0.5906933576500927,0.7007495922676263,0.4618765054930128,0.5283232648223254
AMZN,0.3079060253661119,0.3548481244327042,0.0,0.32598026361381005,0.49929498240491854,0.49691367178979,0.7018758030064757,0.6333305236760465,0.5349965710069289,0.6265961139734695,0.5355019070410758,0.5783324765911292,0.628952846748437,0.37691973006503265,0.6593881458807995,0.45830153174172533,0.3183460067958124,0.650574776562186,0.4212596571491323,0.6048075979790372,0.6841751442323415,0.6717669869996955,0.6055382944229797,0.6219878012030614,0.5334898895740608,0.6298511249420501,0.6989995684162269,0.6496689310018477,0.5873428847316027,0.5790886583488493,0.5009963517265765,0.6949806176144662,0.6270506286929345,0.5089863235469934,0.5696265816087043,0.6212893457210387,0.4430981347043401,0.6093354369363078,0.6771169457973818,0.6191220624721113,0.6398718828196294,0.6850388556088604,0.6036016849555765,0.5534187341555468,0.6622980461184882,0.45907506050588703,0.5611260957768738
FB,0.36580327303306176,0.38354904965949654,0.32598026361381005,0.0,0.4066907113716508,0.40303944613259507,0.6776906502468021,0.5817271145884509,0.5349129475236206,0.6725886960829924,0.5255012727838313,0.534456939056322,0.5891136434011158,0.4003995221453725,0.6949764302771838,0.524031845740231,0.3803542408606112,0.6714290559246843,0.4395238385233402,0.6636949870623754,0.6723027964868368,0.6272240212467597,0.5472171222308619,0.5514566500116702,0.5220715961412371,0.661257052769911,0.686682879717056,0.6954447497897489,0.5785185495777336,0.6255586657152756,0.5281293028900758,0.6758138545300914,0.6861673505226942,0.5446287071327824,0.5640103234328783,0.5782905805448776,0.46148277100674234,0.5651335652233007,0.7013918672946651,0.6024473763550308,0.5953477272232024,0.6258481608344377,0.6715182059439647,0.5793904082482126,0.706246501784958,0.4692958084238285,0.5589483407698974
GOOGL,0.36467859358023486,0.5001932354150768,0.49929498240491854,0.4066907113716508,0.0,0.04198649879050724,0.5850646509813997,0.5300186097745835,0.5665121005297843,0.6202971520959195,0.5930834250658166,0.45249412185830823,0.5144450054537083,0.5103897081867416,0.6186840725846736,0.6800392854838622,0.47813294036890247,0.6276596562612125,0.5760929213104778,0.6653622409777457,0.5745847283723382,0.5563259238421325,0.5051515851445948,0.4892748603352142,0.5008217542594878,0.6505310735975196,0.5798112536776394,0.6317028920000918,0.6115241037378606,0.616653531190024,0.5608016896898709,0.4995090154520776,0.6191832843433418,0.5589779691652426,0.5924042035205953,0.5154115539348152,0.5879467827030866,0.527137461380567,0.6696218458196758,0.5976063748353162,0.5086961019981955,0.5807707688269528,0.639561297019212,0.5948773507772377,0.6530401126393941,0.46486074679520084,0.5533721296327461
GOOG,0.3658209477915367,0.49965563655712736,0.49691367178979,0.40303944613259507,0.04198649879050724,0.0,0.5824409426189927,0.5259181934234075,0.5622801977016322,0.6175398752404099,0.588887116503436,0.4447810027266103,0.5134218762287784,0.5080706798310362,0.6164574984207135,0.6851884038954265,0.47998754601775734,0.624624030359198,0.575134776831127,0.6594329720515686,0.5777339803628238,0.5560770566785005,0.5022181911244591,0.4856421876671386,0.5050579583672786,0.6460776107826581,0.5870559084727177,0.6271681324529932,0.6037116203323014,0.6171395612167768,0.5636619130115909,0.5078345527264884,0.6144797040212534,0.552996444860576,0.5909391123366894,0.510814877952508,0.5866153848173767,0.5219090754772742,0.6635342560687776,0.5995881352726555,0.508128094050367,0.579350569754264,0.6420468478150682,0.5899580904652388,0.6527650770813784,0.46149243276387997,0.5471468532827717
JNJ,0.644652212803188,0.610695575251842,0.7018758030064757,0.6776906502468021,0.5850646509813997,0.5824409426189927,0.0,0.48793185953415846,0.5786647855433505,0.5659017918356859,0.6659220123151276,0.5588119022089053,0.4976264769002631,0.7064901356885126,0.4725827413169193,0.6476311996291986,0.6987259039116621,0.6448254946819112,0.6670958981157455,0.5525364698897424,0.5254887629764166,0.4982998353228429,0.5157287798217568,0.5528193691029816,0.4988249609365455,0.5641556789074371,0.46714900650805696,0.542441727474699,0.6072204055860791,0.5629204007965333,0.6795056824679437,0.5372143175148414,0.5391920728298621,0.6513549355347134,0.6593103584376786,0.4877058239738234,0.6885604265287428,0.48288149353078436,0.5475772240191881,0.5968301826912792,0.5345917439801875,0.4662399266750467,0.4837935885068949,0.625334184537495,0.5361364541765457,0.5832580751433366,0.607754195089266
V,0.5619727134486264,0.5993432263462222,0.6333305236760465,0.5817271145884509,0.5300186097745835,0.5259181934234075,0.48793185953415846,0.0,0.6632963091131787,0.4643464085626735,0.6840595486571405,0.5248131441256768,0.21549959038718378,0.6259579005224921,0.5264335164530498,0.6915575955489687,0.6071974019954378,0.6133629783178505,0.6683233808359329,0.5932641591344339,0.5268125444531581,0.49791491624855316,0.5618975847344981,0.4241442975666153,0.5253171014450974,0.49033052971431285,0.3984492361099806,0.4859819538694265,0.6083025246947508,0.6989241980295661,0.5736606342122476,0.5511661143371892,0.47358701510167284,0.6749152601652183,0.5924659732767233,0.4870778692049691,0.6695994838516992,0.45986545154259634,0.6532011854877131,0.6003789528623917,0.5249445386765753,0.44178937998371,0.4352450552576847,0.6777807561627607,0.5938522944773602,0.5288366122512507,0.5462206145362842
PG,0.5227390859219738,0.5570271629638588,0.5349965710069289,0.5349129475236206,0.5665121005297843,0.5622801977016322,0.5786647855433505,0.6632963091131787,0.0,0.638879081763865,0.4232362895492783,0.6004801049803141,0.6808524348664373,0.5854046457794585,0.6042889025478851,0.5649337172687711,0.5329145994914481,0.6912217406011134,0.5719793380153427,0.7049200314676842,0.6965560361552228,0.5549486175509076,0.5906597872896189,0.6514935552913402,0.4333758176583867,0.6423265653648916,0.6714856182175032,0.6360439489939053,0.4464295698478755,0.47546668886807975,0.6143992465342513,0.6731464445301303,0.6545329455326433,0.48817787584773675,0.507300222721856,0.587757580582175,0.4057464053274379,0.5171375667591341,0.5152473559342288,0.7021314424528832,0.6348488412897434,0.5427644649486157,0.6810266069442703,0.48923113087464165,0.6618097251713697,0.5585009278551475,0.6173333605179746
JPM,0.6950984792701516,0.7031670280264616,0.6265961139734695,0.6725886960829924,0.6202971520959195,0.6175398752404099,0.5659017918356859,0.4643464085626735,0.638879081763865,0.0,0.6332644922426823,0.6315572730666367,0.4452486673263295,0.6320897197718927,0.48413877928190785,0.5681773762752336,0.5950712186085343,0.6423819552476464,0.5743698089312125,0.4764152255008334,0.5635302001762239,0.53882801174803,0.6570176387491151,0.4457931926766314,0.663884497621443,0.17689648492250168,0.48969826744488026,0.3720109395116968,0.7011953931259463,0.6407702843175097,0.7026952975256684,0.6355591833566338,0.3582985461172901,0.5616214357235987,0.6615546609473449,0.6074838029697703,0.5813433131449164,0.5955979175933902,0.5770729013658419,0.6836959665118715,0.6470200361673192,0.49974623832745657,0.3745756618652356,0.6050989564455453,0.5961861427294379,0.6524987952649483,0.5797554238087975
HD,0.5091304423153199,0.5684290677061014,0.5355019070410758,0.5255012727838313,0.5930834250658166,0.588887116503436,0.6659220123151276,0.6840595486571405,0.4232362895492783,0.6332644922426823,0.0,0.55526717998157,0.6974083497204903,0.5503605233175194,0.6959721274210794,0.5484367313791548,0.5388381020092002,0.6666509965114694,0.4936955903983443,0.6635190340092035,0.6267304391305036,0.5973367202035778,0.6293873541341021,0.6739229735940356,0.5194656008648398,0.6295041018310759,0.6873385172119142,0.6528592390601254,0.4457962478654956,0.5192374057785372,0.6005955564761916,0.6579516824009523,0.6722917400084426,0.5492585414449528,0.48376164908558256,0.5633908130894012,0.43515294963373224,0.5410338203836276,0.6012473105021056,0.6066864017310233,0.6002047236290036,0.5690183252887906,0.6609895001842229,0.5768219635896769,0.6808191627552,0.5648306286282981,0.5613266595660085
UNH,0.5300679625056802,0.617239968127128,0.5783324765911292,0.534456939056322,0.45249412185830823,0.4447810027266103,0.5588119022089053,0.5248131441256768,0.6004801049803141,0.6315572730666367,0.55526717998157,0.0,0.5261998784318987,0.6250698344579508,0.5852975546620452,0.6830121396317085,0.552079746672247,0.6160918225960491,0.6326954073641353,0.6460718085057354,0.5772557561480415,0.5997457117228245,0.40018212589667695,0.5409661195497677,0.5697326217592055,0.6369495654435301,0.6399634983194414,0.6545267227911933,0.6425361876359372,0.58625772581978,0.6210152329073418,0.4650135899511534,0.6272641925035496,0.5746398763811696,0.662366236906818,0.40405929504639126,0.6247932746110425,0.5804699465357106,0.6711558940417606,0.49323304633033804,0.41308635604231175,0.5709023555782277,0.6165095878722168,0.6049536924056574,0.633184541526932,0.5563066933192709,0.5553577949225895
MA,0.5441827814143345,0.607388664801284,0.628952846748437,0.5891136434011158,0.5144450054537083,0.5134218762287784,0.4976264769002631,0.21549959038718378,0.6808524348664373,0.4452486673263295,0.6974083497204903,0.5261998784318987,0.0,0.6314909879260416,0.5550198667988957,0.6549061935674977,0.5946004060913433,0.6045663548587977,0.6720747783659836,0.5992722884833417,0.5217542703642574,0.49828828183568213,0.5752565939453,0.40203957542506485,0.5555035815549588,0.47832875629905264,0.41664935064778863,0.48757842610552826,0.6589619292038786,0.6912792007161951,0.5446757586494788,0.5677770222025814,0.49473758669118484,0.677113440605319,0.5857855991714707,0.5339252328435158,0.6920413017050584,0.475877291609487,0.655484322613478,0.6307839244517003,0.5458576768902593,0.4647705037085496,0.40718048951964175,0.7003993316381067,0.6179928689302704,0.5317960032168018,0.5482768325539733
NVDA,0.35450693033389846,0.4342545080255411,0.37691973006503265,0.4003995221453725,0.5103897081867416,0.5080706798310362,0.7064901356885126,0.6259579005224921,0.5854046457794585,0.6320897197718927,0.5503605233175194,0.6250698344579508,0.6314909879260416,0.0,0.6437143808147923,0.5087571298273746,0.3500926439998565,0.6610041390075257,0.43916014833318545,0.5939235632728044,0.6973559228608631,0.6669685071538657,0.6392900128550347,0.6836652981623103,0.6048716306437335,0.6038120770464375,0.6726985277717834,0.6355980181476619,0.5840329776396469,0.5725827564257373,0.5103167447788556,0.6957040624588287,0.6288463785359301,0.4671350859693961,0.5660226313481761,0.6628364944507228,0.48307855327026133,0.5896569704128833,0.7019134447989741,0.6785221199801824,0.646929153402307,0.6957525800381561,0.5929472125015934,0.5387566855942857,0.6403509172368844,0.42450524405223555,0.5599768233520197
VZ,0.6987596056120448,0.6935759985283878,0.6593881458807995,0.6949764302771838,0.6186840725846736,0.6164574984207135,0.4725827413169193,0.5264335164530498,0.6042889025478851,0.48413877928190785,0.6959721274210794,0.5852975546620452,0.5550198667988957,0.6437143808147923,0.0,0.6921483378387913,0.6559015099716231,0.6936109221911676,0.6121161517990197,0.438186239462855,0.5701674786407961,0.5099575700940455,0.5788687723040086,0.5145260131366719,0.5623750511694351,0.4787967523910722,0.5078015644898359,0.5229577028046357,0.6057274964878978,0.6612513410217065,0.6549961916761399,0.5828506572159526,0.5061894799890009,0.6732328866313034,0.6496126382699915,0.5431010104194188,0.6957043167190865,0.5764812704323008,0.5747822066946378,0.6875301494614352,0.6224764702978567,0.47314385177803997,0.4797915630774631,0.6902218515174428,0.5529608786162092,0.6367954337463219,0.6666640680824691
NFLX,0.5347703628727222,0.519566778018688,0.45830153174172533,0.524031845740231,0.6800392854838622,0.6851884038954265,0.6476311996291986,0.6915575955489687,0.5649337172687711,0.5681773762752336,0.5484367313791548,0.6830121396317085,0.6549061935674977,0.5087571298273746,0.6921483378387913,0.0,0.4771078055412043,0.688580208734857,0.522721838196843,0.5995443427539472,0.6394506744276344,0.6922359164775667,0.659201071185031,0.7052902187301637,0.59793090607205,0.5711884769098596,0.6620059846344415,0.593490563119428,0.6390398454153575,0.5628986340354076,0.6110658342234415,0.6868160794743401,0.5864406105749781,0.5826739599172746,0.6161497410835215,0.6655388060046672,0.47737240577354845,0.6745535643378363,0.6625463255792448,0.6546020470369502,0.706506721632525,0.6895801710644598,0.5607851691634289,0.6312664807737379,0.7053244663280263,0.5410165226541136,0.6580478502554793
ADBE,0.2931588026284286,0.4577530984170746,0.3183460067958124,0.3803542408606112,0.47813294036890247,0.47998754601775734,0.6987259039116621,0.6071974019954378,0.5329145994914481,0.5950712186085343,0.5388381020092002,0.552079746672247,0.5946004060913433,0.3500926439998565,0.6559015099716231,0.4771078055412043,0.0,0.6562456991076981,0.37803036304098914,0.5836197841327674,0.6695807394552195,0.635047752461359,0.5557634999425899,0.6262393391036802,0.5440228898676157,0.5895853973641798,0.695157348236648,0.6094090831053723,0.6283662236107915,0.5793087202974336,0.4449685394592851,0.6418874892424897,0.5933421713518637,0.4848169073891309,0.5621583128514984,0.6199352502691219,0.487216755738314,0.5523485919811325,0.7004527622354898,0.5899178686344343,0.6014734330272343,0.678754266208875,0.635828309622745,0.5500443938888678,0.6812142988921999,0.4401729828061872,0.5703855045905982
INTC,0.626720468195,0.6381151248384379,0.650574776562186,0.6714290559246843,0.6276596562612125,0.624624030359198,0.6448254946819112,0.6133629783178505,0.6912217406011134,0.6423819552476464,0.6666509965114694,0.6160918225960491,0.6045663548587977,0.6610041390075257,0.6936109221911676,0.688580208734857,0.6562456991076981,0.0,0.6430004313955556,0.6026144347641554,0.6643888160352437,0.5892528560353165,0.6142551582792415,0.5971164143181964,0.6229170000262414,0.6387823310798247,0.6508320379104383,0.5930507271054358,0.6659859950450745,0.6102086637308607,0.6828824388061897,0.6087056005804306,0.5928711728293528,0.6606284862327182,0.5987886147087721,0.5677017965538562,0.6583852668648215,0.6298553091382731,0.6880067762407908,0.6554500449519776,0.6020325792889557,0.645742053582227,0.6472198269700765,0.6805564341548732,0.5925654117042868,0.6144506861488895,0.6427774975051062
PYPL,0.423653812448713,0.5063838212760997,0.4212596571491323,0.4395238385233402,0.5760929213104778,0.575134776831127,0.6670958981157455,0.6683233808359329,0.5719793380153427,0.5743698089312125,0.4936955903983443,0.6326954073641353,0.6720747783659836,0.43916014833318545,0.6121161517990197,0.522721838196843,0.37803036304098914,0.6430004313955556,0.0,0.5658390416727318,0.6341713508923319,0.676997930667479,0.6460090159652506,0.6967087151395382,0.5968745106522574,0.5856641724939334,0.6505246175332864,0.6463651646983473,0.60066977627074,0.6357485454105367,0.5104122795208255,0.6886581424442814,0.640142327519714,0.5437205269244789,0.5462444449106792,0.6577566213290792,0.4974648256220285,0.5783996522517154,0.6995195334077985,0.6326073660003277,0.6807901852841987,0.7042019232081942,0.5845243205868402,0.616559790289941,0.6949958333363043,0.5458979211165069,0.5767741765078565
T,0.6654512676972656,0.6388783849620832,0.6048075979790372,0.6636949870623754,0.6653622409777457,0.6594329720515686,0.5525364698897424,0.5932641591344339,0.7049200314676842,0.4764152255008334,0.6635190340092035,0.6460718085057354,0.5992722884833417,0.5939235632728044,0.438186239462855,0.5995443427539472,0.5836197841327674,0.6026144347641554,0.5658390416727318,0.0,0.5875773503322949,0.5566202731096668,0.5919432415610277,0.5625745690652901,0.6687514248782593,0.4912645188597888,0.5778168676667165,0.4437655971832652,0.6740332004021208,0.6748889064795854,0.6334839825034977,0.58321689234998,0.4728549651864754,0.6559079749899488,0.6825313793146666,0.5985608154259753,0.6808156809948791,0.699551042770808,0.6285054670374755,0.6804278176468543,0.627703035966774,0.5696681288614,0.5249616425121402,0.6786164496857898,0.5263649292890781,0.6954639254868134,0.6631798121215383
PFE,0.6797359395156607,0.691662903845949,0.6841751442323415,0.6723027964868368,0.5745847283723382,0.5777339803628238,0.5254887629764166,0.5268125444531581,0.6965560361552228,0.5635302001762239,0.6267304391305036,0.5772557561480415,0.5217542703642574,0.6973559228608631,0.5701674786407961,0.6394506744276344,0.6695807394552195,0.6643888160352437,0.6341713508923319,0.5875773503322949,0.0,0.6153248081521494,0.4647602647755427,0.6042089219636174,0.6420039973246566,0.5797767878444604,0.5773560394577902,0.570767300178543,0.6814140686882522,0.6943561433290353,0.6880237547282936,0.5156356664091778,0.5781025587382552,0.7064903632640042,0.6518950493453951,0.5696088022708891,0.6838928905229039,0.6411182206367922,0.699285211319174,0.6403212733363828,0.6232920798635522,0.6050899134215335,0.5391078249166316,0.6734055798129875,0.641746208858479,0.6356045591367647,0.6236010191506518
CSCO,0.5878382499638571,0.6185780363132224,0.6717669869996955,0.6272240212467597,0.5563259238421325,0.5560770566785005,0.4982998353228429,0.49791491624855316,0.5549486175509076,0.53882801174803,0.5973367202035778,0.5997457117228245,0.49828828183568213,0.6669685071538657,0.5099575700940455,0.6922359164775667,0.635047752461359,0.5892528560353165,0.676997930667479,0.5566202731096668,0.6153248081521494,0.0,0.5912668511208552,0.473657380088909,0.512496818161485,0.5509890618390277,0.5270122122687749,0.5460207945885623,0.538391890042706,0.6260569447943193,0.6625802957724358,0.611035734998284,0.5165309103433378,0.6929011116091958,0.5035711567579878,0.5622415892649784,0.6494446312445561,0.47588253389516216,0.5732714233634473,0.6549263848190627,0.5606355102031405,0.5158240645964067,0.5034970031735273,0.6939185177623777,0.48842266314310406,0.5372671078466357,0.6008168219740782
MRK,0.5693256921742541,0.6078478375779062,0.6055382944229797,0.5472171222308619,0.5051515851445948,0.5022181911244591,0.5157287798217568,0.5618975847344981,0.5906597872896189,0.6570176387491151,0.6293873541341021,0.40018212589667695,0.5752565939453,0.6392900128550347,0.5788687723040086,0.659201071185031,0.5557634999425899,0.6142551582792415,0.6460090159652506,0.5919432415610277,0.4647602647755427,0.5912668511208552,0.0,0.5703531987097785,0.5626108080644622,0.6679781138224992,0.6418572473364025,0.6281295758334774,0.6738081361220114,0.5644800768460763,0.6214030082949666,0.4467977825551788,0.6339170344966085,0.5682285329349769,0.677967668471039,0.4678870628542256,0.6161331354815146,0.6018183121090549,0.6397957334163178,0.47934056358450494,0.46053392641452057,0.5531055036260462,0.6185384967425424,0.5591630213580475,0.5958053914914533,0.5660467107090996,0.5449614135599536
CMCSA,0.5606705902544109,0.5913219364734429,0.6219878012030614,0.5514566500116702,0.4892748603352142,0.4856421876671386,0.5528193691029816,0.4241442975666153,0.6514935552913402,0.4457931926766314,0.6739229735940356,0.5409661195497677,0.40203957542506485,0.6836652981623103,0.5145260131366719,0.7052902187301637,0.6262393391036802,0.5971164143181964,0.6967087151395382,0.5625745690652901,0.6042089219636174,0.473657380088909,0.5703531987097785,0.0,0.4834640072568021,0.46843233556030484,0.42847647475370493,0.48571880558740754,0.6614393952927006,0.6982353326831738,0.6096604570488299,0.5873206348372171,0.4787185189683112,0.645484671030171,0.5474849458904368,0.5086842862317404,0.6948839910717203,0.5236885992058948,0.5959267178043061,0.6256219166923273,0.5298029003936113,0.5195538519363564,0.4522948622205856,0.6533143146043972,0.5491351522750826,0.5597661591011808,0.5852290799348229
PEP,0.5041072194503817,0.5164691820981778,0.5334898895740608,0.5220715961412371,0.5008217542594878,0.5050579583672786,0.4988249609365455,0.5253171014450974,0.4333758176583867,0.663884497621443,0.5194656008648398,0.5697326217592055,0.5555035815549588,0.6048716306437335,0.5623750511694351,0.59793090607205,0.5440228898676157,0.6229170000262414,0.5968745106522574,0.6687514248782593,0.6420039973246566,0.512496818161485,0.5626108080644622,0.4834640072568021,0.0,0.676206564150461,0.4364621041791438,0.6392159445219117,0.5257384322768122,0.5547696081884927,0.584303777667944,0.554806273213949,0.6173568992210662,0.6403878945802056,0.4581334910539437,0.4816304703150652,0.5207121028197337,0.4932668815918529,0.5630750184243931,0.6451684017150969,0.5612568711508252,0.5288289263871647,0.6328767011562129,0.6400274286383537,0.5393144315924427,0.5271394321390238,0.6076435338663855
BAC,0.6943362663682525,0.6950463939046175,0.6298511249420501,0.661257052769911,0.6505310735975196,0.6460776107826581,0.5641556789074371,0.49033052971431285,0.6423265653648916,0.17689648492250168,0.6295041018310759,0.6369495654435301,0.47832875629905264,0.6038120770464375,0.4787967523910722,0.5711884769098596,0.5895853973641798,0.6387823310798247,0.5856641724939334,0.4912645188597888,0.5797767878444604,0.5509890618390277,0.6679781138224992,0.46843233556030484,0.676206564150461,0.0,0.5153367831730222,0.39174828043713983,0.6981942930243753,0.6487410326686994,0.6936212842680384,0.6495597199665271,0.38217389164151266,0.5749318571190097,0.6781552938129779,0.6187722629075557,0.5743671829498664,0.5921392484071603,0.5725644653583886,0.6955407401006687,0.6611499977357052,0.5041974994101092,0.39646846858925255,0.617128938803055,0.6070959347714647,0.6700210074585735,0.5916694495071363
KO,0.6554601820037609,0.6337543168644398,0.6989995684162269,0.686682879717056,0.5798112536776394,0.5870559084727177,0.46714900650805696,0.3984492361099806,0.6714856182175032,0.48969826744488026,0.6873385172119142,0.6399634983194414,0.41664935064778863,0.6726985277717834,0.5078015644898359,0.6620059846344415,0.695157348236648,0.6508320379104383,0.6505246175332864,0.5778168676667165,0.5773560394577902,0.5270122122687749,0.6418572473364025,0.42847647475370493,0.4364621041791438,0.5153367831730222,0.0,0.479944978191969,0.6853609394992688,0.6751742882663279,0.6477007015634821,0.553730112716498,0.4647746025538101,0.6234074420906985,0.57346449467676,0.5484712948819734,0.6773815350957134,0.5327114822096531,0.6221712647753882,0.6438432754490424,0.5601893428776877,0.5055987910735311,0.41571231457614644,0.627335256061548,0.5577716432816986,0.6227121400556288,0.6399581118069947
XOM,0.6934476666232418,0.7018849229915253,0.6496689310018477,0.6954447497897489,0.6317028920000918,0.6271681324529932,0.542441727474699,0.4859819538694265,0.6360439489939053,0.3720109395116968,0.6528592390601254,0.6545267227911933,0.48757842610552826,0.6355980181476619,0.5229577028046357,0.593490563119428,0.6094090831053723,0.5930507271054358,0.6463651646983473,0.4437655971832652,0.570767300178543,0.5460207945885623,0.6281295758334774,0.48571880558740754,0.6392159445219117,0.39174828043713983,0.479944978191969,0.0,0.7027093645521928,0.6732576960119145,0.7059074949048445,0.5634334595129185,0.17538670103386883,0.5866379557179692,0.6581286894538417,0.5814174366472026,0.5944037087799285,0.602873098908046,0.647524067529969,0.6420844752170082,0.5770940609530713,0.5575433428687432,0.43817697620092333,0.6128165395938602,0.5026646120418656,0.6482820266402937,0.6175639118657433
WMT,0.5552757017290334,0.6030957932883421,0.5873428847316027,0.5785185495777336,0.6115241037378606,0.6037116203323014,0.6072204055860791,0.6083025246947508,0.4464295698478755,0.7011953931259463,0.4457962478654956,0.6425361876359372,0.6589619292038786,0.5840329776396469,0.6057274964878978,0.6390398454153575,0.6283662236107915,0.6659859950450745,0.60066977627074,0.6740332004021208,0.6814140686882522,0.538391890042706,0.6738081361220114,0.6614393952927006,0.5257384322768122,0.6981942930243753,0.6853609394992688,0.7027093645521928,0.0,0.5869354977247145,0.5973612065469154,0.7031971052940605,0.6756919984898692,0.5879458398581993,0.5416193913466507,0.6470835775065743,0.42574065653337567,0.5306317477977297,0.6114519759605973,0.6684335778633439,0.6767384525916363,0.5839062199447965,0.7035714109833212,0.5945656118350952,0.6696357843553492,0.5417042977678621,0.6080716503834839
ABT,0.562739668190458,0.5637673761282291,0.5790886583488493,0.6255586657152756,0.616653531190024,0.6171395612167768,0.5629204007965333,0.6989241980295661,0.47546668886807975,0.6407702843175097,0.5192374057785372,0.58625772581978,0.6912792007161951,0.5725827564257373,0.6612513410217065,0.5628986340354076,0.5793087202974336,0.6102086637308607,0.6357485454105367,0.6748889064795854,0.6943561433290353,0.6260569447943193,0.5644800768460763,0.6982353326831738,0.5547696081884927,0.6487410326686994,0.6751742882663279,0.6732576960119145,0.5869354977247145,0.0,0.6171296234884502,0.6062336700524504,0.6950094514720025,0.41811542031430404,0.5999330354800149,0.5881618802519469,0.5113243891427343,0.6216144845565877,0.5583803879897039,0.6102083010581848,0.539651720275906,0.5718714062699103,0.6936567784799755,0.44219606536377304,0.6539324139766476,0.5194648172662006,0.6447595016996182
CRM,0.4229684990837755,0.5520012033129383,0.5009963517265765,0.5281293028900758,0.5608016896898709,0.5636619130115909,0.6795056824679437,0.5736606342122476,0.6143992465342513,0.7026952975256684,0.6005955564761916,0.6210152329073418,0.5446757586494788,0.5103167447788556,0.6549961916761399,0.6110658342234415,0.4449685394592851,0.6828824388061897,0.5104122795208255,0.6334839825034977,0.6880237547282936,0.6625802957724358,0.6214030082949666,0.6096604570488299,0.584303777667944,0.6936212842680384,0.6477007015634821,0.7059074949048445,0.5973612065469154,0.6171296234884502,0.0,0.6583645114265723,0.7043768991323685,0.6307811445456852,0.5505911669363542,0.6801681386587546,0.5780361572157142,0.5156825232458192,0.6884553311953651,0.6452976845102314,0.6262981694492981,0.5679463596690006,0.703232285366313,0.5978014526909722,0.6758329699705439,0.45427497940261363,0.5825252841731524
ABBV,0.6302884657525701,0.6998065029708336,0.6949806176144662,0.6758138545300914,0.4995090154520776,0.5078345527264884,0.5372143175148414,0.5511661143371892,0.6731464445301303,0.6355591833566338,0.6579516824009523,0.4650135899511534,0.5677770222025814,0.6957040624588287,0.5828506572159526,0.6868160794743401,0.6418874892424897,0.6087056005804306,0.6886581424442814,0.58321689234998,0.5156356664091778,0.611035734998284,0.4467977825551788,0.5873206348372171,0.554806273213949,0.6495597199665271,0.553730112716498,0.5634334595129185,0.7031971052940605,0.6062336700524504,0.6583645114265723,0.0,0.5363148496140079,0.7039282353582829,0.7055844899440155,0.4629453583433496,0.6992214252205526,0.6289040802124987,0.6887538668061768,0.4537509117768809,0.44936610517228637,0.5764079008394268,0.5779568865419422,0.7012053084877212,0.555142992942118,0.6258204523931095,0.6590964224044272
CVX,0.6847956006861701,0.6852170848206669,0.6270506286929345,0.6861673505226942,0.6191832843433418,0.6144797040212534,0.5391920728298621,0.47358701510167284,0.6545329455326433,0.3582985461172901,0.6722917400084426,0.6272641925035496,0.49473758669118484,0.6288463785359301,0.5061894799890009,0.5864406105749781,0.5933421713518637,0.5928711728293528,0.640142327519714,0.4728549651864754,0.5781025587382552,0.5165309103433378,0.6339170344966085,0.4787185189683112,0.6173568992210662,0.38217389164151266,0.4647746025538101,0.17538670103386883,0.6756919984898692,0.6950094514720025,0.7043768991323685,0.5363148496140079,0.0,0.5858687300074629,0.6595126489575923,0.5550573281187187,0.6069703641119246,0.5849497595719234,0.6500097336829009,0.6584141597625496,0.5736418469709792,0.5353245684939459,0.4376013621511336,0.597480849137244,0.49604421674825094,0.6407104214931616,0.6312787468875657
TMO,0.5120579980255293,0.5572965555636827,0.5089863235469934,0.5446287071327824,0.5589779691652426,0.552996444860576,0.6513549355347134,0.6749152601652183,0.48817787584773675,0.5616214357235987,0.5492585414449528,0.5746398763811696,0.677113440605319,0.4671350859693961,0.6732328866313034,0.5826739599172746,0.4848169073891309,0.6606284862327182,0.5437205269244789,0.6559079749899488,0.7064903632640042,0.6929011116091958,0.5682285329349769,0.645484671030171,0.6403878945802056,0.5749318571190097,0.6234074420906985,0.5866379557179692,0.5879458398581993,0.41811542031430404,0.6307811445456852,0.7039282353582829,0.5858687300074629,0.0,0.6269439465080265,0.643398166947421,0.4908006503860829,0.629577529010484,0.6166413097503243,0.684037222836288,0.6000359790190749,0.6967919650118812,0.5830805342041289,0.2954107968616824,0.6364493268868978,0.5145670066245482,0.6179448317792738
MCD,0.5297285313702015,0.5665842112194762,0.5696265816087043,0.5640103234328783,0.5924042035205953,0.5909391123366894,0.6593103584376786,0.5924659732767233,0.507300222721856,0.6615546609473449,0.48376164908558256,0.662366236906818,0.5857855991714707,0.5660226313481761,0.6496126382699915,0.6161497410835215,0.5621583128514984,0.5987886147087721,0.5462444449106792,0.6825313793146666,0.6518950493453951,0.5035711567579878,0.677967668471039,0.5474849458904368,0.4581334910539437,0.6781552938129779,0.57346449467676,0.6581286894538417,0.5416193913466507,0.5999330354800149,0.5505911669363542,0.7055844899440155,0.6595126489575923,0.6269439465080265,0.0,0.620141945865128,0.5607478492605307,0.4974558833695922,0.5497252612603826,0.699776748433109,0.6269634766879539,0.5660835636077722,0.661729360917992,0.6245742255318665,0.6243277977294616,0.5347887056868735,0.5815687540029424
AMGN,0.6067398588824395,0.6174986961684592,0.6212893457210387,0.5782905805448776,0.5154115539348152,0.510814877952508,0.4877058239738234,0.4870778692049691,0.587757580582175,0.6074838029697703,0.5633908130894012,0.40405929504639126,0.5339252328435158,0.6628364944507228,0.5431010104194188,0.6655388060046672,0.6199352502691219,0.5677017965538562,0.6577566213290792,0.5985608154259753,0.5696088022708891,0.5622415892649784,0.4678870628542256,0.5086842862317404,0.4816304703150652,0.6187722629075557,0.5484712948819734,0.5814174366472026,0.6470835775065743,0.5881618802519469,0.6801681386587546,0.4629453583433496,0.5550573281187187,0.643398166947421,0.620141945865128,0.0,0.6486634029834625,0.5520598030128422,0.5989607172569923,0.5156395357369289,0.48386322940989596,0.49500033445006103,0.5804972414540754,0.6557653174741398,0.5941290184332557,0.5759947496573351,0.5900758505976248
COST,0.4777562838622574,0.5176613672537594,0.4430981347043401,0.46148277100674234,0.5879467827030866,0.5866153848173767,0.6885604265287428,0.6695994838516992,0.4057464053274379,0.5813433131449164,0.43515294963373224,0.6247932746110425,0.6920413017050584,0.48307855327026133,0.6957043167190865,0.47737240577354845,0.487216755738314,0.6583852668648215,0.4974648256220285,0.6808156809948791,0.6838928905229039,0.6494446312445561,0.6161331354815146,0.6948839910717203,0.5207121028197337,0.5743671829498664,0.6773815350957134,0.5944037087799285,0.42574065653337567,0.5113243891427343,0.5780361572157142,0.6992214252205526,0.6069703641119246,0.4908006503860829,0.5607478492605307,0.6486634029834625,0.0,0.6072965687118896,0.6350128845995001,0.6975191147401938,0.671876966254798,0.6276166079618853,0.595000945260962,0.5607846891692636,0.6865312461136855,0.5478015604988925,0.615498992365799
ACN,0.515265421445376,0.5805855981809435,0.6093354369363078,0.5651335652233007,0.527137461380567,0.5219090754772742,0.48288149353078436,0.45986545154259634,0.5171375667591341,0.5955979175933902,0.5410338203836276,0.5804699465357106,0.475877291609487,0.5896569704128833,0.5764812704323008,0.6745535643378363,0.5523485919811325,0.6298553091382731,0.5783996522517154,0.699551042770808,0.6411182206367922,0.47588253389516216,0.6018183121090549,0.5236885992058948,0.4932668815918529,0.5921392484071603,0.5327114822096531,0.602873098908046,0.5306317477977297,0.6216144845565877,0.5156825232458192,0.6289040802124987,0.5849497595719234,0.629577529010484,0.4974558833695922,0.5520598030128422,0.6072965687118896,0.0,0.578865684065602,0.658599874132456,0.5688687272776038,0.4183597430724671,0.5720092290116151,0.6358367668963665,0.6447269588949854,0.47956411986421643,0.5537527332295159
NEE,0.653939829440203,0.6250604874431236,0.6771169457973818,0.7013918672946651,0.6696218458196758,0.6635342560687776,0.5475772240191881,0.6532011854877131,0.5152473559342288,0.5770729013658419,0.6012473105021056,0.6711558940417606,0.655484322613478,0.7019134447989741,0.5747822066946378,0.6625463255792448,0.7004527622354898,0.6880067762407908,0.6995195334077985,0.6285054670374755,0.699285211319174,0.5732714233634473,0.6397957334163178,0.5959267178043061,0.5630750184243931,0.5725644653583886,0.6221712647753882,0.647524067529969,0.6114519759605973,0.5583803879897039,0.6884553311953651,0.6887538668061768,0.6500097336829009,0.6166413097503243,0.5497252612603826,0.5989607172569923,0.6350128845995001,0.578865684065602,0.0,0.6662591744111983,0.6760732384563576,0.5061687731496077,0.6077807905949393,0.5919151151569922,0.6422745455017652,0.6071286249369509,0.6104182503671824
LLY,0.6297967931253726,0.6133600944257724,0.6191220624721113,0.6024473763550308,0.5976063748353162,0.5995881352726555,0.5968301826912792,0.6003789528623917,0.7021314424528832,0.6836959665118715,0.6066864017310233,0.49323304633033804,0.6307839244517003,0.6785221199801824,0.6875301494614352,0.6546020470369502,0.5899178686344343,0.6554500449519776,0.6326073660003277,0.6804278176468543,0.6403212733363828,0.6549263848190627,0.47934056358450494,0.6256219166923273,0.6451684017150969,0.6955407401006687,0.6438432754490424,0.6420844752170082,0.6684335778633439,0.6102083010581848,0.6452976845102314,0.4537509117768809,0.6584141597625496,0.684037222836288,0.699776748433109,0.5156395357369289,0.6975191147401938,0.658599874132456,0.6662591744111983,0.0,0.4129191491367597,0.6173101267315954,0.6195622579076551,0.678061443976133,0.597810080796571,0.6235737970113046,0.6238718047978457
BMY,0.5939870320883447,0.6288681698157694,0.6398718828196294,0.5953477272232024,0.5086961019981955,0.508128094050367,0.5345917439801875,0.5249445386765753,0.6348488412897434,0.6470200361673192,0.6002047236290036,0.41308635604231175,0.5458576768902593,0.646929153402307,0.6224764702978567,0.706506721632525,0.6014734330272343,0.6020325792889557,0.6807901852841987,0.627703035966774,0.6232920798635522,0.5606355102031405,0.46053392641452057,0.5298029003936113,0.5612568711508252,0.6611499977357052,0.5601893428776877,0.5770940609530713,0.6767384525916363,0.539651720275906,0.6262981694492981,0.44936610517228637,0.5736418469709792,0.6000359790190749,0.6269634766879539,0.48386322940989596,0.671876966254798,0.5688687272776038,0.6760732384563576,0.4129191491367597,0.0,0.5725937468660779,0.5630453400073565,0.6314984043472001,0.5926994765486847,0.5507975675665701,0.607226719779751
LIN,0.6116860195484551,0.6175301738313912,0.6850388556088604,0.6258481608344377,0.5807707688269528,0.579350569754264,0.4662399266750467,0.44178937998371,0.5427644649486157,0.49974623832745657,0.5690183252887906,0.5709023555782277,0.4647705037085496,0.6957525800381561,0.47314385177803997,0.6895801710644598,0.678754266208875,0.645742053582227,0.7042019232081942,0.5696681288614,0.6050899134215335,0.5158240645964067,0.5531055036260462,0.5195538519363564,0.5288289263871647,0.5041974994101092,0.5055987910735311,0.5575433428687432,0.5839062199447965,0.5718714062699103,0.5679463596690006,0.5764079008394268,0.5353245684939459,0.6967919650118812,0.5660835636077722,0.49500033445006103,0.6276166079618853,0.4183597430724671,0.5061687731496077,0.6173101267315954,0.5725937468660779,0.0,0.4455655874309134,0.6533393534063177,0.6249348567586548,0.5287995541833518,0.5826851086082396
MDT,0.689044604105362,0.6919505390324256,0.6036016849555765,0.6715182059439647,0.639561297019212,0.6420468478150682,0.4837935885068949,0.4352450552576847,0.6810266069442703,0.3745756618652356,0.6609895001842229,0.6165095878722168,0.40718048951964175,0.5929472125015934,0.4797915630774631,0.5607851691634289,0.635828309622745,0.6472198269700765,0.5845243205868402,0.5249616425121402,0.5391078249166316,0.5034970031735273,0.6185384967425424,0.4522948622205856,0.6328767011562129,0.39646846858925255,0.41571231457614644,0.43817697620092333,0.7035714109833212,0.6936567784799755,0.703232285366313,0.5779568865419422,0.4376013621511336,0.5830805342041289,0.661729360917992,0.5804972414540754,0.595000945260962,0.5720092290116151,0.6077807905949393,0.6195622579076551,0.5630453400073565,0.4455655874309134,0.0,0.639855507796513,0.5772430675735613,0.664450399986968,0.6595740781857352
DHR,0.5500906797635625,0.5906933576500927,0.5534187341555468,0.5793904082482126,0.5948773507772377,0.5899580904652388,0.625334184537495,0.6777807561627607,0.48923113087464165,0.6050989564455453,0.5768219635896769,0.6049536924056574,0.7003993316381067,0.5387566855942857,0.6902218515174428,0.6312664807737379,0.5500443938888678,0.6805564341548732,0.616559790289941,0.6786164496857898,0.6734055798129875,0.6939185177623777,0.5591630213580475,0.6533143146043972,0.6400274286383537,0.617128938803055,0.627335256061548,0.6128165395938602,0.5945656118350952,0.44219606536377304,0.5978014526909722,0.7012053084877212,0.597480849137244,0.2954107968616824,0.6245742255318665,0.6557653174741398,0.5607846891692636,0.6358367668963665,0.5919151151569922,0.678061443976133,0.6314984043472001,0.6533393534063177,0.639855507796513,0.0,0.6478697914415394,0.510325870878718,0.5972369424798851
PM,0.7035874258723409,0.7007495922676263,0.6622980461184882,0.706246501784958,0.6530401126393941,0.6527650770813784,0.5361364541765457,0.5938522944773602,0.6618097251713697,0.5961861427294379,0.6808191627552,0.633184541526932,0.6179928689302704,0.6403509172368844,0.5529608786162092,0.7053244663280263,0.6812142988921999,0.5925654117042868,0.6949958333363043,0.5263649292890781,0.641746208858479,0.48842266314310406,0.5958053914914533,0.5491351522750826,0.5393144315924427,0.6070959347714647,0.5577716432816986,0.5026646120418656,0.6696357843553492,0.6539324139766476,0.6758329699705439,0.555142992942118,0.49604421674825094,0.6364493268868978,0.6243277977294616,0.5941290184332557,0.6865312461136855,0.6447269588949854,0.6422745455017652,0.597810080796571,0.5926994765486847,0.6249348567586548,0.5772430675735613,0.6478697914415394,0.0,0.6632816446843539,0.690873473624141
